cgpa,projects,workshops,certifications,internships,coPoints,extraPoints,rank,semester,dept,joined
6.27,3,8,2,1,20,15,39,7,ECE,1
8.75,1,1,6,2,96,28,3,2,CSE,1
7.28,6,5,4,3,91,18,225,3,MECH,1
9.78,2,0,2,1,45,90,290,3,ECE,1
9.82,0,0,8,3,80,39,497,5,CIVIL,1
9.69,3,6,0,3,18,89,142,5,IT,1
8.99,4,6,5,3,18,66,238,8,CIVIL,1
9.41,2,7,4,0,42,62,347,4,CIVIL,1
8.93,2,6,3,2,59,58,56,5,CSE,1
5.99,3,7,4,2,16,54,163,4,CSE,1
7.47,5,6,2,1,74,0,81,8,ECE,1
6.9,2,1,6,0,71,18,280,3,CSE,1
9.89,1,3,2,2,50,33,211,6,CIVIL,1
7.62,1,7,1,3,20,75,108,3,ECE,1
8.61,1,0,7,1,56,97,57,4,IT,1
8.01,1,2,3,0,64,69,299,2,CSE,1
7.26,6,1,4,0,4,36,476,7,ECE,1
6.03,5,7,2,3,81,30,255,7,MECH,1
7.87,6,10,8,2,55,95,320,3,MECH,1
7.0,2,8,3,2,71,49,488,2,IT,1
7.27,1,6,0,0,22,57,177,7,ECE,1
9.03,1,3,1,3,1,24,469,6,MECH,1
9.57,5,0,6,0,50,93,476,6,IT,1
7.56,4,6,3,0,32,3,60,1,CIVIL,1
7.98,6,0,5,0,95,33,165,7,ECE,1
6.04,6,6,0,2,77,58,117,2,ECE,1
9.03,3,8,8,3,35,41,202,7,CSE,1
6.39,4,0,4,3,19,37,24,6,MECH,1
7.1,3,8,8,1,88,64,435,4,CIVIL,1
9.11,2,0,8,0,14,100,138,3,MECH,1
7.2,0,10,7,3,88,36,370,8,ECE,1
7.56,5,7,5,3,22,76,206,5,CIVIL,1
9.81,6,8,0,1,19,47,20,3,ECE,1
7.84,4,10,0,1,80,8,473,7,CIVIL,1
7.05,6,7,7,0,58,48,218,4,ECE,1
6.37,1,9,0,3,76,30,297,2,IT,1
6.19,4,0,2,2,96,63,490,6,MECH,1
9.57,3,10,3,3,23,72,494,4,IT,1
6.17,4,3,4,1,2,75,479,6,IT,1
6.73,5,5,1,1,26,67,45,8,CIVIL,1
6.43,2,5,7,2,75,10,333,7,MECH,1
9.92,6,7,8,1,48,43,119,5,CSE,1
9.61,5,9,4,1,45,69,232,7,CSE,1
7.37,1,1,7,0,71,97,332,4,CIVIL,1
8.13,2,3,4,0,97,38,106,5,ECE,1
6.59,3,0,3,0,1,97,47,5,IT,1
9.96,2,10,1,3,50,66,87,3,CIVIL,1
8.06,6,3,6,3,78,84,138,8,IT,1
6.21,4,6,4,0,56,14,360,5,ECE,1
8.17,1,8,5,0,72,97,439,2,IT,1
9.58,6,2,8,0,63,82,288,2,CSE,1
5.75,6,2,5,1,66,43,269,4,CIVIL,1
6.55,2,9,3,3,42,54,229,7,IT,1
7.48,2,5,8,2,69,28,372,3,CSE,1
6.13,0,2,6,0,16,25,227,4,CSE,1
6.35,1,7,2,1,74,70,474,6,CSE,1
5.67,5,2,8,2,19,86,7,6,IT,1
6.06,1,6,0,2,67,22,413,3,CIVIL,1
7.62,1,2,2,3,85,1,451,8,CIVIL,1
9.17,4,3,2,0,63,16,451,2,ECE,1
8.47,5,3,5,1,85,39,74,3,MECH,1
9.95,3,5,1,1,30,76,390,8,CIVIL,1
8.03,3,9,1,2,56,18,480,6,ECE,1
6.15,4,1,6,1,22,74,36,7,MECH,1
9.01,4,3,4,3,47,15,33,8,ECE,1
9.3,6,6,8,3,73,36,343,8,MECH,1
6.17,5,3,4,0,52,35,483,5,ECE,1
7.27,1,7,5,3,100,62,404,8,IT,1
6.62,0,5,7,3,98,52,367,7,ECE,1
5.95,3,1,2,2,19,67,352,5,MECH,1
9.62,4,2,7,2,83,43,308,5,IT,1
9.25,2,3,0,0,30,33,242,1,MECH,1
5.67,0,5,4,3,38,78,425,8,MECH,1
8.43,0,10,0,1,51,71,385,2,IT,1
6.32,3,6,5,0,82,27,201,4,CIVIL,1
8.58,4,0,3,3,23,8,139,1,CSE,1
8.36,6,4,8,0,21,42,367,1,CSE,1
9.13,6,6,3,1,1,88,273,4,MECH,1
5.8,1,2,0,2,27,35,18,8,CSE,1
6.37,1,1,7,1,53,48,43,4,IT,1
9.38,2,0,0,3,23,99,438,1,CSE,1
5.79,6,3,8,3,48,73,350,8,CIVIL,1
7.92,6,0,4,3,61,42,101,3,MECH,1
6.9,3,1,2,3,28,98,76,3,CIVIL,1
8.75,1,8,2,1,48,73,464,6,CIVIL,1
6.06,0,7,2,0,95,32,266,2,IT,1
9.59,4,2,2,3,49,100,44,6,ECE,1
8.07,4,3,8,2,26,14,1,8,IT,1
7.46,1,10,5,0,13,98,146,2,MECH,1
6.76,5,0,7,2,11,43,485,4,IT,1
9.51,3,10,1,1,33,61,380,6,IT,1
9.22,0,1,2,1,25,67,6,5,MECH,1
6.8,3,8,7,2,43,25,453,4,ECE,1
7.22,2,1,0,2,88,14,129,6,MECH,1
5.98,2,0,1,0,37,16,4,2,CIVIL,1
9.59,5,4,0,0,13,45,258,6,CSE,1
6.62,2,10,0,0,3,73,191,5,CSE,1
5.76,1,7,6,2,76,8,219,1,MECH,1
9.17,6,1,3,2,69,69,72,8,IT,1
9.75,2,3,7,3,63,24,108,2,IT,1
9.66,2,2,0,1,13,43,458,8,MECH,1
7.49,5,6,3,3,16,96,230,3,ECE,1
7.4,4,6,3,1,23,48,188,3,MECH,1
6.79,1,2,2,1,98,28,306,4,CIVIL,1
8.95,0,2,7,2,46,26,273,7,CIVIL,1
6.34,1,3,1,2,63,67,337,8,IT,1
6.15,4,9,0,3,32,61,220,1,CSE,1
8.89,1,7,8,0,32,83,118,6,CIVIL,1
5.86,5,6,8,2,68,82,167,6,MECH,1
9.08,2,4,0,1,74,43,286,6,IT,1
7.69,4,0,2,3,19,79,64,7,MECH,1
9.15,1,10,5,1,93,42,226,2,CSE,1
7.34,6,9,0,1,51,17,470,2,ECE,1
6.17,3,7,5,2,38,81,69,1,ECE,1
8.24,3,10,8,2,76,97,102,7,CIVIL,1
7.51,3,0,6,2,23,23,214,4,IT,1
7.56,3,10,8,0,21,40,69,7,ECE,1
6.62,0,2,6,1,81,83,285,7,IT,1
9.78,6,7,0,0,95,57,27,4,MECH,1
6.76,1,4,4,0,5,8,261,1,MECH,1
9.58,0,0,6,2,32,62,372,4,MECH,1
6.54,2,6,6,0,28,53,359,7,MECH,1
5.87,5,10,5,1,59,42,478,4,CSE,1
7.19,5,5,6,1,62,52,167,2,CSE,1
5.5,2,4,4,1,47,43,416,8,ECE,1
6.05,6,6,4,0,13,57,322,2,MECH,1
9.37,0,10,4,3,10,65,328,5,MECH,1
9.88,0,9,5,2,14,67,141,1,CSE,1
9.24,1,8,3,2,25,92,498,1,CSE,1
9.37,6,0,7,0,40,60,409,6,MECH,1
6.44,0,0,7,0,19,87,434,2,CIVIL,1
8.73,4,3,3,1,1,62,485,6,CIVIL,1
6.09,6,3,4,2,40,70,360,5,CSE,1
7.59,5,0,2,0,13,6,175,8,MECH,1
6.72,3,1,7,1,17,28,214,2,IT,1
8.09,3,9,5,0,39,52,347,8,CIVIL,1
7.68,0,9,8,1,60,52,88,2,ECE,1
5.51,1,1,6,1,70,15,450,2,MECH,1
9.39,2,7,1,1,25,67,230,2,MECH,1
7.68,6,9,3,3,61,28,310,1,CSE,1
9.86,5,3,0,2,45,75,56,3,CIVIL,1
7.76,0,10,6,1,38,27,124,4,IT,1
6.62,2,10,7,3,52,90,139,4,ECE,1
9.85,4,4,0,0,37,20,95,8,CSE,1
7.42,5,7,1,2,34,40,303,7,MECH,1
7.6,5,4,0,0,85,51,350,4,CSE,1
6.45,0,9,3,0,8,40,151,8,IT,1
9.24,2,0,8,0,3,98,18,5,IT,1
9.04,6,0,7,0,90,22,170,3,CIVIL,1
5.64,6,7,7,0,53,56,124,7,CIVIL,1
9.35,1,10,4,3,76,4,489,1,ECE,1
7.33,4,6,8,0,20,0,84,6,IT,1
5.7,0,2,1,1,41,2,145,1,CSE,1
8.48,3,0,4,3,79,87,223,3,IT,1
6.62,5,2,2,1,65,93,147,5,ECE,1
7.77,1,4,5,0,99,53,99,3,IT,1
7.14,1,0,3,2,76,53,246,1,CSE,1
5.62,3,4,1,3,3,2,3,7,MECH,1
6.06,0,3,0,0,3,21,66,1,CIVIL,1
7.98,5,6,8,3,31,17,6,8,ECE,1
7.97,2,4,5,0,75,36,55,3,CIVIL,1
8.5,1,7,1,1,69,75,498,5,CSE,1
5.8,4,7,3,0,95,6,191,3,CSE,1
5.64,6,8,4,1,68,23,119,3,MECH,1
9.76,0,0,4,0,28,93,209,7,IT,1
8.1,4,5,4,2,44,41,329,3,CSE,1
7.26,6,3,7,3,23,53,186,8,CIVIL,1
8.6,4,4,2,0,40,8,433,8,MECH,1
7.92,0,2,3,2,56,19,341,4,MECH,1
7.28,3,8,6,1,20,47,323,1,CIVIL,1
7.96,1,0,3,0,57,41,138,4,CSE,1
7.24,5,1,8,2,31,45,237,3,MECH,1
8.71,4,6,3,0,32,45,3,1,CSE,1
8.7,6,0,8,0,0,85,194,2,CSE,1
8.46,0,6,5,3,54,28,107,5,IT,1
8.07,1,1,7,0,53,30,63,5,CIVIL,1
6.13,1,0,7,0,17,70,390,7,ECE,1
8.8,2,9,4,1,84,34,352,1,CIVIL,1
8.74,1,10,0,0,79,69,403,5,CSE,1
7.3,4,3,8,2,41,1,218,7,MECH,1
7.06,1,5,2,2,100,9,277,7,CIVIL,1
7.26,5,9,1,3,95,4,288,3,CIVIL,1
8.12,5,3,2,0,42,65,391,2,MECH,1
9.57,6,8,3,3,6,89,161,8,CIVIL,1
7.78,3,8,6,0,39,17,432,1,IT,1
9.97,0,8,3,1,29,85,24,3,CSE,1
7.78,0,8,1,2,81,16,219,5,IT,1
7.25,2,6,7,0,13,3,63,7,ECE,1
6.02,5,4,7,0,42,49,380,1,IT,1
6.75,0,0,4,1,78,95,396,2,ECE,1
9.21,5,5,8,2,74,16,417,2,IT,1
6.46,6,1,0,0,9,9,491,2,CIVIL,1
6.85,4,8,2,1,100,11,254,6,CIVIL,1
6.01,1,1,3,3,32,81,349,2,ECE,1
7.97,1,10,1,2,77,22,386,8,IT,1
9.21,1,3,5,1,21,78,490,8,IT,1
8.8,1,3,3,1,75,46,23,7,CSE,1
8.35,2,6,8,0,65,54,237,8,CSE,1
6.24,0,8,5,0,48,11,212,2,CIVIL,1
6.5,2,2,8,3,8,60,223,1,MECH,1
8.2,1,0,1,2,95,25,448,1,CIVIL,0
7.19,0,6,6,3,97,70,274,6,CIVIL,1
7.13,3,7,4,0,22,34,290,1,IT,1
9.52,0,2,5,1,91,2,397,1,IT,1
9.19,2,7,4,1,93,90,113,1,ECE,1
7.43,5,0,7,1,46,19,446,3,MECH,1
7.91,4,5,2,0,40,40,157,6,ECE,1
6.68,2,2,7,0,44,82,316,7,CSE,1
7.66,2,4,4,1,72,1,200,6,MECH,1
7.57,3,6,5,0,74,21,414,8,MECH,1
7.12,0,2,5,1,91,53,377,7,CSE,1
6.93,0,2,7,0,26,71,207,5,MECH,1
9.4,3,7,1,1,37,43,73,6,ECE,1
9.54,5,5,4,3,41,98,20,6,ECE,1
6.52,6,2,6,2,79,56,166,5,CIVIL,1
9.64,4,4,5,1,24,52,150,4,CIVIL,1
7.79,2,4,1,2,19,42,216,3,MECH,1
5.58,2,1,4,3,85,37,354,8,CIVIL,1
7.15,5,4,7,1,77,1,328,6,IT,1
5.59,4,4,4,2,56,36,227,8,CSE,1
5.76,5,0,0,2,77,15,213,1,MECH,1
9.69,3,10,4,0,46,47,290,3,MECH,1
8.72,4,7,1,2,60,93,402,1,CIVIL,1
6.57,5,4,1,2,49,87,456,3,MECH,1
9.92,5,9,2,3,17,67,382,7,CIVIL,1
9.25,3,0,8,1,90,55,28,1,CSE,1
9.29,1,5,0,1,87,99,65,4,ECE,1
5.94,6,6,6,2,22,57,20,4,CSE,1
6.69,0,4,3,2,74,18,116,1,CSE,1
9.77,3,7,5,3,11,96,93,1,CSE,1
7.59,2,6,1,2,30,14,303,5,ECE,1
6.0,4,7,2,2,61,31,59,6,IT,1
6.16,4,2,5,1,41,40,49,5,MECH,1
5.63,1,9,1,3,16,38,7,1,MECH,1
8.55,2,4,5,1,20,79,30,2,CSE,1
9.76,0,6,6,1,73,20,59,1,IT,1
6.35,5,10,1,1,13,79,146,3,CIVIL,1
7.6,3,0,0,1,60,88,379,8,MECH,1
6.74,0,2,5,3,84,97,136,4,MECH,1
8.0,3,0,7,2,41,41,488,1,ECE,1
9.92,4,4,7,1,11,70,496,6,IT,1
6.04,5,4,3,2,67,86,243,3,MECH,1
6.9,1,2,4,1,97,12,447,2,IT,1
6.25,4,0,3,2,78,56,229,8,MECH,1
6.6,3,2,5,2,91,18,209,8,MECH,1
9.23,6,6,5,3,64,71,328,5,CSE,1
7.8,5,1,1,0,90,84,317,4,MECH,1
9.81,4,5,2,0,18,35,410,2,CIVIL,1
5.92,5,10,5,0,75,37,477,3,IT,1
6.04,1,8,4,3,82,0,265,5,IT,1
7.36,4,2,7,0,57,58,407,8,CSE,1
7.79,0,6,6,1,58,50,131,8,MECH,1
5.69,3,5,8,2,38,1,192,1,CSE,1
6.18,4,7,1,0,51,55,213,8,CSE,1
6.19,5,3,2,3,13,62,102,1,MECH,1
6.01,2,6,0,1,3,71,105,7,ECE,1
5.98,5,5,2,1,53,3,387,7,IT,1
6.59,1,0,4,2,82,76,16,2,CSE,1
6.41,5,3,8,0,81,55,375,3,CIVIL,1
9.6,6,6,4,0,80,52,362,8,MECH,1
7.8,5,1,5,0,4,67,295,3,ECE,1
9.83,4,4,4,0,13,88,59,4,CIVIL,1
6.59,0,7,6,0,36,45,264,7,IT,1
7.48,4,9,8,3,93,10,429,6,IT,1
9.92,5,10,3,0,36,16,381,2,ECE,1
6.03,5,4,7,2,48,13,95,7,ECE,1
7.81,3,1,4,0,85,0,7,4,MECH,1
8.89,5,5,0,0,94,5,474,8,CIVIL,1
9.14,6,0,2,2,12,65,290,3,MECH,1
8.45,2,1,7,3,45,7,283,1,MECH,1
8.37,2,9,6,1,14,9,385,3,CSE,1
7.55,5,2,4,3,50,96,171,5,CIVIL,1
6.05,2,2,2,3,59,4,434,7,MECH,1
9.03,4,2,7,2,40,82,349,8,ECE,1
7.97,2,5,1,3,3,52,176,2,CIVIL,1
9.54,0,8,8,3,44,48,162,4,MECH,1
9.21,6,5,6,3,57,75,93,8,CIVIL,1
9.44,4,0,7,0,81,16,1,1,CIVIL,1
6.48,2,8,3,3,49,86,144,5,IT,1
8.69,0,1,1,3,75,91,425,2,CIVIL,1
6.26,6,0,4,2,40,54,497,2,ECE,1
8.75,3,1,3,3,95,35,334,7,CSE,1
5.79,3,3,6,1,82,63,143,4,CIVIL,1
7.89,0,1,0,0,68,10,19,7,ECE,1
8.84,1,6,1,2,84,59,318,5,IT,1
6.11,0,2,8,3,41,70,491,7,CSE,1
8.72,5,8,4,1,94,39,125,5,CSE,1
5.78,3,7,7,2,76,16,301,1,MECH,1
9.91,1,6,5,3,75,34,229,2,IT,1
9.97,6,7,6,2,66,14,53,4,CIVIL,1
5.53,1,9,6,2,24,100,122,6,ECE,1
8.83,5,6,8,1,85,36,453,5,MECH,1
8.03,1,0,5,0,75,12,116,2,ECE,1
5.72,6,5,1,2,16,29,339,2,MECH,1
8.46,6,9,3,0,83,69,220,4,ECE,1
9.51,3,8,6,1,84,42,90,7,CIVIL,1
9.39,2,4,4,0,3,2,229,1,CSE,1
8.4,1,7,1,0,30,89,463,5,CSE,1
9.89,3,1,2,1,18,47,4,6,IT,1
9.08,1,5,8,2,18,60,210,6,CSE,1
9.4,4,1,3,2,8,27,259,1,IT,1
6.92,1,10,6,1,67,7,366,8,MECH,1
9.74,1,6,3,2,90,72,424,7,ECE,1
9.65,0,4,0,1,51,65,139,8,CSE,1
7.02,6,6,7,0,29,35,211,5,MECH,1
8.64,1,1,6,3,81,92,47,7,CSE,1
7.58,1,2,3,2,33,49,265,3,ECE,1
9.04,4,3,0,3,12,89,68,7,ECE,1
9.2,5,1,0,0,85,11,223,5,CIVIL,1
6.07,0,1,4,3,62,85,215,7,CSE,1
9.04,0,8,3,0,57,77,343,8,MECH,1
8.21,6,4,8,0,69,4,238,2,CSE,1
7.67,4,3,0,1,88,80,240,7,IT,1
9.4,0,10,3,3,38,65,73,8,ECE,1
9.39,6,5,8,0,63,54,481,4,CSE,1
9.56,5,4,2,1,81,68,252,1,MECH,1
9.34,6,10,1,0,53,27,479,3,IT,1
9.5,6,5,5,1,28,91,26,6,ECE,1
7.12,2,9,6,0,35,77,30,8,CSE,1
6.98,4,7,7,3,10,22,319,8,CIVIL,1
9.55,4,9,0,1,3,86,421,7,MECH,1
6.83,1,6,7,0,65,52,207,2,ECE,1
8.98,1,4,2,2,63,49,137,2,IT,1
9.99,4,3,1,2,45,1,316,5,ECE,1
6.46,4,8,6,1,15,25,383,6,MECH,1
8.25,2,3,2,0,55,61,301,6,ECE,1
6.29,5,5,6,1,31,86,376,5,MECH,1
9.73,2,5,5,2,78,3,352,8,MECH,1
8.24,5,5,6,2,62,65,225,6,CSE,1
8.85,6,2,6,1,86,93,24,4,ECE,1
6.21,5,7,2,2,11,48,474,6,CIVIL,1
6.67,1,4,0,0,26,27,188,3,IT,1
5.94,6,7,1,1,66,16,190,2,IT,1
6.53,5,8,0,0,68,62,118,5,MECH,1
7.89,4,6,2,3,67,79,49,5,IT,1
7.05,1,1,3,1,56,67,83,8,CIVIL,1
8.38,3,6,4,2,20,70,350,8,IT,1
6.27,3,8,7,2,57,6,168,2,CSE,1
7.87,2,10,1,2,36,87,29,1,IT,1
6.88,5,7,5,0,35,29,385,1,MECH,1
8.2,0,9,7,2,1,86,442,3,CSE,1
6.91,0,10,7,3,86,99,198,6,CIVIL,1
9.61,5,9,6,0,33,16,57,4,CSE,1
7.54,6,8,7,1,26,15,396,5,CIVIL,1
7.68,2,1,2,0,7,83,385,4,MECH,1
8.77,4,9,4,2,68,27,117,3,IT,1
6.79,1,7,2,1,46,72,139,2,CSE,1
8.01,4,8,1,1,36,89,249,8,MECH,1
7.43,0,5,4,0,2,84,310,1,IT,1
6.62,2,4,8,1,73,3,378,2,MECH,1
7.09,2,0,3,1,64,58,455,5,CIVIL,1
5.93,4,4,3,1,27,53,105,1,MECH,1
7.63,1,3,0,1,97,76,329,1,IT,1
8.86,4,10,4,2,55,42,306,2,IT,1
7.21,0,9,1,3,26,13,163,3,IT,1
6.04,5,3,4,0,73,71,277,5,MECH,1
9.79,2,5,5,3,9,68,100,7,CSE,1
8.17,0,4,7,0,23,25,44,7,ECE,1
6.38,6,10,2,0,83,11,411,5,IT,1
8.66,5,5,1,1,64,95,68,5,CIVIL,1
9.12,4,5,1,3,36,37,329,8,MECH,1
6.67,3,9,4,0,52,69,153,5,MECH,1
7.92,0,4,7,1,18,92,184,4,CIVIL,1
9.36,1,0,3,2,43,19,192,7,IT,1
5.7,0,5,7,1,57,100,183,6,CSE,1
5.52,4,9,8,2,1,81,12,1,MECH,1
9.7,5,4,7,0,73,48,492,3,MECH,1
6.9,4,6,0,2,21,35,199,3,IT,1
7.98,2,1,1,1,89,33,147,5,CIVIL,1
8.12,5,0,5,1,75,88,467,5,IT,1
7.81,2,7,5,0,95,67,175,5,IT,1
8.82,5,0,2,2,70,91,435,6,MECH,1
6.29,0,2,3,1,50,93,16,8,CSE,1
5.6,0,4,3,3,49,94,236,5,CSE,1
8.79,1,7,4,1,87,20,244,6,MECH,1
8.67,5,8,1,0,38,94,286,1,IT,1
5.79,6,8,3,2,17,3,181,8,IT,1
9.8,0,3,1,3,58,15,452,6,IT,1
9.72,5,3,0,0,97,61,376,1,ECE,1
8.71,0,2,0,3,42,35,219,6,MECH,1
9.52,3,2,7,1,27,24,314,5,IT,1
9.88,2,0,5,1,81,81,134,1,CIVIL,1
8.62,2,6,3,2,9,9,294,5,CSE,1
6.66,2,1,1,3,4,49,218,3,ECE,1
9.08,2,5,1,0,26,85,206,7,MECH,1
9.37,5,2,7,2,33,8,266,6,ECE,1
8.18,4,5,5,2,55,20,371,6,CSE,1
7.34,6,4,6,0,32,61,304,7,IT,1
9.19,2,0,5,0,94,12,85,7,CIVIL,1
5.83,2,10,5,2,4,27,376,1,IT,1
6.03,3,4,0,1,5,93,139,5,ECE,1
9.92,3,5,0,2,20,77,480,7,CIVIL,1
6.73,3,10,3,0,14,10,355,3,CSE,1
6.85,4,5,6,2,31,36,327,4,CIVIL,1
6.49,0,4,7,3,83,98,292,3,IT,1
8.98,3,10,3,0,78,36,249,7,ECE,1
6.93,1,3,0,3,78,37,391,8,IT,1
9.43,4,9,3,2,59,61,43,4,CIVIL,1
5.81,3,7,5,1,35,94,387,7,ECE,1
8.27,1,6,4,0,56,60,227,4,ECE,1
7.35,3,1,2,0,49,87,499,4,IT,1
8.15,5,8,8,2,67,97,405,3,ECE,1
5.63,4,2,6,1,57,83,62,5,CIVIL,1
7.1,4,6,1,2,39,91,44,2,ECE,1
8.24,0,10,4,0,94,95,436,2,MECH,1
6.82,3,2,3,2,57,23,59,3,CSE,1
8.59,6,7,4,2,59,4,32,6,IT,1
7.78,2,5,4,3,35,1,244,5,MECH,1
8.4,6,6,6,1,79,91,263,3,ECE,1
8.51,0,2,1,1,59,16,464,4,IT,1
6.36,4,8,3,3,95,16,135,1,CSE,1
9.39,0,3,2,0,5,1,221,2,ECE,1
9.08,5,5,5,2,86,7,323,1,CSE,1
8.38,5,0,7,0,50,59,136,8,MECH,1
9.53,2,1,0,2,95,78,156,4,ECE,1
9.95,0,6,5,1,42,6,257,4,MECH,1
9.06,2,1,5,3,77,19,276,5,IT,1
7.19,1,9,4,2,8,92,244,8,CSE,1
9.75,5,1,2,2,7,57,53,2,MECH,1
5.77,1,2,0,1,26,69,383,8,ECE,1
6.1,1,6,1,1,22,55,206,7,CSE,1
6.47,4,0,6,0,21,23,243,8,MECH,1
8.06,2,5,4,3,90,73,173,2,MECH,1
6.34,4,3,5,2,29,32,192,3,ECE,1
6.28,3,2,5,0,26,68,498,3,CSE,1
5.63,2,0,5,2,86,81,241,4,CSE,1
7.66,2,8,7,2,17,45,171,7,MECH,1
8.85,6,1,4,1,89,68,488,8,IT,1
9.47,5,6,4,3,89,28,25,1,MECH,1
5.56,3,7,7,1,13,84,266,4,IT,1
9.82,5,6,0,1,79,94,48,4,ECE,1
6.02,6,1,5,3,83,63,455,3,IT,1
7.48,4,7,7,2,18,67,68,3,ECE,1
8.17,1,3,8,3,86,96,294,8,MECH,1
9.89,0,9,5,0,28,40,62,1,CIVIL,1
8.57,0,6,0,1,87,66,456,1,CSE,1
6.73,3,2,6,1,92,74,167,3,ECE,1
9.97,3,4,3,3,80,60,334,5,IT,1
8.79,2,6,4,3,60,60,318,3,ECE,1
7.29,3,2,6,2,3,64,211,1,CSE,1
7.69,2,4,4,2,9,78,170,4,ECE,1
7.32,1,6,0,3,60,67,406,8,CSE,1
8.39,1,3,5,1,17,44,230,6,IT,1
5.82,2,6,3,3,16,2,428,6,MECH,1
9.27,6,6,8,1,13,58,419,8,CSE,1
9.4,0,0,1,2,23,97,4,6,CSE,1
7.7,2,4,3,3,12,61,192,1,CSE,1
7.97,4,2,2,3,52,47,400,7,CSE,1
5.86,6,9,1,0,88,71,401,5,CSE,1
6.91,5,4,2,2,63,86,477,6,MECH,1
5.66,6,9,1,2,10,1,217,8,CIVIL,1
5.99,2,7,7,2,51,19,75,2,MECH,1
9.91,5,5,1,1,12,68,254,4,ECE,1
7.32,0,6,2,1,39,83,272,3,MECH,1
9.37,2,8,6,0,94,53,458,7,CIVIL,1
7.74,4,0,3,2,34,36,162,8,CIVIL,1
7.36,1,5,0,3,71,18,15,7,CIVIL,1
8.29,5,9,6,3,97,46,392,1,CIVIL,1
6.95,6,1,4,0,24,9,28,3,ECE,1
6.42,2,6,5,1,24,17,116,5,CIVIL,1
5.88,1,7,6,0,56,11,143,7,ECE,1
5.78,3,3,0,3,72,17,499,8,IT,1
6.82,0,0,6,3,16,0,117,4,MECH,1
8.56,3,3,1,3,68,2,294,6,ECE,1
7.57,6,0,7,0,36,53,489,1,IT,1
7.77,2,6,1,2,87,70,84,6,CIVIL,1
9.83,0,8,5,3,39,84,112,2,IT,1
6.08,0,6,6,3,37,79,470,7,ECE,1
8.03,1,8,2,1,13,32,467,5,CSE,1
7.82,2,4,8,1,18,82,409,1,IT,1
6.33,5,10,6,3,21,45,483,1,ECE,1
7.98,2,5,1,1,68,29,20,2,IT,1
8.06,2,0,7,2,5,21,45,1,CSE,1
8.4,0,5,6,3,32,40,74,8,CIVIL,1
6.89,2,7,3,1,11,72,19,1,ECE,1
5.64,1,10,1,2,32,70,371,5,CSE,1
7.02,2,6,6,0,7,28,432,4,MECH,1
5.51,3,0,3,0,1,48,37,2,ECE,1
9.65,1,5,7,3,51,92,12,3,CSE,1
9.3,6,8,8,3,48,19,454,7,CIVIL,1
7.76,0,1,4,0,14,38,442,2,CIVIL,1
9.71,1,5,4,0,29,76,233,5,IT,1
7.69,1,1,5,0,80,28,309,6,MECH,0
7.0,0,9,1,2,81,92,389,7,CIVIL,1
9.44,5,3,8,0,84,8,202,6,MECH,1
7.53,5,9,7,2,62,3,352,2,CIVIL,1
5.65,6,3,0,3,2,64,259,4,CSE,1
8.99,2,6,8,1,24,8,103,8,IT,1
6.27,2,0,5,3,8,28,331,8,IT,1
7.91,2,9,0,1,10,95,472,6,IT,1
9.07,3,3,1,2,65,89,483,8,MECH,1
9.5,2,8,5,0,99,43,368,8,MECH,1
7.1,1,3,7,0,6,45,476,1,IT,1
6.41,3,0,8,3,85,40,330,8,MECH,1
5.58,4,9,4,0,60,41,179,2,ECE,1
8.22,3,2,7,3,97,14,142,7,CSE,1
8.17,0,9,7,1,69,96,232,6,MECH,1
7.25,6,0,2,2,41,19,191,2,ECE,1
8.1,0,1,4,3,91,49,43,8,CIVIL,1
5.52,3,3,0,2,92,94,68,2,CSE,0
8.92,0,8,4,2,37,8,447,2,CIVIL,1
9.88,2,4,6,2,15,69,152,5,CSE,1
9.35,6,7,7,0,97,77,123,1,MECH,1
7.74,4,9,5,3,41,2,274,3,IT,1
9.23,0,6,1,2,100,72,213,7,ECE,1
5.61,5,1,3,3,65,0,245,7,IT,1
6.97,1,4,4,3,33,9,293,5,MECH,1
8.98,4,10,6,1,33,97,183,8,CSE,1
8.83,0,8,4,1,59,79,490,4,CSE,1
9.34,2,2,3,0,6,45,200,6,MECH,1
9.22,5,3,0,2,9,17,134,8,IT,1
6.58,2,6,7,1,42,32,173,6,IT,1
6.35,1,3,0,0,71,33,277,6,IT,1
6.68,3,4,6,1,46,68,86,8,CIVIL,1
9.06,5,2,1,1,1,6,303,6,IT,1
7.0,1,9,4,0,83,0,294,1,CIVIL,1
7.09,5,7,4,1,12,67,97,1,IT,1
9.76,3,1,4,0,89,93,216,8,ECE,1
6.36,0,9,8,3,33,72,157,3,CSE,1
7.19,2,7,7,3,16,33,255,7,CSE,1
6.7,3,7,0,1,41,55,68,5,CSE,1
7.07,4,0,4,1,41,8,86,1,IT,1
9.62,4,10,3,0,40,40,131,2,CSE,1
5.75,4,8,2,2,30,91,403,2,ECE,1
8.06,6,6,5,1,72,43,169,5,IT,1
8.92,1,10,2,2,62,16,34,7,ECE,1
9.63,1,7,1,2,54,94,47,4,ECE,1
9.35,0,3,7,3,61,28,336,8,ECE,1
7.4,2,6,4,0,36,97,78,7,ECE,1
9.14,6,3,5,3,61,32,368,3,CIVIL,1
7.33,2,4,0,2,75,52,35,5,ECE,1
6.01,4,0,2,3,24,43,259,6,MECH,1
6.88,4,5,6,3,41,37,238,1,MECH,1
5.74,0,9,5,3,55,9,390,1,CIVIL,1
9.74,1,2,0,3,95,55,383,8,CSE,1
6.26,0,2,6,3,7,66,337,5,ECE,1
6.33,2,7,0,0,81,67,282,3,CIVIL,1
5.98,0,3,4,3,51,90,19,3,CSE,1
6.85,5,4,6,0,52,3,188,5,ECE,1
8.96,5,1,7,0,2,91,410,7,ECE,1
8.21,3,4,1,3,63,79,441,6,ECE,1
6.42,4,4,6,1,72,7,370,8,IT,1
6.1,6,9,2,2,49,65,332,4,CIVIL,1
9.03,2,6,7,1,28,34,160,4,MECH,1
9.29,6,3,2,0,91,45,45,6,ECE,1
6.88,6,10,8,0,85,66,34,7,CSE,1
8.94,5,2,5,2,2,41,175,1,MECH,1
9.73,1,5,4,3,82,31,278,1,CSE,1
9.47,1,10,8,3,3,65,438,4,CSE,1
7.8,1,6,5,0,44,54,241,6,CIVIL,1
9.16,3,8,2,0,22,28,240,3,IT,1
6.84,0,3,2,3,34,7,193,7,IT,1
5.74,6,5,0,3,24,72,125,4,CSE,1
7.53,3,9,7,3,74,76,16,4,IT,1
7.45,4,4,5,0,23,28,380,7,ECE,1
9.13,1,10,3,3,21,79,277,1,MECH,1
8.64,4,9,5,0,80,53,189,7,ECE,1
7.06,4,7,2,0,60,5,342,4,ECE,1
8.41,0,5,1,2,32,51,473,3,CIVIL,1
7.14,5,1,7,3,28,80,86,8,CIVIL,1
9.55,0,3,4,1,53,67,230,5,ECE,1
9.61,1,5,4,2,58,56,185,5,IT,1
8.62,3,1,6,2,74,89,335,7,MECH,1
7.91,4,2,4,2,18,36,48,4,IT,1
8.92,3,5,2,3,71,66,476,7,ECE,1
8.87,4,1,5,1,3,10,312,3,MECH,1
8.8,0,7,4,0,3,47,435,1,IT,1
5.53,5,2,8,2,38,40,71,6,ECE,1
7.11,2,9,4,3,50,54,11,2,IT,1
8.66,2,0,4,2,85,3,262,3,IT,1
8.87,1,4,5,1,98,54,224,1,CIVIL,1
9.04,2,9,4,0,100,87,253,2,ECE,1
7.73,0,6,2,2,72,78,44,4,IT,1
8.71,0,2,1,1,80,26,105,6,CSE,1
6.62,2,10,7,3,82,0,435,6,CSE,1
8.88,3,1,2,1,8,65,403,5,CSE,1
9.28,6,2,2,2,72,73,486,6,CIVIL,1
7.87,3,8,6,2,41,84,485,2,ECE,1
5.69,2,4,5,2,57,30,309,1,CIVIL,1
5.68,1,5,6,0,83,10,117,5,IT,1
8.58,1,8,4,0,100,68,370,4,ECE,1
8.82,4,3,7,2,50,77,325,4,MECH,1
8.74,2,2,5,2,33,96,403,4,CSE,1
9.95,5,7,6,2,15,3,379,7,CSE,1
6.76,4,5,7,3,88,73,49,1,IT,1
6.3,0,9,1,2,67,37,208,2,CIVIL,1
6.97,0,2,2,3,48,19,360,2,IT,1
9.03,5,7,3,1,27,94,313,1,CIVIL,1
6.55,3,7,6,2,15,76,188,7,IT,1
7.23,4,7,6,0,64,5,359,3,CIVIL,1
6.25,5,5,3,3,33,20,177,6,CSE,1
5.64,3,9,6,1,32,55,373,5,ECE,1
7.44,4,0,5,3,40,22,358,4,CIVIL,1
9.45,2,4,3,1,40,49,53,8,IT,1
5.82,0,4,7,1,10,31,124,6,ECE,1
9.16,2,9,4,2,16,35,85,2,CSE,1
5.79,2,5,8,0,44,78,447,6,CSE,1
6.83,2,7,8,3,89,45,442,4,ECE,1
6.99,0,5,4,2,98,71,337,7,ECE,1
5.53,0,5,5,1,8,4,255,2,ECE,1
8.34,5,4,2,1,84,90,460,4,MECH,1
9.6,3,1,0,0,20,39,437,1,CIVIL,1
7.06,2,9,3,0,79,22,472,5,IT,1
8.44,4,7,4,3,53,78,260,4,ECE,1
9.24,0,10,6,2,44,14,291,5,MECH,1
6.23,1,3,3,3,9,79,115,8,MECH,1
5.86,1,3,3,1,91,4,124,5,CIVIL,1
8.53,1,6,1,3,2,88,421,1,ECE,1
9.14,5,5,6,2,82,33,215,6,IT,1
8.35,1,7,6,2,53,93,230,1,CSE,1
7.75,5,2,2,1,31,53,2,4,CIVIL,1
8.47,4,10,6,0,72,27,208,6,ECE,1
6.93,6,6,4,2,27,35,306,1,IT,1
9.53,4,7,6,3,11,52,291,3,ECE,1
6.11,0,10,4,3,46,90,83,4,IT,1
7.01,3,0,3,1,98,67,171,1,ECE,1
7.43,3,2,6,3,69,74,215,5,CIVIL,1
9.31,2,9,6,0,37,30,96,8,ECE,1
8.35,5,6,0,1,65,71,112,7,MECH,1
7.63,0,7,4,3,14,90,165,6,IT,1
5.67,4,9,8,0,56,64,83,1,CIVIL,1
8.24,5,10,4,2,35,13,376,1,IT,1
9.72,0,1,7,0,88,86,114,4,ECE,1
8.57,1,6,4,2,30,34,33,4,CIVIL,1
8.91,4,0,3,3,26,43,417,5,CSE,1
8.48,3,3,8,3,96,52,313,2,ECE,1
5.88,6,10,1,3,33,91,480,5,CSE,1
8.86,3,0,8,2,63,27,352,3,CSE,1
5.7,0,7,5,1,42,33,386,6,CIVIL,1
8.13,4,9,3,0,68,70,317,2,CSE,1
7.73,0,9,1,0,37,95,331,2,CIVIL,1
8.86,4,7,2,1,32,39,332,7,MECH,1
9.75,0,3,6,2,82,6,415,3,IT,1
6.03,5,5,7,1,11,68,382,2,IT,1
9.79,3,3,7,1,66,73,254,2,MECH,1
6.41,0,7,2,2,72,79,444,8,ECE,1
5.94,6,10,0,1,80,92,384,8,IT,1
6.4,4,5,8,0,26,78,337,6,ECE,1
6.83,4,4,6,0,51,22,88,5,ECE,1
8.98,0,6,6,1,25,26,487,1,CIVIL,1
8.48,1,0,0,2,67,66,29,4,CSE,1
5.67,5,5,6,0,17,50,353,7,CIVIL,1
9.36,2,1,8,1,10,53,452,4,IT,1
6.19,1,5,0,2,39,49,49,4,CSE,1
7.5,6,5,7,0,99,66,377,3,CSE,1
7.79,1,4,7,0,18,96,1,4,CIVIL,1
8.38,0,2,1,2,46,44,364,6,IT,1
8.1,5,5,0,1,39,29,479,1,IT,1
6.85,4,10,2,0,78,84,210,4,CSE,1
7.6,3,0,8,3,4,82,190,6,MECH,1
8.46,5,0,5,3,73,0,479,6,ECE,1
9.77,0,9,8,3,34,36,225,4,MECH,1
7.37,4,3,5,2,75,21,330,3,ECE,1
8.21,6,3,1,1,71,42,16,7,MECH,1
9.06,1,0,7,1,40,19,251,6,IT,1
8.94,6,3,7,2,55,91,252,7,CSE,1
5.99,4,1,2,0,5,52,449,3,ECE,1
6.99,4,2,8,1,63,97,122,4,CIVIL,1
7.54,0,2,2,1,38,45,247,2,ECE,1
8.79,6,8,2,1,31,45,265,3,ECE,1
9.83,6,8,4,3,27,54,277,8,ECE,1
9.25,2,10,1,3,13,37,125,6,MECH,1
6.76,2,1,5,0,57,15,336,7,CSE,1
6.96,2,3,6,0,0,96,471,7,IT,1
5.77,6,2,0,0,73,70,486,3,MECH,1
8.82,1,1,0,2,29,99,263,1,CIVIL,1
9.92,3,5,5,3,54,28,316,3,MECH,1
6.54,1,5,1,3,80,78,295,7,IT,1
6.51,5,1,4,0,28,39,472,3,MECH,1
7.22,5,2,6,0,91,21,353,6,CSE,1
8.19,0,1,5,0,38,60,456,6,ECE,1
6.53,1,9,0,2,28,51,139,1,CSE,1
9.3,2,7,0,3,41,22,131,1,ECE,1
8.35,6,4,6,2,23,62,148,1,ECE,1
7.81,4,1,6,2,60,79,78,8,MECH,1
5.84,6,0,7,0,32,81,12,7,MECH,1
9.38,0,1,7,0,98,56,91,2,IT,1
9.37,3,4,7,3,18,29,360,5,MECH,1
7.73,1,2,6,3,29,50,97,3,IT,1
7.88,0,9,0,3,25,76,225,6,CIVIL,1
6.23,6,8,1,0,3,95,371,2,MECH,1
6.9,2,10,4,2,37,58,335,2,IT,1
9.87,0,10,2,0,81,95,479,5,CSE,1
8.41,5,10,5,1,71,35,258,8,CSE,1
6.23,6,0,7,0,79,28,207,5,CIVIL,1
9.15,0,9,6,2,76,20,480,8,CIVIL,1
7.67,4,1,0,1,91,96,447,4,CIVIL,1
8.69,3,7,1,0,70,7,152,8,CIVIL,1
7.14,4,8,5,1,26,74,470,5,CIVIL,1
6.72,1,10,4,1,67,39,125,5,IT,1
7.85,1,0,3,1,17,82,201,5,CIVIL,1
9.16,6,5,8,2,96,55,243,8,CIVIL,1
9.82,2,3,0,1,58,50,330,3,IT,1
9.07,6,5,6,3,15,1,54,5,MECH,1
7.69,1,4,0,2,7,79,364,3,CIVIL,1
8.01,2,9,0,2,94,82,299,8,ECE,1
9.11,4,7,0,2,88,5,318,6,ECE,1
5.62,4,0,0,1,68,100,198,5,ECE,1
7.2,6,1,1,1,29,25,193,3,CSE,1
6.68,3,8,2,2,75,15,217,3,ECE,1
8.6,1,6,5,2,94,27,62,3,IT,1
6.23,0,3,2,0,66,45,46,3,CIVIL,1
8.59,6,4,0,2,23,47,86,4,CIVIL,1
6.58,2,0,8,0,93,8,499,7,MECH,1
9.68,1,8,7,1,91,32,482,4,ECE,1
6.44,6,8,0,2,5,32,102,2,CSE,1
8.34,5,9,6,2,55,95,287,8,IT,1
7.75,2,0,2,1,94,31,276,7,MECH,1
6.62,3,0,8,1,34,29,201,6,CIVIL,1
5.82,0,8,0,2,8,77,119,8,ECE,1
9.29,5,8,5,0,44,71,379,7,CIVIL,1
9.02,5,4,3,1,18,60,120,5,CIVIL,1
6.45,6,6,6,1,94,41,422,7,CIVIL,1
6.86,1,0,3,2,25,25,419,6,CIVIL,1
6.13,3,2,7,1,97,25,222,3,ECE,1
9.73,3,0,1,1,38,50,257,4,CIVIL,1
7.02,5,5,3,0,81,42,173,6,MECH,1
6.27,6,2,4,0,50,31,355,7,IT,1
9.05,6,4,0,2,58,65,333,6,CSE,1
6.72,0,0,4,1,50,47,412,4,MECH,1
8.85,2,3,8,1,39,18,126,1,ECE,1
7.83,2,5,6,2,59,79,403,3,ECE,1
6.02,4,2,4,1,94,89,162,5,ECE,1
5.5,4,7,7,3,3,50,226,8,CIVIL,1
8.43,4,8,6,2,53,76,389,1,CSE,1
9.16,4,9,4,3,24,51,48,2,MECH,1
9.8,0,4,4,3,63,91,417,7,CSE,1
6.41,6,8,5,2,65,58,299,4,MECH,1
9.08,2,0,0,0,27,74,360,4,CIVIL,1
8.73,0,8,4,2,68,18,346,5,MECH,1
8.03,4,4,3,3,22,95,316,8,MECH,1
6.16,6,10,8,0,45,60,473,4,MECH,1
6.95,6,5,6,3,15,30,268,4,ECE,1
7.66,5,0,3,2,49,23,28,6,MECH,1
5.97,3,2,6,0,94,11,118,1,CIVIL,1
9.15,5,9,7,0,87,60,388,8,ECE,1
6.92,1,1,6,1,51,28,207,4,CIVIL,1
6.49,0,9,8,2,58,57,385,7,MECH,1
5.96,6,2,0,3,17,24,451,3,CSE,1
9.87,3,3,1,2,51,0,468,7,CSE,1
8.03,6,5,0,2,18,43,98,2,MECH,1
7.26,2,8,6,1,78,11,34,5,CIVIL,1
8.04,6,8,2,1,91,32,280,8,MECH,1
6.47,5,7,0,3,5,23,437,3,MECH,1
7.68,2,1,1,2,58,58,218,3,MECH,1
7.54,3,9,6,1,52,67,145,6,CSE,1
7.15,1,2,0,0,56,67,495,3,ECE,1
8.74,3,10,4,1,29,1,175,5,MECH,1
8.61,0,3,7,3,27,78,438,5,MECH,1
9.13,0,10,2,2,82,27,40,8,IT,1
8.96,3,3,6,3,54,63,64,5,CSE,1
9.21,1,4,5,2,41,73,139,8,CSE,1
9.74,3,8,1,0,46,70,240,4,CIVIL,1
8.65,3,3,7,0,39,84,16,3,IT,1
7.23,1,1,8,0,3,59,67,6,CIVIL,1
6.84,6,10,3,3,22,60,146,5,CIVIL,1
6.3,1,5,3,0,20,46,378,3,MECH,0
5.87,0,8,5,3,33,2,29,8,ECE,1
6.32,3,7,3,2,83,100,367,4,MECH,1
7.89,1,5,1,0,85,29,134,4,IT,1
6.61,5,5,1,1,94,81,263,6,IT,1
7.08,6,0,1,0,71,95,359,6,IT,1
6.05,4,3,6,3,19,41,48,2,IT,1
6.81,0,2,0,0,92,45,346,7,CSE,1
7.05,1,6,8,1,1,38,498,3,CIVIL,1
7.39,0,9,0,3,23,7,360,8,CSE,1
8.14,0,4,3,2,8,49,393,6,CIVIL,1
9.47,1,9,3,1,66,73,463,5,MECH,1
8.02,4,2,3,0,74,58,213,7,CIVIL,1
6.96,2,1,5,0,37,73,21,6,CSE,1
6.9,3,3,3,1,95,38,484,4,CSE,1
8.84,2,10,4,0,99,86,221,7,IT,1
6.21,6,2,2,2,76,4,356,4,CSE,1
7.37,5,8,4,3,20,37,77,7,IT,1
5.88,4,7,4,0,31,43,209,7,IT,1
9.38,0,4,7,2,52,68,216,7,ECE,1
6.41,0,5,2,3,38,7,187,7,MECH,1
8.86,5,4,6,1,86,63,334,8,CIVIL,1
7.63,6,0,1,3,22,15,188,5,CSE,1
6.42,5,3,6,2,35,9,184,7,CIVIL,1
8.74,4,1,1,0,78,96,64,1,CSE,1
5.99,4,4,1,0,80,76,267,6,MECH,1
7.82,6,2,6,2,83,97,195,3,MECH,1
6.89,0,2,2,0,76,42,62,4,MECH,1
5.97,1,0,4,0,29,13,432,3,ECE,1
6.18,3,10,3,2,66,66,406,5,CSE,1
8.9,2,10,8,2,9,61,224,1,CIVIL,1
9.86,5,7,2,1,62,19,280,4,CIVIL,1
7.1,5,6,8,0,76,77,88,4,CSE,1
9.77,2,3,8,3,25,36,140,4,IT,1
9.36,5,2,8,2,7,71,99,7,CIVIL,1
9.23,0,1,2,1,98,65,277,8,CIVIL,1
7.01,3,10,6,1,51,2,220,7,MECH,1
7.18,3,5,6,0,16,2,393,2,CSE,1
6.37,6,2,6,2,10,21,46,8,ECE,1
7.58,3,6,5,1,47,42,33,7,MECH,1
9.46,4,10,6,2,80,35,376,2,IT,1
5.58,1,1,3,2,85,14,446,8,MECH,1
6.69,6,7,6,1,36,31,353,5,CIVIL,1
8.86,0,3,7,2,9,65,71,5,CIVIL,1
7.58,1,7,3,1,35,17,228,7,CSE,1
7.35,0,8,8,2,13,23,188,4,MECH,1
7.78,0,4,1,2,69,32,380,3,IT,1
5.57,5,8,5,2,96,79,473,4,CIVIL,1
5.9,5,2,3,1,32,96,179,2,ECE,1
7.27,1,2,2,3,72,28,40,4,MECH,1
7.6,2,8,5,3,10,86,366,3,CIVIL,1
6.63,2,2,7,3,19,31,124,7,CSE,1
7.89,2,1,5,1,44,28,109,5,CIVIL,1
9.4,6,2,0,0,5,23,247,3,CIVIL,1
9.67,1,0,7,2,24,69,147,6,ECE,1
5.69,0,8,2,1,44,60,132,6,MECH,1
7.63,4,5,0,0,19,38,66,2,CIVIL,1
6.1,4,5,4,1,38,32,97,8,CIVIL,1
9.76,6,0,1,2,29,85,468,7,CIVIL,1
6.41,6,1,1,3,65,56,28,1,ECE,1
9.56,5,6,0,0,1,23,157,8,MECH,1
9.46,6,0,3,3,31,57,128,7,MECH,1
8.32,6,1,3,1,62,63,188,7,MECH,1
8.42,6,3,0,2,50,13,25,4,ECE,1
9.45,5,3,6,3,6,47,447,2,MECH,1
5.92,0,4,8,1,70,72,249,4,IT,1
5.5,3,7,0,1,57,30,271,6,IT,1
5.64,5,6,3,1,39,83,497,1,ECE,1
5.61,0,1,2,0,20,0,438,7,MECH,1
8.37,2,3,8,3,20,56,379,2,ECE,1
9.13,6,0,2,2,48,46,264,7,CSE,1
6.8,0,5,4,3,87,91,51,7,CSE,1
8.11,0,8,8,0,92,41,405,6,CSE,1
5.73,3,4,7,3,96,33,307,5,IT,1
6.75,3,1,6,2,23,74,129,6,CSE,1
5.92,2,5,1,3,21,15,240,8,CIVIL,1
5.55,1,0,6,2,61,96,319,3,IT,1
9.7,1,6,4,2,53,96,227,2,IT,1
7.85,5,4,0,1,50,83,291,7,ECE,1
7.73,5,1,6,3,84,9,449,8,MECH,1
9.74,5,1,0,1,82,74,234,4,CSE,1
8.34,6,0,7,3,16,85,261,5,CIVIL,1
7.49,2,7,2,1,20,83,416,7,CSE,1
9.65,3,0,6,2,34,43,395,4,ECE,1
6.32,3,3,2,1,7,55,298,5,ECE,1
8.08,6,7,6,2,39,60,188,1,ECE,1
6.85,2,6,7,0,46,30,183,3,CSE,1
8.87,0,9,0,1,100,91,274,6,MECH,1
9.24,3,9,5,3,12,80,331,4,ECE,1
9.17,4,2,1,0,59,23,159,3,MECH,1
7.95,0,9,3,0,47,87,18,7,CSE,1
8.52,0,2,3,0,32,24,47,2,ECE,1
6.44,6,6,6,0,22,47,273,7,MECH,1
9.45,5,9,4,1,1,69,375,8,MECH,1
6.41,5,5,5,0,77,24,438,6,CSE,1
5.53,1,4,3,2,95,83,306,2,IT,1
9.62,0,1,3,0,67,52,151,4,IT,1
9.84,0,2,7,2,67,69,488,6,ECE,1
9.94,3,7,0,0,4,17,189,1,CSE,1
7.68,1,10,7,1,99,85,341,8,MECH,1
7.39,1,8,3,0,55,47,481,5,CIVIL,1
7.39,4,6,7,3,8,1,382,4,CSE,1
6.78,0,5,7,1,44,80,29,5,ECE,1
9.08,6,6,0,1,74,12,342,2,MECH,1
7.94,2,4,1,3,64,11,445,7,ECE,1
6.23,0,8,8,1,57,26,346,7,ECE,1
8.78,5,10,5,1,77,78,66,6,CIVIL,1
6.83,0,6,5,2,38,24,97,4,IT,1
6.75,5,5,4,2,100,71,27,8,ECE,1
9.23,2,10,4,0,94,30,448,8,CSE,1
6.89,3,1,7,3,8,45,246,8,ECE,1
9.93,0,4,0,1,48,61,4,5,CIVIL,1
9.79,6,0,4,1,44,2,378,4,CIVIL,1
9.54,2,0,4,2,46,27,493,3,ECE,1
9.38,0,5,6,3,58,91,168,2,ECE,1
7.02,3,8,6,3,99,21,484,1,ECE,1
9.93,6,4,6,2,90,11,336,8,ECE,1
9.79,0,8,4,1,76,4,176,2,IT,1
9.05,6,1,4,0,15,14,35,5,ECE,1
9.19,6,3,4,1,70,13,411,8,IT,1
8.55,1,3,0,0,47,28,86,3,MECH,1
8.73,2,3,8,1,93,16,80,8,CSE,1
6.29,2,3,5,1,35,66,429,4,CIVIL,1
5.63,1,9,0,1,32,17,128,5,ECE,1
8.9,2,7,7,1,18,96,471,8,MECH,1
6.8,5,8,5,3,42,38,378,4,CSE,1
8.58,2,8,0,0,43,32,257,8,CIVIL,1
9.7,2,6,0,0,73,31,447,7,CIVIL,1
9.37,5,7,6,0,98,64,108,7,MECH,1
9.14,4,8,7,1,52,0,184,4,CSE,1
9.3,3,9,5,2,20,95,127,3,CIVIL,1
6.92,6,1,0,3,69,19,483,5,MECH,1
9.48,2,2,7,3,57,23,378,1,ECE,1
9.68,3,8,8,3,90,49,207,6,CIVIL,1
5.56,4,8,4,2,72,39,484,3,CSE,1
9.5,6,6,5,0,95,51,169,3,CIVIL,1
9.86,1,8,0,3,2,17,400,1,MECH,1
8.6,5,7,4,1,70,3,133,7,ECE,1
6.95,6,2,4,1,58,23,253,7,ECE,1
6.53,3,6,0,3,88,64,436,4,ECE,1
6.18,4,5,5,1,62,77,38,6,ECE,1
9.14,3,4,4,0,9,17,312,2,ECE,1
9.6,1,0,4,0,78,81,76,5,CSE,1
9.84,0,0,8,1,76,92,311,7,MECH,1
5.51,6,3,2,1,34,88,179,7,MECH,1
5.82,5,8,4,0,59,57,101,5,CSE,1
7.41,4,1,1,0,39,63,332,4,ECE,1
9.66,2,5,4,3,76,53,210,5,CSE,1
9.86,1,0,7,1,21,96,444,4,ECE,1
6.21,2,2,1,0,63,2,408,3,IT,1
9.29,1,4,8,3,79,92,107,7,CSE,1
7.66,0,3,0,0,52,30,167,7,CIVIL,1
9.25,3,5,0,1,61,82,285,8,MECH,1
5.55,2,9,7,3,96,83,31,6,ECE,1
7.24,5,7,4,3,94,29,297,5,MECH,1
8.5,6,4,4,3,76,92,251,7,CIVIL,1
9.37,1,10,7,2,75,66,235,4,ECE,1
5.68,6,10,8,1,57,76,289,5,CIVIL,1
7.84,4,8,4,3,25,80,39,1,CIVIL,1
7.43,1,4,3,1,99,20,87,1,MECH,1
9.78,3,9,6,0,19,71,269,5,CIVIL,1
8.22,4,3,1,3,24,49,433,3,ECE,1
8.8,0,6,0,3,3,75,33,7,CSE,1
6.26,5,2,6,0,2,99,482,6,ECE,1
6.03,2,3,1,2,92,21,61,4,CIVIL,1
8.77,0,2,2,2,76,75,212,4,CSE,1
5.57,6,7,4,0,12,71,444,6,CSE,1
8.14,6,2,8,2,8,65,444,7,ECE,1
5.94,2,3,5,1,39,49,281,5,MECH,1
8.7,1,4,0,3,7,50,52,4,CSE,1
9.08,3,0,8,3,51,34,409,1,ECE,1
6.66,5,10,1,3,80,52,271,6,IT,1
8.77,3,3,5,3,70,36,422,6,CIVIL,1
7.54,4,2,0,3,68,36,365,8,CIVIL,1
7.27,6,0,3,0,48,75,236,1,IT,1
6.12,2,10,4,2,8,25,62,7,IT,1
7.32,1,1,5,1,61,13,283,7,CIVIL,1
5.58,4,10,3,2,99,17,284,6,IT,1
7.6,3,2,3,0,56,2,16,5,MECH,1
6.7,2,10,8,1,96,71,57,6,MECH,1
8.16,4,5,8,3,85,71,248,7,IT,1
6.92,6,1,1,0,61,33,305,8,MECH,1
8.29,1,6,6,1,66,99,94,1,CIVIL,1
7.25,4,5,0,0,13,13,225,4,IT,1
7.43,6,3,1,0,21,41,116,7,CIVIL,1
7.65,4,4,5,3,94,29,55,1,CSE,1
9.71,3,2,1,3,79,82,220,5,CSE,1
7.92,3,10,8,1,9,57,125,5,CIVIL,1
7.66,5,2,5,1,98,13,256,1,CSE,1
5.9,2,9,7,0,42,51,430,8,IT,1
9.33,2,1,3,3,89,61,362,6,ECE,1
8.82,5,5,7,1,28,100,324,5,CSE,1
8.49,0,5,1,0,30,99,230,7,ECE,1
9.8,4,4,2,2,41,6,121,7,ECE,1
8.35,1,1,2,2,48,74,463,3,MECH,1
6.11,2,0,5,0,91,13,429,5,IT,1
6.6,1,4,2,3,99,98,409,7,IT,1
7.26,0,1,8,2,30,40,258,2,ECE,1
8.8,3,7,7,3,71,92,498,8,CIVIL,1
9.93,3,9,3,0,33,77,465,8,ECE,1
8.41,6,5,5,2,51,27,439,2,MECH,1
6.86,6,3,2,2,14,87,125,2,MECH,1
6.71,6,9,4,1,96,46,463,5,CSE,1
6.23,6,7,6,1,100,88,319,7,CIVIL,1
7.96,4,0,3,2,78,62,177,5,MECH,1
7.82,2,5,5,0,72,93,398,5,CIVIL,1
8.08,5,4,8,0,59,48,120,7,CIVIL,1
9.53,0,0,4,3,0,34,325,2,ECE,1
8.16,3,0,2,0,53,48,344,8,CSE,1
6.84,6,7,5,1,84,72,382,8,MECH,1
6.33,4,4,8,2,26,92,94,2,IT,1
5.91,1,7,3,0,93,26,213,4,MECH,1
7.59,0,6,1,2,98,5,358,4,IT,1
9.48,6,8,4,1,22,49,226,8,CIVIL,1
7.06,0,10,1,1,58,14,205,8,IT,1
8.21,5,5,2,2,88,84,146,4,IT,1
6.86,4,8,0,0,74,93,193,8,CIVIL,1
7.34,3,6,0,1,4,95,96,5,MECH,0
6.78,2,8,4,2,42,27,473,5,CIVIL,1
9.05,3,5,4,1,94,23,372,7,ECE,1
8.37,3,10,4,3,85,75,366,3,CIVIL,1
7.77,5,2,1,1,82,70,192,5,MECH,1
9.0,3,10,0,3,8,64,492,1,CSE,1
5.64,3,0,0,3,43,47,394,8,ECE,1
9.28,0,5,2,0,41,25,178,5,CSE,1
7.38,6,1,4,1,3,60,40,1,MECH,1
8.38,4,5,7,3,16,83,23,4,CIVIL,1
9.18,6,8,5,1,23,15,52,6,CIVIL,1
7.81,1,5,0,3,93,45,31,4,ECE,1
8.81,1,8,0,0,59,50,258,8,CIVIL,1
8.81,6,2,1,2,18,6,116,1,CIVIL,1
6.06,3,7,8,1,99,34,456,7,CIVIL,1
9.63,5,4,0,3,46,61,179,7,CSE,1
6.55,2,6,2,1,95,38,436,1,ECE,1
9.59,1,5,7,3,46,98,448,6,ECE,1
6.66,5,4,7,0,69,89,99,8,ECE,1
6.52,3,5,4,0,60,83,483,4,IT,1
9.91,3,3,0,1,84,90,48,2,ECE,1
7.02,5,9,1,3,53,21,260,1,IT,1
8.2,2,3,3,3,4,90,208,1,CIVIL,1
6.9,1,6,5,1,98,3,491,4,ECE,1
6.66,6,0,5,2,52,33,159,5,IT,1
7.38,4,4,4,0,48,77,12,4,IT,1
8.02,3,5,7,0,55,37,159,1,IT,1
8.88,2,5,4,1,52,0,465,7,MECH,1
5.98,6,9,1,2,44,21,91,8,IT,1
8.89,1,10,7,1,9,74,268,8,CIVIL,1
5.6,0,4,5,3,7,45,250,3,IT,1
7.73,0,10,3,1,48,32,500,7,CSE,1
9.7,6,2,2,3,75,61,16,8,IT,1
8.57,4,0,6,1,6,39,257,1,IT,1
6.86,0,8,7,0,25,11,200,4,ECE,1
8.29,3,2,0,1,25,2,362,1,CIVIL,1
7.93,0,3,6,3,8,46,285,3,CIVIL,1
6.72,6,6,6,3,40,10,224,2,ECE,1
9.03,3,9,0,2,46,39,421,4,CSE,1
6.0,1,8,2,0,73,76,334,7,MECH,1
7.91,6,5,6,1,21,25,412,2,CSE,1
6.39,3,10,6,3,4,88,309,2,MECH,1
6.35,5,10,2,0,60,26,286,4,CSE,1
5.7,2,5,3,2,65,2,117,1,IT,1
6.26,5,10,5,2,44,65,98,8,IT,1
5.79,1,2,6,0,12,2,169,7,CIVIL,1
6.87,6,5,7,2,78,35,146,8,IT,1
7.9,0,0,5,1,20,97,231,7,IT,1
7.58,0,5,4,0,48,75,57,3,CSE,1
5.5,4,3,7,2,33,0,378,7,IT,1
7.59,2,6,5,0,3,96,440,6,ECE,1
5.61,1,2,5,3,37,3,414,6,MECH,1
6.37,2,2,1,3,26,10,105,1,CSE,1
6.7,2,10,0,2,18,53,22,2,CSE,1
6.6,2,0,0,1,4,14,349,6,CIVIL,1
8.08,3,10,5,0,89,100,280,7,CIVIL,1
7.56,2,6,7,0,74,69,276,8,CIVIL,1
5.79,2,0,2,0,59,71,68,7,MECH,1
7.46,2,0,8,3,52,41,445,6,CIVIL,1
9.57,1,1,6,0,24,87,348,3,MECH,1
6.01,4,7,7,3,25,55,255,4,ECE,1
6.7,1,4,5,3,49,56,254,5,MECH,1
6.27,1,8,2,2,79,26,489,2,CIVIL,1
9.06,1,9,1,2,35,36,68,4,IT,1
6.33,1,0,5,1,73,10,209,1,CSE,1
6.62,3,4,0,3,74,18,54,6,MECH,1
8.41,0,8,2,3,37,11,410,1,CIVIL,1
6.65,1,2,4,3,78,48,146,5,MECH,1
7.57,6,6,2,0,20,64,304,8,CIVIL,1
7.27,3,2,3,2,74,2,315,4,CSE,1
8.71,0,9,5,3,51,11,99,4,CSE,1
6.77,6,3,6,1,66,58,172,1,CIVIL,1
9.03,2,6,6,3,60,79,257,2,IT,1
8.66,2,7,3,3,85,42,279,2,MECH,1
8.28,4,7,1,0,10,45,336,6,MECH,1
9.12,4,2,6,0,89,85,0,1,CIVIL,1
9.3,3,2,8,1,17,51,25,8,IT,1
6.53,4,4,2,1,70,98,420,6,MECH,1
8.56,6,4,1,0,23,13,116,2,IT,1
8.09,3,0,4,1,4,27,274,3,MECH,1
8.92,3,4,7,2,97,7,105,3,CSE,1
7.82,4,9,7,2,2,61,434,8,IT,1
5.68,0,7,3,1,62,42,285,5,CIVIL,1
5.51,5,9,7,1,51,16,473,4,ECE,1
5.81,0,5,0,0,96,52,253,6,ECE,1
8.27,4,10,2,1,6,20,174,2,CSE,1
9.49,4,7,0,3,1,80,453,5,CSE,1
7.53,1,9,8,1,68,29,270,7,IT,1
5.71,3,1,3,1,1,51,12,8,MECH,1
9.94,5,0,2,3,79,35,385,6,ECE,1
8.43,6,7,4,0,95,16,407,6,MECH,1
7.5,6,6,4,3,76,15,279,2,IT,1
9.92,6,2,4,0,89,53,67,8,CIVIL,1
7.09,4,2,6,3,61,4,275,2,CIVIL,1
8.88,2,4,2,0,80,1,494,5,CIVIL,1
9.0,1,3,0,2,31,51,324,2,CSE,1
7.67,1,2,4,1,21,33,489,6,CSE,1
6.14,5,0,8,0,56,27,57,3,IT,1
8.51,4,1,5,1,70,78,405,4,MECH,1
9.85,1,2,0,0,72,0,305,4,CIVIL,1
7.44,1,8,6,2,0,44,178,8,CIVIL,1
8.4,2,10,8,2,92,33,224,4,ECE,1
7.87,1,8,6,2,23,71,139,6,MECH,1
7.73,3,6,7,3,4,32,83,3,IT,1
5.78,5,9,1,3,46,92,52,6,MECH,1
6.42,4,3,6,3,11,44,412,3,CSE,1
5.64,6,9,2,1,56,77,497,8,MECH,1
6.01,1,3,2,0,89,9,409,7,MECH,1
6.86,5,8,5,1,94,10,212,4,MECH,1
7.49,1,2,3,1,65,12,93,3,IT,1
6.96,1,9,0,1,70,9,150,4,MECH,1
8.85,4,7,2,0,31,79,81,4,CIVIL,1
9.15,4,5,3,3,98,56,93,3,MECH,1
7.98,3,2,7,1,38,64,72,5,IT,1
7.58,1,9,8,0,99,97,284,8,CSE,1
7.65,5,3,4,0,6,88,273,8,ECE,1
9.39,1,9,2,3,50,27,497,5,MECH,1
5.78,1,6,2,2,89,24,252,1,CIVIL,1
9.78,6,4,0,1,55,59,74,6,ECE,1
8.48,4,2,3,3,21,36,126,1,MECH,1
6.54,2,0,2,3,61,96,38,7,IT,1
6.46,0,8,7,3,26,63,305,3,CIVIL,1
9.28,0,8,6,1,9,93,464,7,ECE,1
6.59,2,5,8,0,88,28,338,3,ECE,1
6.33,1,8,5,0,0,90,457,6,IT,1
9.41,1,10,1,2,34,12,390,3,CIVIL,1
6.87,4,3,8,1,32,82,315,2,CSE,1
7.29,2,1,7,0,37,93,43,2,MECH,1
6.15,1,4,0,0,91,79,447,2,CIVIL,1
9.49,0,8,2,3,14,82,98,3,MECH,1
6.94,4,0,2,0,21,50,468,2,IT,1
5.92,3,4,3,2,64,58,190,1,MECH,1
6.95,6,7,8,0,15,73,152,2,CSE,1
6.92,4,9,5,3,17,8,13,7,CIVIL,1
9.05,1,5,5,2,34,4,251,5,ECE,1
8.0,5,0,5,2,63,32,385,7,CSE,1
6.2,5,9,2,2,71,27,215,5,MECH,1
6.99,2,10,0,2,97,69,290,3,CIVIL,1
8.89,6,0,6,2,31,43,325,2,CSE,1
6.54,2,10,7,2,56,81,380,6,MECH,1
8.44,1,9,6,0,31,39,437,2,CSE,1
8.44,6,10,1,2,17,91,472,2,IT,1
8.82,6,0,4,0,44,21,380,3,IT,1
8.97,6,5,0,3,18,0,197,5,CSE,1
8.02,5,0,8,2,27,26,100,2,ECE,1
6.02,4,6,3,1,96,95,57,5,CSE,1
7.34,3,5,3,2,35,55,1,2,IT,1
7.24,2,8,1,0,56,83,75,2,ECE,1
8.11,2,9,8,2,94,34,415,4,ECE,1
8.47,5,3,1,2,71,91,398,7,ECE,1
7.85,6,7,3,3,64,12,272,5,IT,1
7.32,6,2,2,1,50,75,21,7,CIVIL,1
7.73,5,8,2,3,86,69,18,6,CSE,1
8.39,1,3,3,2,46,93,269,6,MECH,1
6.46,2,10,5,3,2,82,265,3,CSE,1
9.31,1,10,6,2,63,64,31,1,MECH,1
8.45,5,5,5,1,98,85,81,2,ECE,1
9.96,2,2,4,0,76,83,180,7,IT,1
9.06,0,7,0,0,70,77,416,6,IT,1
8.76,4,9,1,3,67,13,151,3,CIVIL,1
5.81,4,6,6,0,47,8,347,3,IT,1
8.34,6,6,2,0,78,1,317,6,ECE,1
8.91,0,9,8,3,52,60,142,8,CIVIL,1
7.88,4,6,3,2,35,78,69,1,IT,1
6.16,3,5,3,1,49,89,383,8,CIVIL,1
5.77,2,10,5,1,79,86,92,3,CIVIL,1
5.75,5,1,3,0,76,16,58,3,IT,1
5.57,6,4,6,1,37,23,383,8,CSE,1
9.16,6,6,2,3,54,15,250,6,MECH,1
9.11,6,3,6,3,1,15,453,5,IT,1
8.44,5,9,1,0,47,72,407,7,CIVIL,1
9.02,5,8,6,0,4,46,197,2,IT,1
8.73,3,6,5,0,1,47,481,3,CIVIL,1
6.99,6,0,8,3,68,97,482,5,IT,1
6.29,3,3,2,2,88,62,242,3,CIVIL,1
9.84,1,5,3,0,89,89,21,7,CIVIL,1
9.57,6,0,3,0,74,20,482,2,ECE,1
9.99,6,3,3,0,67,51,292,8,IT,1
9.89,2,5,3,0,48,20,299,7,MECH,1
6.97,5,2,4,0,23,59,357,6,MECH,1
6.59,1,5,3,1,53,15,264,3,MECH,1
5.58,1,3,7,2,12,8,384,4,ECE,1
9.66,5,2,3,3,8,83,363,1,IT,1
8.36,5,10,0,2,12,99,104,2,CSE,1
5.77,3,6,7,0,14,58,439,5,IT,1
9.99,0,9,2,1,36,100,149,7,MECH,1
6.04,3,3,5,1,63,0,202,5,CSE,1
9.87,6,1,2,1,85,42,95,7,IT,1
8.84,5,0,2,0,51,70,294,5,ECE,1
8.35,4,10,8,0,98,71,365,2,CSE,1
9.02,1,8,0,0,16,29,312,6,CIVIL,1
6.0,1,7,3,2,96,11,208,7,MECH,1
6.37,4,5,5,1,73,58,225,4,CSE,1
8.66,1,10,8,2,56,82,303,8,IT,1
8.14,6,9,2,1,90,71,371,4,CSE,1
8.11,0,6,0,0,64,0,260,8,CIVIL,1
6.58,4,3,5,3,53,77,239,7,CIVIL,1
7.03,4,7,7,0,74,56,198,5,IT,1
5.76,1,6,8,0,45,22,247,4,MECH,1
9.8,4,8,7,1,62,25,421,4,ECE,1
7.58,4,0,5,2,52,88,231,4,CIVIL,1
8.48,0,4,1,1,81,25,451,8,CSE,1
6.8,1,7,3,3,72,32,442,8,CSE,1
9.69,1,0,2,1,8,52,46,8,CIVIL,1
5.78,4,4,4,3,33,84,176,5,CSE,1
9.24,5,7,6,0,13,58,345,6,ECE,1
9.22,6,10,3,3,12,91,64,8,ECE,1
7.32,0,1,0,1,0,21,91,5,IT,0
6.0,4,10,0,2,84,46,370,3,MECH,1
7.39,6,6,3,1,59,61,382,2,CSE,1
8.79,6,7,2,0,77,47,248,2,CSE,1
6.08,2,2,8,0,9,47,397,7,CSE,1
6.34,2,0,6,2,93,47,398,4,CIVIL,1
8.52,1,3,3,0,17,60,257,6,IT,1
6.98,4,0,1,2,31,9,36,2,CIVIL,1
7.36,2,9,4,1,14,59,216,7,CSE,1
7.96,2,10,3,0,11,67,377,8,ECE,1
6.83,4,1,1,3,23,63,24,4,MECH,1
9.58,6,6,6,2,94,71,332,5,MECH,1
5.97,4,1,4,2,8,78,296,3,IT,1
8.5,6,9,2,3,82,90,483,7,IT,1
6.28,6,0,7,2,24,18,269,8,CSE,1
8.25,5,1,7,0,30,78,80,1,CSE,1
9.29,4,4,2,2,24,66,171,3,CIVIL,1
5.71,3,4,3,3,53,9,481,3,CSE,1
9.3,0,2,2,1,83,67,444,1,CSE,1
6.38,3,1,0,2,80,49,344,6,MECH,1
6.03,6,3,6,1,26,95,323,4,ECE,1
6.37,4,10,1,0,82,50,126,3,ECE,1
9.44,5,5,8,3,36,94,464,2,IT,1
9.38,3,0,4,3,49,80,371,7,CSE,1
6.58,6,2,1,0,12,13,94,3,ECE,1
7.91,2,1,1,1,69,8,183,5,CIVIL,1
9.21,0,9,0,3,77,91,102,1,CIVIL,1
7.75,5,0,5,3,78,1,222,5,MECH,1
5.86,0,7,3,3,82,31,181,6,CIVIL,1
7.69,3,6,5,0,15,12,430,6,CIVIL,1
7.07,6,2,1,2,21,84,232,2,CSE,1
7.82,5,9,6,3,26,52,450,5,CSE,1
6.03,1,9,1,3,2,45,307,1,IT,1
9.24,5,9,6,2,1,31,81,5,MECH,1
9.84,5,7,4,3,17,28,193,5,IT,1
9.92,6,2,8,3,59,93,412,7,ECE,1
8.15,6,10,8,0,50,70,16,5,IT,1
8.89,4,9,0,3,95,75,387,7,IT,1
6.0,5,7,6,3,62,79,466,1,IT,1
6.56,5,4,5,2,54,97,431,7,CSE,1
7.25,0,2,7,0,13,82,44,2,MECH,1
6.68,2,1,1,1,98,83,98,7,CSE,1
6.69,1,8,8,3,47,31,185,2,ECE,1
5.51,5,4,4,3,41,89,491,4,MECH,1
7.41,1,9,6,3,16,90,276,4,MECH,1
9.37,6,3,8,3,61,36,32,7,MECH,1
7.1,0,3,0,3,89,92,283,2,IT,1
8.12,0,6,7,1,21,60,136,2,CSE,1
6.95,1,0,0,3,92,57,68,6,IT,1
9.04,4,9,8,3,88,74,317,1,CIVIL,1
7.85,2,7,0,1,24,6,245,6,CIVIL,1
8.87,2,10,7,0,91,94,262,4,CIVIL,1
9.86,4,7,3,2,89,30,322,7,MECH,1
8.45,5,7,6,0,18,70,323,8,ECE,1
6.5,2,1,7,1,61,28,444,7,CIVIL,1
6.89,3,6,1,2,50,24,256,5,IT,1
8.89,1,2,1,3,81,76,424,1,ECE,1
7.5,2,3,2,2,92,8,443,6,MECH,1
9.07,1,10,6,3,50,90,335,1,CIVIL,1
9.52,2,8,7,0,33,66,346,6,MECH,1
9.34,5,10,8,3,2,1,424,5,IT,1
9.26,5,4,6,0,58,92,427,5,ECE,1
9.73,4,1,3,0,37,67,437,7,CSE,1
9.5,3,7,6,2,40,69,272,3,IT,1
6.96,0,5,2,3,21,5,276,4,IT,1
9.6,0,7,4,2,66,40,115,8,IT,1
9.23,0,10,6,1,82,24,67,4,CSE,1
9.42,4,10,7,3,47,12,448,6,CIVIL,1
6.81,4,9,7,1,43,77,261,1,CIVIL,1
6.09,1,7,4,2,20,15,60,1,MECH,1
8.77,0,6,8,0,100,16,169,4,CIVIL,1
6.24,2,2,4,0,92,48,428,7,CIVIL,1
9.14,5,4,7,2,84,14,211,7,CSE,1
8.45,5,1,5,2,96,10,327,1,CIVIL,1
7.8,0,0,3,0,13,4,207,5,IT,1
9.53,0,0,1,1,99,98,313,8,CSE,1
6.28,0,4,6,0,43,19,463,5,CSE,1
6.43,5,10,0,0,22,13,479,4,IT,1
5.85,0,0,6,3,56,84,474,7,IT,1
6.29,3,9,5,2,87,99,308,7,MECH,1
8.27,1,3,4,3,8,41,437,2,CIVIL,1
9.22,5,2,3,2,94,28,243,2,IT,1
6.08,4,6,1,1,90,55,456,8,CIVIL,1
5.63,2,5,0,0,50,6,20,3,ECE,1
8.45,1,6,6,0,88,18,78,7,CIVIL,1
8.82,2,10,2,0,49,69,160,6,IT,1
7.38,3,6,0,3,23,80,321,4,MECH,1
7.27,0,2,5,0,7,14,54,3,CSE,1
9.01,6,9,1,2,63,95,139,7,MECH,1
8.79,5,7,1,2,31,8,444,4,CIVIL,1
8.16,5,9,3,3,30,11,322,4,IT,1
9.87,6,1,1,3,12,48,443,5,CSE,1
8.0,4,9,8,3,88,9,128,8,MECH,1
9.57,2,10,1,1,52,32,26,6,CSE,1
7.24,3,8,4,3,36,5,422,7,CIVIL,1
5.56,2,0,6,0,60,30,302,5,ECE,1
7.54,6,7,4,1,7,74,249,8,CIVIL,1
9.49,0,4,3,0,4,51,387,6,ECE,1
8.87,4,1,4,3,63,54,41,1,CIVIL,1
6.93,3,2,2,1,99,32,62,4,CIVIL,1
7.82,4,0,8,0,94,79,325,6,CSE,1
8.69,5,5,5,0,79,56,101,6,ECE,1
9.36,0,9,0,0,78,23,230,4,IT,1
8.45,4,4,1,1,57,47,365,3,IT,1
8.76,3,4,7,2,84,89,204,8,CSE,1
8.23,4,3,8,3,39,74,451,1,CIVIL,1
8.74,6,3,5,1,78,87,249,4,ECE,1
7.64,3,8,4,0,66,30,140,4,MECH,1
7.4,2,5,0,1,50,0,445,5,ECE,1
9.18,2,4,0,2,87,6,380,4,MECH,1
6.06,3,7,5,1,77,49,260,6,IT,1
6.41,3,7,1,3,43,58,31,7,CSE,1
7.82,5,10,5,3,31,88,490,7,IT,1
6.79,5,0,8,1,13,93,198,8,IT,1
7.88,5,9,7,1,11,22,76,8,MECH,1
6.96,6,5,6,2,79,25,59,5,ECE,1
6.82,5,9,7,2,41,45,457,5,IT,1
8.84,0,7,2,1,3,39,94,7,ECE,1
6.48,3,7,2,2,65,46,370,1,CSE,1
6.57,0,4,0,1,5,96,400,5,IT,1
5.67,0,1,3,3,51,60,159,8,ECE,1
5.78,6,10,3,2,82,56,423,2,IT,1
5.83,4,5,2,0,0,98,254,4,ECE,1
7.86,6,2,4,1,71,64,233,5,CIVIL,1
9.78,0,10,4,3,71,45,22,4,CIVIL,1
8.05,0,4,1,3,83,44,326,2,IT,1
8.25,5,8,1,3,98,37,275,7,IT,1
7.0,2,10,6,0,39,63,456,6,CSE,1
8.23,3,5,2,0,57,99,354,1,ECE,1
7.56,2,8,0,0,27,38,239,3,CIVIL,1
9.71,1,7,6,3,41,35,478,5,MECH,1
9.26,3,4,1,3,95,4,134,7,ECE,1
9.34,6,0,8,2,15,0,482,1,MECH,1
9.0,5,9,0,2,81,88,170,3,MECH,1
9.3,6,0,0,3,26,81,102,2,ECE,1
6.99,6,3,8,1,29,5,109,7,IT,1
8.9,6,1,3,0,60,35,239,5,MECH,1
5.71,6,2,6,1,12,84,254,3,CIVIL,1
6.21,0,4,1,0,48,90,153,3,CIVIL,1
6.04,2,7,3,1,13,60,282,8,IT,1
7.97,5,1,2,3,74,88,91,8,MECH,1
8.87,1,9,8,0,79,24,363,5,CIVIL,1
9.76,2,6,7,0,14,17,294,5,IT,1
8.31,3,5,8,3,19,17,462,2,MECH,1
9.42,4,9,2,2,93,2,410,6,MECH,1
7.41,1,7,6,3,38,42,202,4,ECE,1
7.89,2,1,7,1,97,81,27,3,ECE,1
9.79,0,2,1,2,69,21,117,5,CSE,1
9.18,5,0,4,1,27,0,196,8,IT,1
6.44,5,2,2,0,1,35,457,1,MECH,1
9.34,3,0,7,3,56,90,344,8,CIVIL,1
7.25,3,7,2,1,25,80,476,8,CSE,1
8.61,2,2,6,3,19,90,320,8,ECE,1
8.29,1,9,8,1,66,55,73,7,IT,1
6.5,5,8,7,2,21,47,13,8,ECE,1
7.1,1,10,0,0,14,39,198,7,CIVIL,1
8.64,2,2,4,3,40,64,348,7,CIVIL,1
5.73,4,8,4,2,63,96,338,2,ECE,1
6.27,4,0,2,0,62,89,121,5,CIVIL,0
7.85,1,8,0,3,95,98,16,8,MECH,1
6.32,1,5,6,1,4,94,124,4,CSE,1
8.08,3,6,2,3,14,75,462,8,CIVIL,1
6.68,0,7,8,3,77,32,145,4,MECH,1
7.05,1,9,0,0,16,32,273,5,CSE,0
8.26,6,10,1,0,69,41,168,7,MECH,1
6.8,4,10,5,1,59,85,6,4,CSE,1
9.12,1,6,0,2,75,30,444,3,CSE,1
5.76,1,2,7,2,51,70,129,8,CSE,1
5.57,1,4,0,0,91,47,299,8,CIVIL,1
5.81,6,9,4,3,1,22,181,1,MECH,1
8.1,3,2,3,2,4,77,210,6,CIVIL,1
9.19,3,8,8,2,22,75,25,6,MECH,1
8.26,3,8,3,1,6,75,405,6,IT,1
6.24,2,7,0,2,15,47,117,3,ECE,1
8.66,0,7,5,2,8,43,292,7,IT,1
8.04,3,10,8,3,39,86,434,6,CIVIL,1
6.77,4,7,6,2,5,91,260,4,ECE,1
9.79,5,5,2,1,13,27,446,1,MECH,1
9.26,6,10,2,0,14,55,312,8,IT,1
9.87,4,1,1,1,24,48,187,5,ECE,1
9.28,2,7,1,3,85,80,414,5,CIVIL,1
7.01,2,3,0,2,59,8,399,2,MECH,1
9.07,5,8,5,3,17,75,222,8,CSE,1
8.72,6,1,5,0,53,76,276,4,CSE,1
8.55,6,0,2,1,85,58,489,2,CSE,1
7.55,4,3,8,3,58,31,50,5,CSE,1
8.89,4,1,3,1,84,64,202,3,IT,1
7.96,5,2,0,2,24,58,484,4,MECH,1
7.93,6,1,3,2,31,48,456,3,CSE,1
9.47,6,1,2,2,19,86,112,8,CIVIL,1
7.65,1,7,6,0,1,3,48,7,MECH,1
9.86,6,0,0,0,63,22,455,1,CIVIL,1
7.19,6,9,4,0,9,64,20,2,ECE,1
7.05,1,3,3,2,46,64,122,5,MECH,1
6.83,2,3,4,0,26,13,447,4,CIVIL,1
9.22,6,4,5,3,87,1,20,2,IT,1
8.28,4,5,6,1,93,79,188,7,CIVIL,1
5.53,2,0,3,1,26,24,165,2,IT,1
7.09,5,5,1,3,80,95,176,5,CIVIL,1
7.47,2,10,7,3,33,16,254,8,CIVIL,1
9.71,3,7,6,3,28,19,478,7,MECH,1
5.9,4,10,1,3,46,98,424,2,MECH,1
7.31,4,10,3,3,50,8,281,3,IT,1
6.88,3,2,5,2,20,57,262,3,CIVIL,1
8.87,0,10,1,1,14,30,406,6,CIVIL,1
6.87,1,6,4,3,56,9,12,5,CIVIL,1
6.12,6,3,5,3,18,100,230,2,CSE,1
8.13,2,10,6,1,43,58,435,1,IT,1
5.93,6,0,1,0,57,80,169,3,IT,1
6.95,6,4,6,3,5,20,310,2,CIVIL,1
7.14,6,2,8,2,47,35,124,4,CSE,1
5.97,1,10,3,2,98,62,192,6,IT,1
6.31,3,5,5,3,66,72,360,3,IT,1
7.75,5,4,5,0,45,40,296,3,IT,1
5.75,3,7,2,2,17,16,195,2,CSE,1
8.81,0,0,5,3,8,17,173,8,MECH,1
9.04,5,6,0,3,20,52,426,5,ECE,1
7.77,4,7,8,2,6,63,99,7,MECH,1
7.33,2,7,6,1,59,98,123,8,ECE,1
9.1,1,0,5,1,5,75,295,5,IT,1
8.85,5,6,8,0,94,70,92,2,ECE,1
5.58,4,2,3,2,80,56,499,6,IT,1
6.71,0,5,2,0,8,40,172,5,IT,1
6.2,2,8,7,3,24,26,407,5,CSE,1
7.5,6,6,5,3,100,24,144,7,CSE,1
8.27,6,9,0,0,93,88,100,5,MECH,1
7.28,4,3,4,2,38,85,224,6,ECE,1
9.61,1,9,1,2,95,67,381,8,CSE,1
7.5,1,0,0,3,8,30,322,1,ECE,1
9.41,5,8,7,0,49,23,143,2,CIVIL,1
7.67,0,9,4,3,76,95,286,7,CIVIL,1
8.3,2,1,5,1,10,78,125,3,IT,1
9.74,2,5,4,1,34,78,271,3,ECE,1
6.94,4,4,2,3,17,7,34,7,IT,1
8.7,0,2,4,2,70,48,322,6,CIVIL,1
9.66,3,0,1,0,26,40,49,8,CSE,1
6.54,1,6,6,0,13,1,116,3,MECH,1
6.8,3,0,7,1,72,12,287,5,CSE,1
8.37,3,0,4,1,26,37,54,3,ECE,1
8.54,1,6,2,1,61,86,491,1,MECH,1
9.35,2,6,3,3,6,13,178,7,ECE,1
7.47,3,8,4,2,51,45,84,3,ECE,1
5.9,0,8,7,2,34,26,244,8,ECE,1
9.44,0,1,6,1,9,51,64,8,IT,1
7.62,5,10,0,0,23,10,378,1,IT,1
8.83,0,8,6,0,100,32,311,6,ECE,1
8.58,3,4,1,1,27,55,305,1,CSE,1
5.83,2,6,0,3,76,68,449,3,IT,1
8.49,5,0,7,2,49,52,101,8,MECH,1
7.28,4,2,0,0,80,82,453,4,MECH,1
7.08,3,3,7,0,38,19,253,8,IT,1
6.97,1,3,1,1,20,33,68,2,CSE,1
5.63,1,4,8,3,76,70,104,7,CSE,1
5.9,4,10,2,3,63,57,304,3,CIVIL,1
7.0,3,0,8,0,58,3,385,7,CIVIL,1
6.07,4,0,3,3,15,90,206,7,CIVIL,1
9.42,4,6,1,2,68,46,143,3,IT,1
9.69,1,10,5,3,35,45,235,6,ECE,1
8.61,6,9,1,3,52,11,122,6,MECH,1
9.64,4,1,1,2,34,41,427,6,MECH,1
6.54,6,1,3,3,95,15,353,6,CSE,1
6.44,3,9,7,0,47,99,201,7,CIVIL,1
9.51,3,2,6,2,75,29,252,5,ECE,1
8.26,5,6,0,1,14,83,371,6,IT,1
8.21,2,8,8,0,22,6,34,6,MECH,1
7.42,2,6,7,2,8,14,425,5,IT,1
7.28,2,9,2,0,29,11,489,6,MECH,1
7.22,4,2,2,0,93,19,234,5,CSE,1
9.17,3,8,8,1,31,52,500,6,MECH,1
6.36,4,7,1,0,96,51,57,6,MECH,1
5.95,0,3,4,0,59,37,2,4,IT,1
9.16,4,4,8,2,86,52,54,7,ECE,1
6.65,2,1,6,1,80,52,117,3,CSE,1
8.51,5,5,0,0,33,13,149,5,CIVIL,1
7.03,3,0,6,1,87,2,220,7,MECH,1
6.3,3,5,1,3,65,85,7,5,CSE,1
7.92,5,1,0,3,59,49,420,6,CSE,1
6.85,0,0,2,3,48,0,197,2,MECH,1
7.1,0,7,8,1,32,18,312,8,IT,1
8.2,2,5,3,0,18,53,239,8,CIVIL,1
6.26,5,3,5,1,70,80,6,5,CSE,1
8.26,4,1,3,0,63,36,247,8,CSE,0
9.03,5,6,5,1,43,15,127,7,CIVIL,1
6.83,5,5,5,1,74,80,430,5,CSE,1
7.16,2,6,4,2,72,41,86,2,ECE,1
9.11,1,2,0,2,51,46,342,5,CSE,1
9.85,0,3,0,1,87,60,338,4,MECH,1
9.41,1,6,1,0,50,81,21,4,CIVIL,1
5.81,1,2,3,2,77,49,457,2,MECH,1
9.32,0,3,7,3,72,97,185,4,CIVIL,1
6.69,3,2,4,0,69,92,463,7,CSE,1
9.81,2,0,2,1,41,86,326,2,ECE,1
8.66,5,4,7,1,38,94,447,7,CSE,1
7.75,1,5,3,0,38,61,136,3,MECH,1
8.43,2,10,3,1,52,33,379,2,CIVIL,1
8.7,6,1,0,0,14,58,157,1,CSE,1
6.26,2,8,0,3,30,65,497,2,MECH,1
8.05,1,6,0,2,26,14,373,5,ECE,1
9.63,6,0,6,3,80,63,486,7,IT,1
7.14,0,2,7,0,84,11,162,7,CSE,1
8.11,2,5,8,2,15,24,155,5,ECE,1
7.95,3,1,6,0,56,68,54,7,CSE,1
10.0,1,1,0,0,95,48,142,1,ECE,1
8.22,5,0,1,1,32,2,321,2,CSE,1
9.64,5,8,3,2,84,30,435,4,MECH,1
8.49,6,6,6,0,94,22,357,4,ECE,1
6.6,6,9,2,2,15,37,267,8,CIVIL,1
9.71,1,9,4,1,95,86,459,8,CIVIL,1
5.9,0,6,2,1,4,72,440,7,MECH,1
9.44,3,6,7,2,46,84,220,8,CIVIL,1
6.6,1,9,2,2,90,87,228,6,MECH,1
7.97,0,7,1,1,74,9,141,1,MECH,1
7.74,6,9,8,2,76,1,254,1,CSE,1
9.44,4,8,8,2,63,60,484,4,MECH,1
6.97,2,6,6,3,7,78,383,7,ECE,1
5.68,0,2,6,1,95,67,106,6,CIVIL,1
9.68,0,7,4,2,100,64,147,7,CIVIL,1
9.2,6,2,0,1,81,7,256,4,IT,1
6.2,2,4,0,1,65,17,469,2,ECE,1
7.71,2,8,2,1,42,99,167,7,IT,1
8.03,1,7,7,0,14,61,488,1,ECE,1
8.84,2,6,2,1,69,76,82,8,CIVIL,1
7.84,6,2,4,1,81,2,247,2,ECE,1
6.77,3,9,5,3,74,36,496,8,ECE,1
9.76,0,8,1,2,33,21,416,7,MECH,1
8.99,6,10,6,1,50,69,471,4,CSE,1
5.68,1,5,1,3,75,11,440,1,CIVIL,1
7.15,1,9,4,3,42,9,48,4,MECH,1
5.78,2,2,3,0,75,64,387,6,ECE,1
5.75,1,3,8,2,37,8,318,5,CIVIL,1
6.58,3,0,0,2,88,4,290,1,ECE,1
6.87,5,7,7,2,57,67,366,3,MECH,1
8.27,3,2,7,2,69,1,177,3,MECH,1
9.26,5,5,4,0,56,43,44,2,ECE,1
9.08,1,10,4,2,32,14,106,3,MECH,1
9.83,0,1,7,2,20,3,205,8,ECE,1
7.26,4,9,6,1,29,48,264,5,CSE,1
6.8,1,2,1,1,29,38,232,6,MECH,1
9.56,1,2,4,2,56,24,122,5,CIVIL,1
6.2,4,2,2,3,6,99,40,5,IT,1
9.78,5,1,0,2,38,94,235,4,MECH,1
6.34,5,2,4,1,8,81,232,4,ECE,1
8.22,4,2,6,3,40,59,87,1,ECE,1
9.2,2,4,7,1,5,93,345,4,IT,1
6.72,4,3,4,3,26,63,221,5,CIVIL,1
9.06,4,0,5,3,73,50,138,2,IT,1
9.6,6,2,4,0,54,84,271,3,CSE,1
9.22,1,7,7,1,14,1,186,8,MECH,1
5.58,0,9,1,1,67,53,120,5,CIVIL,1
7.41,3,0,0,0,85,77,379,3,MECH,1
7.05,3,2,8,3,53,58,477,7,CSE,1
7.83,3,3,6,0,35,71,414,2,ECE,1
9.47,0,1,3,1,79,9,154,4,ECE,1
7.46,5,3,0,3,26,47,32,4,IT,1
6.2,3,9,1,0,72,71,426,7,CIVIL,1
8.2,3,1,1,2,54,36,198,6,CIVIL,1
8.76,4,0,4,2,66,72,261,7,MECH,1
9.79,6,0,6,2,43,21,144,2,IT,1
7.97,0,9,2,2,80,40,325,8,CIVIL,1
6.68,1,5,3,1,78,2,106,7,IT,1
8.04,3,1,4,2,16,36,397,7,CIVIL,1
5.77,1,10,8,3,41,63,306,5,CIVIL,1
5.95,4,10,6,2,43,85,386,6,CSE,1
8.18,2,9,6,1,46,44,36,4,CSE,1
7.83,6,6,2,2,5,29,40,1,CSE,1
6.43,2,7,1,1,37,61,399,8,CSE,1
5.75,6,6,0,2,82,88,345,4,MECH,1
7.95,3,1,1,0,10,54,176,5,IT,1
6.2,0,8,8,0,58,21,177,6,IT,1
8.83,0,4,1,2,43,87,40,8,CSE,0
8.6,6,0,3,3,91,3,490,4,IT,1
9.61,4,6,3,0,85,85,447,5,ECE,1
7.16,5,7,1,1,31,6,240,4,MECH,1
7.62,3,3,7,3,3,1,6,5,MECH,1
9.07,3,10,8,0,86,70,297,6,MECH,1
7.07,2,8,5,2,78,98,221,8,CSE,1
5.82,3,0,3,0,17,6,351,1,CIVIL,1
6.19,5,8,3,0,57,93,333,7,ECE,1
8.43,5,10,5,1,11,95,135,4,CSE,1
7.25,2,1,7,0,78,14,152,3,CSE,1
6.63,1,5,6,2,56,100,132,7,CIVIL,1
9.31,1,5,5,0,63,51,169,6,ECE,1
6.2,4,10,8,3,14,48,319,5,ECE,1
7.61,3,3,0,0,14,88,438,4,ECE,1
9.99,0,1,7,0,92,70,42,1,CIVIL,1
7.57,6,1,1,2,57,39,412,5,ECE,1
7.21,2,2,3,2,17,13,245,4,MECH,1
8.75,0,9,4,3,79,66,459,8,ECE,1
7.96,2,0,6,0,96,56,326,1,IT,1
7.99,4,10,0,1,75,36,150,4,CSE,1
9.11,4,0,0,2,1,54,341,6,CSE,1
9.42,6,0,5,1,11,57,151,6,MECH,1
9.43,0,9,3,1,54,60,179,5,IT,1
5.58,4,5,4,1,90,72,284,8,CSE,1
6.38,1,1,8,0,78,42,144,5,CSE,1
8.31,6,1,2,0,91,18,97,1,CSE,1
9.35,1,9,5,2,12,15,321,4,MECH,1
8.26,3,4,6,3,40,36,342,8,CSE,1
9.44,3,7,8,2,98,65,242,1,IT,1
9.47,5,1,1,0,61,32,135,6,CSE,1
9.81,2,3,7,2,84,31,367,1,ECE,1
6.31,0,3,3,1,50,41,442,1,IT,1
7.61,6,1,7,0,6,77,65,8,CSE,1
6.68,0,4,7,1,94,12,332,1,IT,1
7.63,0,5,8,3,3,16,315,3,CIVIL,1
7.42,3,3,3,2,57,21,391,8,ECE,1
5.94,4,1,3,2,20,9,398,1,MECH,1
9.78,2,2,4,0,56,29,76,1,ECE,1
6.59,3,4,5,0,93,15,325,5,CIVIL,1
8.68,2,7,2,1,50,28,401,6,IT,1
7.74,0,8,7,1,91,73,394,3,ECE,1
9.44,4,8,2,3,0,26,0,1,ECE,1
5.58,2,8,5,2,45,34,373,7,IT,1
5.67,2,1,7,3,49,31,125,3,ECE,1
7.74,6,3,3,1,12,56,344,7,MECH,1
9.69,3,0,1,3,15,52,408,6,IT,1
5.72,2,5,5,1,59,22,309,8,MECH,1
9.43,6,6,8,3,52,56,344,1,CSE,1
8.67,1,2,1,2,41,76,362,5,CSE,1
5.56,6,0,2,1,31,85,215,4,CSE,1
9.7,6,4,1,3,61,46,395,4,ECE,1
8.88,3,5,1,2,44,10,295,5,IT,1
9.18,3,7,7,0,25,52,400,5,MECH,1
9.85,0,10,2,2,30,87,14,8,MECH,1
7.54,3,10,7,1,10,53,273,6,ECE,1
9.06,2,6,0,3,3,7,106,8,MECH,1
6.38,6,8,3,2,59,97,477,4,CSE,1
9.9,5,6,6,2,66,69,240,4,IT,1
8.18,1,0,5,3,2,68,175,7,MECH,1
7.3,6,6,4,2,99,34,342,5,CIVIL,1
7.81,3,4,0,1,48,80,170,7,MECH,1
9.62,1,7,1,0,13,11,173,5,CIVIL,1
6.03,1,8,4,0,30,62,412,5,MECH,1
7.99,2,4,1,3,3,76,142,8,MECH,1
8.89,0,7,3,0,62,92,264,5,CIVIL,1
7.07,3,0,0,0,5,82,56,4,IT,1
9.63,1,4,6,0,22,87,257,7,CIVIL,1
6.2,5,9,4,1,52,71,384,7,CIVIL,1
6.67,0,7,3,1,47,67,99,2,IT,1
6.86,3,4,0,2,93,18,89,6,IT,1
7.3,6,3,2,3,77,34,492,5,ECE,1
9.63,2,8,5,0,57,51,459,2,CIVIL,1
6.5,0,3,8,1,99,47,117,1,CSE,1
6.03,2,1,8,1,89,38,315,5,CSE,1
6.24,2,8,8,3,67,41,94,5,CSE,1
9.11,6,3,4,3,67,64,208,1,CIVIL,1
7.88,1,10,4,1,37,66,166,2,IT,1
6.79,6,1,7,3,28,11,5,6,IT,1
6.67,1,3,6,1,64,80,358,8,CIVIL,1
9.81,1,0,1,2,1,97,489,4,CIVIL,1
7.2,4,9,8,3,26,84,97,8,CSE,1
8.13,0,7,2,3,59,32,387,4,IT,1
6.0,3,10,0,2,63,56,372,5,MECH,1
7.08,4,3,6,1,1,3,256,4,CIVIL,1
6.19,5,3,8,3,100,91,224,6,CIVIL,1
8.19,6,10,1,2,82,77,140,8,CIVIL,1
7.56,2,7,1,3,22,97,424,1,MECH,1
7.48,4,1,2,3,74,33,424,2,ECE,1
5.58,2,7,5,0,95,5,466,6,MECH,1
6.72,4,2,4,3,39,69,252,7,MECH,1
9.58,4,9,3,0,84,73,10,8,ECE,1
8.86,0,6,0,3,88,75,482,4,CSE,1
8.37,2,8,3,3,68,74,440,4,ECE,1
8.88,3,1,0,1,100,67,477,5,IT,1
7.86,5,8,6,1,83,71,253,7,CIVIL,1
7.58,6,4,2,3,50,38,129,3,CSE,1
6.09,6,1,6,3,88,8,231,2,ECE,1
6.84,5,6,3,2,70,100,421,2,MECH,1
8.9,0,2,0,0,55,23,47,1,CSE,1
8.85,5,0,6,2,86,43,111,6,IT,1
9.17,1,4,4,0,97,100,303,3,MECH,1
6.5,5,5,0,0,31,26,382,5,CSE,1
6.45,2,4,2,3,81,35,469,4,CIVIL,1
8.87,2,3,3,3,13,45,208,2,MECH,1
8.3,4,8,0,2,30,18,453,1,CSE,1
7.33,6,3,4,3,0,81,303,8,ECE,1
7.99,5,4,3,2,4,85,9,2,ECE,1
6.71,3,9,6,3,71,1,0,1,MECH,1
8.77,2,6,7,2,69,86,356,7,IT,1
7.59,4,0,1,2,34,19,366,2,IT,1
6.59,3,5,5,2,47,35,389,3,CSE,1
9.7,6,2,7,3,44,49,49,2,ECE,1
9.07,1,8,0,2,13,22,92,4,MECH,1
7.84,0,8,1,3,54,93,28,6,MECH,1
7.46,0,3,4,1,79,36,4,3,MECH,1
9.23,6,8,5,2,42,94,265,3,ECE,1
5.62,3,5,7,2,53,7,425,5,CSE,1
7.46,5,7,3,0,60,85,375,3,IT,1
9.31,0,3,4,0,16,96,4,2,MECH,1
7.27,5,8,6,0,43,93,241,2,ECE,1
8.86,0,9,6,2,4,56,334,7,CSE,1
8.84,2,10,7,1,37,59,411,6,CIVIL,1
6.62,6,1,1,2,33,46,174,8,IT,1
8.79,5,6,1,2,38,51,101,1,CSE,1
8.16,1,7,8,2,14,23,487,6,IT,1
8.96,3,10,6,1,43,68,471,3,CIVIL,1
8.35,3,7,2,3,63,53,24,2,CSE,1
8.3,5,1,2,2,0,63,24,6,MECH,1
9.31,0,9,4,0,49,55,305,1,IT,1
5.86,5,10,3,2,80,46,312,8,ECE,1
8.05,3,9,5,0,38,52,93,6,ECE,1
8.59,4,2,0,1,98,38,342,5,IT,1
6.5,0,0,4,2,59,38,39,7,ECE,1
8.97,2,8,8,0,100,12,418,3,CSE,1
9.14,4,7,0,0,47,55,373,4,CSE,1
6.84,1,9,6,0,66,52,395,7,CIVIL,1
5.92,6,7,7,1,73,21,343,6,IT,1
9.12,0,1,2,2,60,44,381,6,ECE,1
7.43,2,9,2,3,96,68,111,3,CSE,1
6.51,6,6,2,1,98,9,58,5,IT,1
7.57,3,0,1,2,44,26,338,1,CSE,1
5.68,5,5,5,1,46,3,74,5,CSE,1
6.8,4,0,1,3,41,8,380,2,ECE,1
5.88,5,10,8,3,61,65,298,5,CSE,1
8.44,1,1,8,2,67,8,334,1,CIVIL,1
6.17,4,5,2,0,34,20,321,3,IT,1
6.24,3,9,7,0,57,43,260,7,ECE,1
5.83,0,9,7,1,39,53,258,1,IT,1
9.05,5,9,0,0,27,58,310,6,CSE,1
8.95,2,7,0,0,6,74,350,8,ECE,1
8.48,1,0,3,2,93,45,273,3,CIVIL,1
9.79,5,8,1,2,1,85,445,6,CIVIL,1
8.4,2,6,3,3,2,85,40,6,ECE,1
8.88,6,3,4,1,86,90,222,8,CIVIL,1
6.06,1,10,1,3,72,79,391,2,ECE,1
6.79,2,0,0,1,42,32,52,8,IT,0
8.59,2,6,1,3,66,84,456,1,ECE,1
6.42,3,9,1,2,89,26,485,7,CSE,1
9.58,2,5,4,0,79,56,116,5,MECH,1
5.58,5,7,3,1,90,10,172,8,CSE,1
8.44,2,6,2,1,73,68,283,7,MECH,1
7.71,1,9,6,1,62,27,67,4,MECH,1
6.04,6,9,8,2,2,59,394,1,CIVIL,1
8.85,2,3,8,0,8,48,483,6,MECH,1
6.46,4,2,0,2,12,48,99,3,CSE,1
5.52,1,9,7,1,39,43,159,4,ECE,1
9.35,0,6,3,0,78,84,213,2,IT,1
9.91,6,9,0,0,93,68,184,3,MECH,1
9.77,6,9,5,3,4,82,458,2,IT,1
8.89,6,7,0,3,42,89,278,4,CIVIL,1
8.65,2,2,4,3,43,93,275,4,IT,1
6.26,3,3,2,3,94,51,171,8,CIVIL,1
9.95,2,2,8,0,100,100,267,4,MECH,1
8.81,1,7,7,3,43,38,52,2,IT,1
6.97,5,6,3,1,73,11,152,3,ECE,1
8.95,0,3,3,2,15,100,139,4,IT,1
9.97,5,1,1,2,26,86,487,6,IT,1
9.64,1,7,0,0,45,3,446,8,MECH,1
6.01,2,6,5,2,4,63,424,5,ECE,1
8.92,5,1,8,0,99,34,493,4,IT,1
5.92,1,9,5,0,66,32,116,4,CSE,1
9.72,6,0,2,1,13,82,403,6,CSE,1
6.43,6,5,5,0,3,25,223,3,IT,1
5.98,5,3,5,1,87,75,55,4,MECH,1
6.29,3,10,6,3,19,92,404,8,CIVIL,1
5.57,0,4,7,2,40,43,86,5,IT,1
6.66,0,8,1,0,78,87,191,8,CSE,1
9.01,5,10,6,0,41,80,97,2,MECH,1
6.61,4,5,5,0,27,56,499,5,MECH,1
9.31,0,5,5,2,21,58,261,3,CSE,1
6.47,1,1,7,0,40,56,65,3,ECE,1
8.34,2,6,5,1,93,74,250,2,IT,1
7.04,3,5,3,1,29,90,299,6,ECE,1
6.91,6,4,7,0,91,55,99,2,ECE,1
7.76,4,8,4,3,82,14,126,1,CIVIL,1
6.19,3,3,2,0,1,15,180,8,CIVIL,1
8.57,6,4,3,1,20,56,163,5,MECH,1
7.57,1,1,4,1,100,55,420,1,MECH,1
7.85,5,5,8,2,40,7,86,6,MECH,1
6.41,5,10,2,3,100,20,364,2,CSE,1
9.68,0,8,0,0,38,74,331,8,CIVIL,1
6.27,6,4,1,0,79,75,156,7,ECE,1
7.66,6,9,5,1,52,13,55,2,MECH,1
8.79,1,5,4,2,94,69,44,3,ECE,1
9.9,5,1,6,3,78,11,35,6,CIVIL,1
6.8,0,1,4,2,26,54,177,3,CIVIL,1
9.49,5,7,8,1,90,42,373,8,CIVIL,1
9.64,4,9,4,1,14,54,373,1,CIVIL,1
5.93,1,9,6,3,85,95,432,3,CIVIL,1
8.71,3,6,7,1,31,4,192,5,MECH,1
5.63,5,7,2,0,43,63,302,2,IT,1
9.57,1,9,0,0,9,4,215,2,CSE,1
6.06,6,9,1,3,22,70,288,5,MECH,1
8.07,4,7,6,2,97,15,221,7,CIVIL,1
7.72,1,7,2,2,40,86,15,5,MECH,1
8.18,2,10,1,0,49,16,444,7,CIVIL,1
5.58,3,2,6,3,98,9,33,5,MECH,1
8.79,3,0,4,1,8,62,366,4,MECH,1
8.36,4,1,2,0,42,46,226,6,ECE,0
6.41,5,5,6,0,24,58,488,8,CIVIL,1
9.9,3,9,0,0,78,7,353,3,IT,1
9.43,5,5,2,2,30,32,463,1,ECE,1
8.05,4,2,5,0,87,58,33,5,CIVIL,1
8.56,6,0,2,0,27,15,351,1,CSE,1
7.96,0,5,2,2,81,10,330,6,IT,1
6.3,6,6,3,1,94,34,461,8,CSE,1
7.69,2,6,2,0,26,10,443,5,MECH,1
6.29,2,10,4,1,76,36,252,5,IT,1
8.59,4,8,2,3,67,81,237,7,CIVIL,1
8.08,2,2,7,3,37,80,436,3,IT,1
8.15,6,4,3,0,57,25,353,7,ECE,1
6.6,0,0,5,2,93,87,302,3,ECE,1
6.32,1,9,7,0,46,4,215,4,ECE,1
9.82,2,9,0,0,51,77,429,3,CIVIL,1
7.41,3,0,6,1,82,30,2,2,CIVIL,1
7.36,4,2,3,1,27,75,491,8,CIVIL,1
7.4,4,5,8,3,4,35,450,2,CIVIL,1
7.47,2,4,5,2,55,46,471,3,CIVIL,1
9.2,0,7,4,0,37,53,192,7,ECE,1
6.91,0,4,4,1,30,1,226,2,ECE,1
9.51,1,10,6,3,41,6,431,2,IT,1
8.83,0,4,8,1,94,65,82,6,ECE,1
7.78,3,10,2,3,31,49,24,2,CSE,1
9.17,6,8,4,1,35,37,71,4,CSE,1
7.46,4,8,3,0,59,84,279,4,CIVIL,1
6.36,5,9,7,2,14,25,452,2,IT,1
9.71,1,0,8,1,12,100,277,1,CIVIL,1
8.16,4,0,7,1,86,96,303,3,MECH,1
9.69,1,5,7,1,32,39,10,5,IT,1
6.01,4,1,1,2,57,74,86,3,MECH,1
8.99,0,9,3,2,23,35,214,6,MECH,1
9.7,3,7,4,0,33,25,235,6,ECE,1
5.54,2,4,5,3,59,0,249,1,ECE,1
5.71,1,5,8,2,73,12,199,2,CSE,1
7.97,2,5,3,0,18,6,306,6,ECE,1
6.46,4,2,4,0,61,42,235,6,IT,1
8.86,1,3,7,3,22,47,30,4,CIVIL,1
8.12,5,0,8,2,93,79,433,3,CSE,1
7.35,1,10,6,0,62,64,165,6,CSE,1
9.4,4,0,1,0,21,45,373,5,CSE,1
7.72,6,6,2,1,26,15,157,5,MECH,1
5.83,0,1,1,0,65,100,171,3,IT,1
7.07,0,2,0,2,77,58,210,1,MECH,1
8.43,2,10,6,0,90,97,10,1,CSE,1
7.52,0,10,5,0,25,65,133,2,IT,1
5.84,6,2,8,0,53,20,445,5,MECH,1
7.56,0,4,1,3,31,76,128,5,MECH,1
6.49,0,0,8,0,27,84,464,2,ECE,1
8.29,5,8,2,2,75,44,273,8,ECE,1
7.14,5,8,2,0,16,28,105,4,IT,1
9.39,4,10,5,1,33,37,233,1,CSE,1
7.76,0,5,0,2,35,64,168,2,CSE,1
6.08,1,10,5,1,96,82,271,1,MECH,1
9.93,6,4,6,3,69,29,145,2,CSE,1
7.63,4,2,4,0,28,26,262,3,MECH,1
7.74,3,8,7,1,79,75,22,1,ECE,1
6.13,6,9,4,2,84,31,239,4,CIVIL,1
7.56,6,8,1,1,29,55,345,3,MECH,1
5.84,2,5,7,3,62,96,226,3,CIVIL,1
5.87,1,7,1,2,2,42,318,8,IT,0
7.1,6,4,4,2,87,74,104,8,MECH,1
9.76,5,8,8,0,55,14,308,5,CIVIL,1
7.38,4,8,7,1,92,32,207,8,IT,1
5.87,2,2,2,3,43,53,72,5,IT,0
7.52,1,9,8,1,100,58,281,3,CIVIL,1
9.25,0,0,3,0,40,46,168,1,ECE,1
9.16,2,10,2,2,3,8,413,1,MECH,1
6.86,4,7,4,0,17,45,158,2,CSE,1
9.95,2,4,3,0,89,54,144,6,ECE,1
8.09,4,4,6,2,84,45,117,6,IT,1
7.98,4,2,3,2,42,87,29,1,CIVIL,1
5.73,2,6,8,1,9,96,21,4,MECH,1
5.78,0,1,8,0,86,79,314,1,IT,1
9.29,5,3,2,3,48,74,199,4,CIVIL,1
6.62,1,8,7,2,38,16,183,6,CIVIL,1
5.67,6,3,4,3,90,19,356,4,ECE,1
8.32,6,6,3,2,20,27,357,5,CIVIL,1
9.26,2,4,4,0,71,71,395,7,CIVIL,1
6.19,5,6,0,3,46,64,299,8,MECH,1
8.82,3,5,4,0,77,59,140,2,MECH,1
9.47,6,4,0,1,20,33,58,3,MECH,1
9.68,0,7,4,3,86,12,230,7,ECE,1
9.77,2,9,4,2,91,20,365,1,IT,1
9.6,1,10,2,1,20,21,56,2,ECE,1
7.27,6,2,0,0,68,24,343,6,CSE,1
7.0,2,2,7,0,25,90,449,8,MECH,1
5.85,5,6,5,2,51,68,407,3,CSE,1
8.01,3,4,2,3,69,20,56,6,CIVIL,1
7.11,2,7,0,1,0,66,164,6,CIVIL,1
8.74,6,2,8,0,42,68,127,2,MECH,1
5.73,2,2,5,1,95,38,194,5,ECE,1
5.95,0,5,8,0,82,81,115,1,ECE,1
5.95,6,8,0,2,36,10,320,2,CSE,1
6.16,6,10,0,3,26,26,339,2,CSE,1
7.11,5,8,1,1,92,46,411,6,MECH,1
9.05,0,9,7,3,79,1,73,3,ECE,1
6.51,3,5,5,3,63,70,67,8,CIVIL,1
5.92,3,1,6,2,41,21,95,5,ECE,1
7.03,4,7,1,0,50,46,485,2,CSE,1
7.33,3,5,8,0,75,99,326,8,ECE,1
9.37,3,1,0,0,72,89,483,6,IT,1
9.46,3,7,3,3,63,92,309,4,IT,1
7.34,3,3,1,0,57,31,101,8,ECE,1
8.69,4,9,3,1,50,97,16,8,CIVIL,1
7.44,5,0,8,3,54,1,62,1,IT,1
6.21,6,10,6,0,13,69,29,7,IT,1
8.2,1,3,0,2,100,51,171,7,ECE,1
8.8,0,0,6,2,3,7,165,6,CSE,1
9.33,0,9,8,1,34,63,291,4,MECH,1
9.46,2,9,4,3,74,1,94,8,CSE,1
7.31,6,9,3,2,83,0,129,1,CIVIL,1
5.65,4,8,4,1,76,78,44,4,IT,1
9.09,3,6,6,3,64,30,131,7,CIVIL,1
7.0,3,4,4,3,96,55,449,8,ECE,1
9.9,1,3,2,1,83,80,446,3,IT,1
8.71,1,7,3,3,48,31,196,4,MECH,1
9.78,6,0,0,3,63,64,451,7,CIVIL,1
6.47,2,1,5,2,70,85,347,6,ECE,1
8.37,0,3,5,1,58,75,319,2,CSE,1
8.65,5,1,0,0,97,74,175,6,CIVIL,1
8.55,6,3,0,3,65,73,167,3,IT,1
6.81,4,8,5,2,6,8,453,5,CSE,1
9.94,6,3,6,3,21,42,55,7,ECE,1
9.76,4,4,6,1,69,12,202,4,MECH,1
9.28,6,9,4,0,40,82,491,6,CSE,1
6.28,3,9,8,3,43,84,466,6,CSE,1
7.63,3,2,0,3,19,30,114,4,CIVIL,1
9.81,5,5,0,2,79,31,365,3,CIVIL,1
8.96,6,2,3,0,100,50,432,8,ECE,1
6.4,0,7,8,0,37,76,278,2,ECE,0
7.48,1,7,7,2,45,89,362,2,CIVIL,1
6.42,1,10,3,3,91,2,450,2,IT,1
7.2,1,3,4,0,80,30,476,6,CSE,1
6.08,5,7,1,2,78,63,250,3,MECH,1
7.53,2,2,0,3,31,20,303,7,IT,1
7.18,1,8,1,2,75,33,101,6,CSE,1
7.11,4,3,2,0,91,94,163,6,IT,1
9.66,1,9,1,0,27,37,349,2,MECH,1
6.89,3,5,2,3,98,58,242,6,IT,1
9.09,0,7,8,0,13,9,14,6,ECE,1
6.46,0,4,5,3,99,7,175,5,ECE,1
7.03,6,10,6,1,59,72,322,7,CSE,1
5.91,3,1,6,3,21,51,461,3,CSE,1
9.72,6,0,3,0,59,25,305,6,MECH,1
7.33,5,2,3,1,23,50,484,7,ECE,1
8.38,4,8,5,3,53,16,214,3,CIVIL,1
7.48,2,4,5,0,30,14,398,4,ECE,1
7.27,4,0,6,3,77,48,233,1,CSE,1
8.42,5,6,8,1,99,51,372,7,CSE,1
7.4,3,5,3,1,37,24,326,3,CIVIL,1
6.48,5,9,6,0,60,44,484,6,ECE,1
7.25,2,7,1,1,73,62,404,3,ECE,1
6.81,6,3,1,1,34,6,324,4,IT,1
8.27,2,1,8,0,65,88,418,1,CSE,1
7.7,6,0,5,0,63,56,254,8,ECE,1
8.34,4,9,6,2,32,96,303,4,IT,1
9.12,1,1,5,1,54,76,101,7,IT,1
7.66,4,5,5,2,61,95,327,8,CSE,1
7.49,0,8,5,3,7,37,56,8,CIVIL,1
5.58,5,5,0,0,50,34,392,5,ECE,1
7.42,3,7,6,0,49,76,443,8,CIVIL,1
8.49,6,7,5,3,66,11,168,8,CIVIL,1
6.99,3,1,7,1,16,42,257,4,MECH,1
5.63,3,10,1,2,45,70,496,3,CIVIL,1
7.57,2,6,4,3,0,100,46,3,ECE,1
9.37,6,1,7,1,71,10,473,2,IT,1
6.4,5,3,2,2,35,71,388,3,CIVIL,1
8.75,6,0,6,3,100,91,425,7,CSE,1
5.76,6,4,6,2,30,11,109,7,ECE,1
9.69,1,1,7,2,79,71,197,1,MECH,1
7.07,0,1,1,3,52,23,161,8,IT,1
5.96,5,6,3,2,20,28,409,1,CIVIL,1
8.41,4,1,6,2,39,99,132,6,MECH,1
8.95,5,7,8,2,13,14,71,4,ECE,1
7.71,2,8,4,0,61,39,200,5,CIVIL,1
5.71,6,3,0,2,22,90,116,5,IT,1
9.29,4,2,0,2,10,74,312,2,CSE,1
6.99,4,8,7,3,7,64,467,8,CIVIL,1
8.68,2,6,7,1,78,44,437,8,MECH,1
7.38,0,1,8,0,42,52,154,8,CSE,1
7.58,3,4,7,2,75,24,227,1,MECH,1
7.69,1,9,5,0,80,34,141,3,ECE,1
9.57,3,0,0,0,37,23,309,3,ECE,1
7.5,1,1,2,2,1,9,481,6,CSE,1
8.38,2,8,4,0,73,26,331,6,MECH,1
7.09,5,0,3,1,79,26,320,2,IT,1
7.91,1,3,7,2,68,74,189,3,MECH,1
8.42,4,2,5,2,88,82,54,7,MECH,1
7.02,1,1,6,1,95,73,17,5,MECH,1
9.07,0,2,5,0,33,9,186,2,MECH,1
6.3,0,10,0,3,14,37,168,8,CSE,1
7.41,6,4,0,3,47,39,125,6,CIVIL,1
8.91,1,4,1,2,68,50,373,6,MECH,1
5.87,0,5,6,1,99,27,238,1,CIVIL,1
9.42,0,9,4,1,78,18,444,7,MECH,1
7.8,0,9,5,2,36,44,304,3,ECE,1
9.89,1,8,6,0,66,1,166,7,CSE,1
8.68,1,5,6,3,32,50,123,4,ECE,1
9.64,6,10,3,3,17,82,436,1,IT,1
5.67,6,6,0,1,67,33,47,4,IT,1
7.43,4,2,1,2,13,1,15,6,IT,1
8.4,2,1,0,2,81,2,176,1,IT,1
9.42,0,8,8,2,46,29,230,1,MECH,1
8.33,1,6,7,2,49,40,482,4,MECH,1
6.08,3,3,8,0,98,17,145,3,CSE,1
7.07,2,7,5,0,88,82,310,6,CSE,1
8.19,1,10,3,2,28,13,256,7,ECE,1
8.41,1,9,8,0,95,40,466,8,ECE,1
9.35,3,4,5,2,71,90,96,1,CSE,1
7.74,5,9,7,3,43,74,490,8,CSE,1
9.29,0,9,3,3,71,33,302,4,CSE,1
7.03,6,0,0,2,63,89,487,4,CIVIL,1
9.14,1,7,1,2,39,74,27,8,MECH,1
6.55,2,5,6,0,16,100,266,4,IT,1
7.7,0,8,3,3,87,98,103,4,CIVIL,1
5.9,3,9,4,1,11,43,117,5,CIVIL,1
9.05,2,5,0,1,12,0,306,5,IT,1
8.37,2,3,2,2,91,0,467,3,CIVIL,1
7.05,5,4,3,2,48,55,363,1,ECE,1
8.36,2,8,6,1,19,96,103,2,ECE,1
8.46,2,3,8,1,19,23,253,3,CIVIL,1
8.64,4,3,8,0,54,12,368,2,MECH,1
8.12,1,4,1,0,10,92,342,6,CSE,1
6.24,5,7,7,3,21,93,254,1,CIVIL,1
7.39,3,7,1,2,4,26,456,6,CIVIL,1
6.54,6,10,7,0,65,14,139,1,MECH,1
6.92,3,2,3,1,50,64,464,6,CIVIL,1
5.98,4,9,1,3,47,42,2,1,MECH,1
8.57,3,9,0,3,74,9,180,6,ECE,1
8.88,5,8,6,1,83,57,272,4,MECH,1
5.86,2,6,2,3,66,82,298,5,CIVIL,1
6.99,5,0,5,2,74,66,433,6,ECE,1
7.59,3,1,6,0,27,99,497,1,MECH,1
8.46,2,2,7,1,19,26,221,8,ECE,1
9.88,0,7,2,2,70,87,375,3,IT,1
9.82,3,4,3,1,55,13,305,5,MECH,1
9.71,6,8,1,2,2,31,200,8,IT,1
7.94,1,8,0,3,13,82,395,6,MECH,1
9.15,6,0,3,2,60,42,291,4,CSE,1
8.55,2,4,5,2,43,95,435,3,CSE,1
8.4,0,7,5,3,53,16,445,1,CIVIL,1
9.08,0,0,0,3,78,74,89,7,IT,1
7.9,2,4,3,1,27,66,272,6,MECH,1
6.21,3,4,1,0,9,58,211,6,MECH,1
8.39,5,9,3,1,12,87,470,5,MECH,1
7.06,2,7,8,3,53,6,295,1,MECH,1
6.54,2,7,3,3,63,27,203,8,IT,1
9.7,0,9,0,2,71,65,22,1,CSE,1
6.78,5,0,1,1,76,32,390,8,CSE,1
6.88,3,8,3,0,41,63,330,6,ECE,1
5.95,2,5,7,3,47,50,340,3,IT,1
8.44,1,8,5,2,99,41,207,8,IT,1
6.9,1,3,4,2,79,89,39,8,CSE,1
8.2,5,1,4,1,69,17,194,4,CSE,1
7.87,5,4,8,3,82,34,85,7,CSE,1
9.38,2,6,0,1,46,77,244,6,CIVIL,1
6.35,4,4,3,3,2,73,231,5,IT,1
9.69,4,6,0,0,39,13,243,1,MECH,1
9.01,6,9,8,0,88,56,363,3,CSE,1
6.25,2,6,5,3,93,24,323,3,CIVIL,1
9.83,4,4,5,0,94,26,24,5,CSE,1
9.25,0,10,4,1,51,54,333,2,IT,1
6.42,3,3,0,3,58,3,247,2,CSE,1
9.86,3,5,1,1,2,98,385,2,ECE,1
5.97,0,10,3,2,45,20,493,7,MECH,1
6.02,5,8,8,2,22,0,222,5,CIVIL,1
8.31,6,5,8,3,60,12,411,8,CSE,1
9.22,6,6,8,2,66,85,40,7,MECH,1
6.13,4,2,6,1,24,0,499,5,ECE,1
8.11,3,5,4,0,58,91,259,4,ECE,1
6.78,6,3,6,0,86,15,172,1,MECH,1
5.96,1,0,6,2,1,7,476,1,CSE,1
8.94,5,6,1,3,8,39,440,4,CSE,1
5.53,2,5,6,0,68,5,253,2,CIVIL,1
8.67,3,5,2,0,9,12,45,6,CIVIL,1
7.02,0,0,5,3,27,95,353,2,CSE,1
7.28,0,1,3,2,26,44,53,4,CSE,1
6.23,5,6,8,0,25,42,228,5,IT,1
6.92,3,7,8,2,40,80,106,8,ECE,1
6.36,2,5,7,2,53,60,6,5,ECE,1
5.67,3,8,2,0,71,56,28,2,MECH,1
5.7,5,10,7,2,1,59,499,5,ECE,1
6.88,3,7,6,0,30,34,462,8,IT,1
8.83,4,0,8,1,71,87,167,5,CIVIL,1
8.51,6,2,2,3,43,28,33,1,CSE,1
9.25,5,9,5,3,6,92,193,5,CSE,1
7.77,1,6,7,3,79,2,122,8,MECH,1
9.76,2,8,4,3,15,22,446,6,CSE,1
5.99,0,9,8,3,78,13,260,1,CSE,1
7.2,6,2,1,1,80,29,441,8,MECH,1
9.23,0,8,8,2,11,17,13,5,MECH,1
6.93,2,4,5,2,16,15,327,7,ECE,1
6.0,2,9,3,2,60,97,373,7,MECH,1
6.51,3,5,0,2,71,51,258,2,CIVIL,1
9.51,3,6,3,0,67,29,387,1,CSE,1
9.98,2,7,7,0,1,17,436,4,CSE,1
5.83,3,10,1,2,34,69,97,2,ECE,1
5.71,6,5,5,0,10,61,456,8,IT,1
9.41,4,6,0,2,83,59,282,8,IT,1
7.11,4,3,6,0,64,6,342,3,MECH,1
7.54,5,5,7,0,62,99,364,7,CIVIL,1
7.36,6,3,7,1,74,46,20,5,IT,1
9.75,1,8,0,2,18,51,102,1,ECE,1
5.97,5,0,1,3,55,92,380,1,IT,1
9.8,2,2,1,0,35,52,268,4,IT,1
7.99,6,9,4,0,73,72,24,8,CSE,1
8.66,1,8,4,3,17,90,231,7,CIVIL,1
5.64,2,8,6,3,23,3,82,5,CSE,1
7.46,5,1,0,2,67,9,14,7,IT,1
6.76,6,5,2,3,64,58,20,6,CIVIL,1
9.02,0,10,3,3,13,83,67,7,CIVIL,1
7.36,6,6,2,0,51,22,440,3,IT,1
9.69,4,1,4,1,31,53,393,6,CIVIL,1
5.83,1,10,2,2,58,49,269,3,CIVIL,1
8.06,0,2,7,2,79,66,246,2,MECH,1
6.68,3,9,4,1,5,3,215,2,MECH,1
7.14,1,3,2,2,89,3,219,2,ECE,1
7.93,0,10,7,3,33,17,459,6,MECH,1
5.97,4,3,8,2,73,78,426,3,CIVIL,1
6.03,6,3,5,3,30,58,239,4,CSE,1
6.6,6,9,1,1,66,11,57,5,CIVIL,1
6.65,0,10,1,3,18,86,232,3,IT,1
6.1,0,8,0,2,58,96,77,6,MECH,1
6.33,1,0,0,0,24,50,455,1,CSE,1
7.16,3,10,7,3,4,11,59,1,CSE,1
7.3,2,6,7,0,1,25,40,7,MECH,1
6.34,5,8,7,1,48,56,101,2,CIVIL,1
7.28,6,2,8,1,94,30,140,8,CIVIL,1
7.5,4,6,8,3,43,8,124,7,CIVIL,1
6.51,2,5,3,2,100,33,426,5,ECE,1
7.18,5,9,0,1,22,10,273,7,CSE,1
5.77,4,5,0,2,68,79,12,2,CSE,1
8.46,6,10,8,0,2,55,441,5,MECH,1
9.61,0,0,1,2,34,23,274,8,MECH,1
6.4,6,6,8,3,11,89,149,6,CSE,1
7.61,1,6,4,0,89,62,340,3,IT,1
6.56,5,4,3,0,73,20,270,8,CSE,1
6.25,2,7,7,1,18,1,470,4,ECE,1
6.44,4,6,0,3,65,43,241,6,IT,1
9.26,0,0,4,1,41,17,86,5,IT,1
7.85,1,10,8,3,19,68,166,1,IT,1
8.5,2,6,1,3,25,74,196,1,IT,1
5.51,5,2,0,1,31,58,348,6,IT,1
8.23,4,0,3,1,38,28,371,8,CSE,1
7.6,0,3,6,0,16,81,122,3,MECH,1
9.18,2,5,7,0,53,51,39,3,CSE,1
8.4,2,8,7,0,30,67,453,6,CIVIL,1
9.31,3,2,4,2,15,49,468,1,CIVIL,1
7.48,3,3,6,3,29,84,149,6,ECE,1
9.08,3,8,8,1,80,30,72,7,MECH,1
7.87,2,2,0,3,64,76,395,1,MECH,1
9.24,5,7,3,1,73,13,5,6,ECE,1
7.69,5,4,8,0,32,61,266,3,IT,1
5.73,0,6,6,0,53,98,451,8,CSE,1
9.15,3,3,1,0,25,78,0,5,CIVIL,1
10.0,1,1,2,0,79,47,396,2,MECH,1
7.86,2,10,2,3,99,97,354,3,ECE,1
5.77,1,10,0,0,88,19,7,7,IT,1
6.79,4,9,4,0,83,52,304,8,ECE,1
5.53,2,9,7,1,52,33,202,1,IT,1
7.06,4,4,4,2,24,58,307,1,IT,1
6.89,4,3,2,0,55,23,437,1,IT,0
8.38,0,7,5,1,31,56,492,4,MECH,1
5.61,1,8,6,1,97,92,129,7,MECH,1
9.93,5,6,8,1,62,84,298,7,IT,1
6.95,2,5,4,0,90,41,95,5,CIVIL,1
6.15,0,1,4,2,64,24,316,6,IT,1
7.7,0,4,3,1,60,68,347,5,CSE,1
8.46,3,7,6,2,100,3,320,3,CIVIL,1
9.96,2,9,7,3,57,17,487,2,ECE,1
9.87,2,8,6,3,80,42,479,5,IT,1
7.1,5,5,2,1,98,42,357,6,CSE,1
7.4,4,2,5,0,99,50,137,5,MECH,1
6.92,0,5,5,2,0,43,294,3,CSE,1
6.53,4,3,7,3,60,78,484,1,ECE,1
8.9,5,1,8,0,97,26,304,2,CSE,1
8.03,4,9,2,3,26,82,97,4,CIVIL,1
7.23,5,1,8,3,41,84,479,7,IT,1
6.19,0,2,5,3,19,90,326,5,MECH,1
7.45,4,0,1,2,67,26,369,3,MECH,1
7.3,2,7,2,3,67,95,497,4,IT,1
9.07,0,2,5,0,47,34,247,8,ECE,1
8.11,4,8,1,3,76,44,466,2,CSE,1
6.11,3,7,1,3,78,1,387,8,MECH,1
9.91,0,4,1,2,62,5,119,3,ECE,1
8.8,3,5,4,1,57,74,446,8,MECH,1
6.82,2,10,2,1,25,50,326,2,MECH,1
7.8,4,8,7,1,90,15,24,7,CSE,1
8.16,5,5,0,1,67,44,139,4,ECE,1
5.97,3,7,1,3,12,4,383,4,CIVIL,1
6.86,5,6,8,1,4,26,89,1,MECH,1
6.27,5,1,5,2,22,92,224,3,MECH,1
9.03,4,8,3,2,2,5,223,5,MECH,1
9.01,1,10,5,2,38,50,5,5,IT,1
6.34,6,6,4,3,76,35,231,7,MECH,1
7.29,0,7,2,0,51,60,456,4,CSE,1
7.54,4,1,4,3,93,15,339,6,MECH,1
8.48,0,5,4,0,41,80,268,7,CSE,1
8.54,6,8,6,0,15,70,434,7,IT,1
9.83,1,6,6,2,10,61,271,5,IT,1
8.21,5,3,4,2,0,67,160,1,MECH,1
9.15,4,3,6,3,56,9,188,8,MECH,1
8.65,4,1,4,2,33,9,498,2,IT,1
7.56,4,7,1,3,75,89,371,7,MECH,1
7.07,4,10,3,0,46,8,443,4,IT,1
7.86,6,1,1,0,83,9,236,5,ECE,1
8.39,3,3,6,2,93,35,265,1,IT,1
8.32,1,0,0,1,45,15,403,8,IT,1
8.03,4,0,3,3,82,49,194,8,CSE,1
7.93,4,7,3,1,99,36,340,8,CIVIL,1
5.99,4,6,8,3,86,30,176,5,CSE,1
6.69,0,10,1,3,89,62,91,4,CIVIL,1
9.86,3,1,6,3,85,38,453,6,ECE,1
8.68,4,10,2,2,68,35,46,8,CSE,1
7.52,6,10,4,3,16,83,167,5,MECH,1
7.58,5,9,1,1,75,100,155,8,ECE,1
6.44,4,2,6,2,37,32,9,2,CIVIL,1
6.45,3,9,8,0,98,22,200,4,MECH,1
7.99,5,4,3,0,91,79,297,3,ECE,1
7.9,6,3,0,3,52,74,143,2,ECE,0
9.96,6,7,7,2,19,94,397,6,CIVIL,1
8.84,5,8,8,0,18,46,212,3,CSE,1
6.49,1,5,0,3,91,56,430,4,IT,1
8.26,0,2,8,0,37,39,22,1,CIVIL,1
7.05,6,9,7,1,0,54,168,6,IT,1
8.45,5,1,1,0,67,38,487,4,ECE,1
7.79,1,6,2,3,26,42,442,1,MECH,1
6.56,3,6,3,1,74,26,68,2,CSE,1
6.61,5,2,7,2,76,100,231,8,IT,1
6.73,4,4,1,3,77,93,24,7,ECE,1
7.72,3,6,5,2,44,75,466,1,MECH,1
6.0,4,9,4,2,63,90,436,3,ECE,1
5.72,0,0,8,2,5,23,99,1,IT,1
6.31,4,4,2,0,73,29,484,3,CIVIL,1
8.96,3,3,8,3,10,56,415,6,MECH,1
6.46,4,9,4,1,32,44,103,7,MECH,1
7.06,5,6,6,3,12,76,413,2,CIVIL,1
6.64,6,1,3,3,29,36,243,5,ECE,1
8.72,2,10,1,0,81,39,183,8,CIVIL,1
6.12,6,3,6,2,44,20,122,7,IT,1
8.98,4,2,8,0,74,80,422,7,ECE,1
9.53,2,1,2,0,49,52,338,4,ECE,1
7.58,6,8,3,1,73,30,105,3,IT,1
6.77,1,4,3,2,100,89,169,6,ECE,1
7.98,0,0,6,0,61,0,254,6,CSE,1
5.85,1,0,7,3,9,23,239,2,CIVIL,1
5.68,4,4,8,1,13,62,14,8,ECE,1
6.69,2,6,5,1,40,87,204,2,CIVIL,1
7.52,4,5,1,2,80,5,453,4,ECE,1
9.46,1,9,7,0,66,5,231,4,MECH,1
7.86,3,0,2,1,46,51,456,1,IT,1
9.05,0,9,4,0,64,23,390,5,CIVIL,1
6.64,2,0,5,2,82,96,239,7,IT,1
9.78,5,10,6,1,52,78,493,5,CSE,1
6.37,0,9,7,1,78,76,43,3,MECH,1
9.45,2,10,2,1,18,49,103,1,ECE,1
9.27,6,0,7,2,41,19,432,6,ECE,1
7.27,2,10,4,0,16,40,458,6,MECH,1
9.4,2,5,0,3,84,37,406,3,CIVIL,1
6.88,0,10,3,2,71,82,183,7,MECH,1
8.62,4,9,6,0,39,85,461,4,CIVIL,1
7.97,1,3,4,1,26,100,496,4,MECH,1
6.72,6,4,7,1,55,47,234,2,CSE,1
9.94,4,8,0,3,43,52,451,6,ECE,1
7.08,1,6,6,3,57,31,136,4,CSE,1
8.77,0,2,0,3,53,6,352,2,CSE,1
8.51,1,10,0,1,9,19,467,2,CSE,1
8.19,5,2,1,2,8,59,486,5,MECH,1
7.33,6,0,1,2,84,81,127,6,CIVIL,1
9.93,6,6,3,0,28,10,270,8,IT,1
5.5,6,2,6,0,69,15,122,4,CIVIL,1
5.94,4,2,6,0,5,52,371,3,CIVIL,1
5.55,4,8,6,3,8,1,112,4,IT,1
5.7,1,10,8,3,43,65,193,1,IT,1
9.81,2,8,5,1,64,16,394,2,CIVIL,1
7.03,6,2,3,0,14,0,356,3,ECE,1
9.15,3,1,0,1,60,47,324,1,MECH,1
6.81,3,10,2,1,100,10,94,3,CIVIL,1
9.04,6,1,5,2,31,76,197,2,MECH,1
8.83,5,3,0,0,17,20,420,6,CSE,1
7.38,1,6,1,2,95,23,344,6,IT,1
6.75,6,5,7,2,56,84,179,1,IT,1
8.74,5,2,5,1,8,56,73,6,IT,1
8.44,3,3,6,1,43,14,9,7,IT,1
7.55,2,6,1,2,29,7,321,6,CIVIL,1
8.98,1,6,2,1,27,38,408,4,CIVIL,1
7.89,0,7,6,2,7,44,149,5,CIVIL,1
8.56,3,5,1,0,98,92,483,7,CSE,1
9.87,4,8,7,0,46,16,258,1,CSE,1
9.57,6,2,5,0,48,24,429,2,ECE,1
9.68,3,6,1,2,50,98,123,4,ECE,1
6.17,2,5,2,0,21,0,399,4,CIVIL,0
5.66,5,10,3,0,34,83,305,6,ECE,1
8.58,3,7,0,1,93,88,299,7,IT,1
7.16,0,0,7,0,8,97,261,3,MECH,1
9.59,5,4,1,1,39,85,258,7,ECE,1
7.1,6,3,6,3,75,56,264,2,CIVIL,1
9.49,6,4,0,2,55,25,146,7,IT,1
7.66,3,3,1,0,28,23,480,3,MECH,1
6.63,2,0,1,3,8,68,446,6,CIVIL,1
8.4,1,6,6,3,34,46,294,8,MECH,1
6.77,3,0,3,2,8,46,274,8,CIVIL,1
8.5,0,10,4,3,27,100,386,1,MECH,1
7.07,4,1,7,1,74,97,466,6,CIVIL,1
9.31,4,8,1,2,23,63,298,6,CIVIL,1
8.52,0,7,7,2,33,62,307,2,IT,1
6.84,3,4,1,0,44,46,136,5,CSE,1
7.4,5,5,5,1,74,29,6,3,CIVIL,1
6.01,1,5,4,1,22,52,44,1,CIVIL,1
9.76,0,10,2,0,91,15,409,1,CSE,1
8.66,1,10,8,1,14,17,187,5,ECE,1
8.01,0,0,7,2,43,11,420,3,IT,1
9.45,4,3,4,3,48,69,195,8,CIVIL,1
7.11,3,5,6,1,63,47,447,6,ECE,1
6.67,6,9,5,2,91,39,392,4,ECE,1
6.05,2,9,6,0,37,13,400,8,ECE,1
8.4,3,7,6,0,78,100,450,4,ECE,1
6.72,2,7,1,1,99,11,325,5,CSE,1
6.54,5,5,2,1,34,49,280,3,ECE,1
5.94,3,6,3,0,6,14,253,4,MECH,1
8.84,6,2,3,3,11,5,468,6,ECE,1
8.81,6,2,4,0,50,1,246,3,IT,1
6.51,1,10,8,3,41,75,380,8,CSE,1
6.35,2,9,7,3,18,47,192,2,CSE,1
7.43,6,10,4,1,42,41,146,7,CSE,1
6.19,4,6,1,1,40,41,233,1,ECE,1
8.63,3,6,6,3,40,1,340,1,CSE,1
9.69,0,4,5,0,99,35,69,8,IT,1
6.54,3,10,5,3,84,4,414,7,MECH,1
6.61,4,6,1,2,36,33,408,4,IT,1
8.15,6,4,6,2,50,15,423,1,CSE,1
7.64,1,10,8,0,6,69,473,2,ECE,1
6.99,2,6,1,3,53,31,220,5,CIVIL,1
6.68,1,9,8,3,83,27,230,8,IT,1
9.78,0,9,1,2,16,59,32,3,IT,1
7.96,1,9,1,2,64,68,102,3,CSE,1
7.79,3,5,3,0,26,8,415,4,CIVIL,1
7.85,5,3,6,1,78,47,366,8,CIVIL,1
5.52,3,6,0,3,33,59,57,3,ECE,1
7.81,5,9,0,2,55,40,468,8,MECH,1
6.91,5,9,2,2,36,54,376,5,CSE,1
6.87,0,3,0,0,35,29,108,1,ECE,1
8.1,1,0,3,3,47,17,479,4,ECE,1
7.11,3,3,1,0,81,49,420,5,CIVIL,1
8.39,6,9,6,1,81,69,108,1,ECE,1
7.05,3,7,8,0,75,53,46,2,CIVIL,1
8.62,5,5,4,1,89,32,440,3,CSE,1
7.7,4,0,3,2,5,52,209,7,ECE,1
9.56,0,8,4,3,49,77,235,5,CSE,1
9.28,2,5,0,0,100,97,67,3,ECE,1
6.0,2,3,3,2,51,69,166,8,CIVIL,1
7.46,6,8,6,2,68,55,121,7,CIVIL,1
9.34,0,3,6,0,73,71,334,3,ECE,1
7.08,5,10,4,0,30,56,139,1,ECE,1
6.05,3,4,5,0,51,39,385,4,CSE,1
8.07,3,9,3,2,71,89,323,2,ECE,1
7.87,5,3,2,0,59,48,290,3,IT,1
8.1,6,2,3,0,6,20,470,2,CIVIL,1
8.42,1,10,0,3,60,52,369,3,ECE,1
7.64,3,8,2,2,80,96,351,6,CIVIL,1
9.31,5,3,8,1,72,55,194,1,CIVIL,1
8.74,5,5,4,3,87,20,458,5,ECE,1
7.82,0,3,7,0,29,93,31,3,IT,1
9.82,4,0,4,3,52,75,130,1,MECH,1
8.15,3,0,1,2,26,71,355,6,MECH,1
9.84,6,4,3,3,30,41,4,4,CSE,1
9.1,5,0,5,3,32,41,39,5,ECE,1
6.92,5,10,5,2,14,83,139,5,ECE,1
6.89,0,5,8,2,90,35,339,5,CIVIL,1
8.32,3,2,8,0,92,92,164,6,ECE,1
6.77,6,8,7,0,75,79,102,2,CSE,1
8.11,4,4,4,2,18,75,185,1,ECE,1
7.39,6,0,1,2,79,76,284,8,IT,1
9.46,1,10,3,1,45,29,197,1,CSE,1
8.26,2,3,6,0,88,100,47,3,MECH,1
9.21,3,4,7,3,13,21,411,1,ECE,1
6.19,1,5,4,2,27,25,320,5,MECH,1
8.12,2,4,0,3,27,40,178,2,IT,1
8.45,2,2,2,3,87,80,479,5,CSE,1
6.76,4,7,2,2,96,70,78,7,CSE,1
8.15,6,7,8,3,70,15,369,4,CSE,1
9.17,0,1,4,2,61,79,352,1,ECE,1
6.63,5,8,5,3,97,18,292,2,MECH,1
5.89,0,7,6,3,3,79,463,8,IT,1
7.85,1,2,5,2,78,68,471,4,CIVIL,1
9.94,4,9,8,3,79,13,204,7,IT,1
8.56,1,4,0,1,42,35,112,1,CSE,1
7.28,0,2,1,3,19,55,449,4,CIVIL,1
7.63,6,1,4,2,41,25,30,6,ECE,1
7.28,4,8,1,1,58,2,156,6,ECE,1
5.58,3,4,7,0,71,93,20,7,IT,1
8.82,3,9,0,1,28,60,0,5,IT,1
9.8,6,5,6,2,91,32,70,1,IT,1
6.75,4,0,8,2,61,30,204,1,CSE,1
8.89,5,5,2,1,60,18,18,3,MECH,1
8.6,4,4,0,3,76,57,459,1,CIVIL,1
9.6,6,5,2,3,62,51,416,4,MECH,1
5.96,2,2,7,0,22,2,223,7,MECH,1
8.57,2,4,5,3,94,2,331,6,MECH,1
7.36,1,9,2,3,6,45,254,6,CSE,1
6.43,0,3,0,3,10,2,500,7,MECH,1
9.33,5,8,1,3,83,69,274,6,CSE,1
9.15,4,3,2,1,14,13,243,3,IT,1
5.81,4,7,0,3,45,87,84,7,MECH,1
9.51,5,6,8,1,54,30,351,2,CSE,1
9.77,6,0,2,3,35,66,475,5,ECE,1
6.02,6,10,8,3,60,10,87,4,CIVIL,1
5.58,1,9,8,2,92,54,97,1,CIVIL,1
7.47,0,10,5,3,21,93,128,4,MECH,1
7.8,1,2,1,2,63,21,239,8,CSE,1
6.68,2,3,7,2,83,34,469,7,ECE,1
5.96,2,7,7,2,39,51,92,6,CIVIL,1
9.83,1,10,0,2,13,93,291,7,MECH,1
9.72,0,3,5,1,91,97,399,2,CIVIL,1
9.1,2,3,2,2,79,4,483,7,ECE,1
9.59,2,3,4,0,52,0,342,7,MECH,1
8.04,4,8,5,0,65,0,308,4,IT,1
6.28,2,1,7,1,84,100,427,7,CIVIL,1
9.1,5,8,0,0,59,80,406,8,CSE,1
5.69,5,4,0,3,98,1,411,5,IT,1
8.32,2,8,5,2,18,82,317,2,IT,1
9.35,2,4,6,0,51,76,311,7,MECH,1
8.61,4,7,3,3,37,48,369,6,IT,1
9.04,2,4,4,1,5,77,197,3,ECE,1
7.34,1,8,6,1,39,58,111,7,MECH,1
6.17,1,5,6,2,85,18,237,7,IT,1
9.07,3,8,7,0,52,4,151,7,IT,1
8.38,6,1,6,3,39,100,405,8,CSE,1
9.85,4,1,5,1,65,45,54,5,MECH,1
9.93,2,9,6,2,96,86,48,7,CIVIL,1
9.43,0,6,4,1,78,6,127,7,CSE,1
9.74,1,8,1,0,100,56,405,8,IT,1
5.92,3,8,5,0,6,4,215,8,IT,1
9.48,4,7,7,0,40,86,339,8,CIVIL,1
9.38,0,7,0,1,67,38,479,5,CSE,1
7.47,0,9,0,0,54,32,303,6,MECH,1
7.05,6,3,4,0,31,20,282,7,MECH,1
8.28,4,2,0,0,87,54,20,8,CIVIL,1
6.22,4,3,8,3,42,92,224,7,ECE,1
8.04,0,10,2,2,32,64,496,5,CSE,1
5.72,2,4,2,2,36,5,14,3,MECH,1
7.89,3,7,8,0,85,67,490,8,IT,1
6.49,2,3,3,3,2,56,157,7,CIVIL,1
6.77,4,9,6,1,30,36,426,7,CSE,1
7.9,4,8,2,2,75,3,38,8,IT,1
7.98,6,0,5,0,78,43,414,6,IT,1
8.13,3,8,4,2,76,89,128,4,ECE,1
9.92,3,6,0,3,100,18,117,7,ECE,1
5.53,3,6,2,2,29,71,21,2,MECH,1
7.17,1,9,3,3,62,44,120,5,MECH,1
8.36,0,3,1,1,1,13,137,8,MECH,1
9.84,3,5,7,3,83,16,217,1,ECE,1
7.15,3,2,2,1,61,87,413,1,CSE,1
8.05,6,2,4,2,56,39,188,7,MECH,1
9.35,2,7,3,2,22,93,498,1,IT,1
7.87,0,0,4,0,47,10,41,1,IT,1
8.79,4,4,4,2,78,69,312,4,MECH,1
6.96,6,2,1,1,34,61,458,5,CIVIL,1
6.7,0,7,0,3,52,65,478,5,CSE,1
7.01,0,6,0,1,53,94,242,6,IT,1
8.76,1,5,7,0,57,93,475,1,MECH,1
7.46,5,2,8,3,53,61,258,7,CIVIL,1
7.42,1,1,0,3,8,51,481,8,CSE,1
8.21,0,0,1,1,73,4,484,5,CIVIL,1
6.32,4,6,2,2,19,5,281,2,IT,1
7.5,3,3,8,3,68,12,430,1,MECH,1
7.85,2,10,6,3,22,77,193,4,CIVIL,1
9.02,0,9,4,0,26,90,459,5,ECE,1
5.89,2,6,5,1,50,37,91,7,ECE,1
6.66,1,5,1,0,72,19,249,4,MECH,0
5.89,2,6,6,3,100,2,251,2,IT,1
8.08,5,4,0,2,2,0,387,8,MECH,1
8.77,1,0,6,1,71,15,214,6,ECE,1
8.79,3,0,0,2,81,43,485,3,IT,1
6.41,4,7,4,2,20,99,459,5,ECE,1
6.24,6,3,4,0,30,17,384,5,IT,1
9.59,4,5,7,2,88,12,178,8,CSE,1
6.77,4,7,5,1,72,100,200,4,IT,1
8.1,0,0,8,1,10,60,445,4,CIVIL,1
6.52,3,3,5,1,19,39,221,1,CIVIL,1
9.96,2,6,6,2,40,83,404,5,IT,1
6.67,6,0,7,1,58,88,282,3,MECH,1
9.92,1,2,3,3,99,67,104,3,MECH,1
8.86,2,1,6,0,63,95,483,3,ECE,1
9.2,1,7,6,3,85,67,90,5,CSE,1
7.23,2,9,3,0,89,83,331,4,ECE,1
7.57,0,10,2,0,18,74,444,2,MECH,1
7.79,0,8,2,1,53,92,30,2,MECH,1
9.27,1,10,1,2,18,83,15,3,MECH,1
9.77,2,0,7,2,65,8,179,5,CSE,1
5.68,4,5,6,2,86,15,242,8,IT,1
7.44,2,1,6,3,15,34,91,5,MECH,1
6.88,2,7,7,1,98,85,425,6,ECE,1
5.83,4,9,3,1,14,60,399,4,IT,1
6.78,2,7,0,0,40,38,121,6,CSE,1
7.45,3,1,5,1,1,42,158,8,CSE,1
5.74,5,4,7,2,35,70,269,8,MECH,1
7.53,1,8,5,1,80,49,388,4,MECH,1
8.5,3,9,7,2,69,28,474,6,ECE,1
7.98,2,10,0,0,81,13,442,2,MECH,1
6.61,6,4,8,1,32,57,38,6,ECE,1
9.73,0,2,5,0,36,22,481,7,MECH,1
6.5,5,8,3,1,72,23,382,7,CSE,1
6.28,3,8,4,3,29,21,477,1,ECE,1
9.17,4,10,1,3,87,69,413,1,CIVIL,1
8.49,1,4,0,1,69,90,441,4,CIVIL,1
5.89,5,2,2,3,58,28,110,3,MECH,1
8.46,2,9,2,0,84,44,181,3,IT,1
8.89,5,5,1,1,56,74,201,7,CSE,1
9.3,2,5,2,3,67,71,283,2,MECH,1
9.87,2,4,8,3,40,61,259,2,CSE,1
8.03,0,0,2,0,68,78,254,2,ECE,1
8.88,3,7,6,2,71,2,4,8,CSE,1
7.56,0,3,5,3,28,13,114,7,IT,1
7.35,2,2,4,1,53,43,299,3,MECH,1
8.62,5,4,8,0,0,32,444,7,IT,1
9.98,1,9,2,0,87,19,236,8,MECH,1
9.96,3,10,2,1,78,33,262,1,CIVIL,1
7.11,5,4,5,2,36,8,482,7,MECH,1
7.41,2,9,6,1,91,1,406,8,CIVIL,1
8.55,0,7,0,3,48,65,387,7,CIVIL,1
6.83,4,3,0,3,97,33,122,3,CIVIL,1
7.63,1,1,8,0,75,19,493,2,IT,1
7.73,5,10,3,3,41,48,151,8,IT,1
7.8,6,7,4,2,72,37,314,4,ECE,1
7.65,4,7,5,3,67,54,411,3,CSE,1
8.76,5,9,4,2,11,37,91,8,IT,1
7.05,5,5,6,2,10,62,425,6,IT,1
9.27,6,1,8,3,37,30,201,4,ECE,1
6.43,0,9,2,1,62,91,384,3,ECE,1
8.03,2,1,3,2,59,86,7,1,IT,1
9.6,2,0,5,1,79,96,284,6,IT,1
9.94,0,5,6,3,17,50,187,4,CSE,1
7.23,0,4,5,1,80,79,123,5,IT,1
8.74,3,10,4,1,57,54,256,5,ECE,1
9.79,1,1,8,0,48,10,206,5,ECE,1
9.77,3,0,5,0,20,15,423,3,IT,1
7.93,3,9,7,3,8,71,467,3,ECE,1
5.71,6,2,3,1,7,51,437,2,CIVIL,1
9.5,6,1,1,2,39,71,400,7,MECH,1
7.13,1,10,3,2,9,32,303,8,MECH,1
8.47,2,5,6,2,25,100,148,5,CSE,1
6.23,4,6,3,1,80,52,135,2,MECH,1
7.87,4,10,0,3,98,31,325,6,IT,1
6.18,0,7,4,0,4,47,416,4,MECH,1
5.73,1,3,7,0,85,22,64,5,CIVIL,1
7.73,6,4,2,3,12,28,136,1,CIVIL,1
7.76,3,0,7,2,52,38,244,1,ECE,1
7.72,1,2,7,1,97,50,354,4,ECE,1
7.01,1,1,2,0,59,0,405,3,ECE,1
7.99,2,9,2,3,56,2,156,6,IT,1
6.8,5,0,5,1,97,93,458,1,CIVIL,1
6.1,6,4,3,0,30,35,164,1,MECH,1
6.52,0,0,6,1,34,49,59,5,CIVIL,1
9.17,1,10,1,1,87,26,1,1,IT,1
6.79,1,3,3,3,34,81,188,2,CIVIL,1
7.3,6,4,3,3,19,59,1,2,CSE,1
7.5,3,7,7,3,11,22,305,4,CSE,1
9.01,1,8,4,0,43,4,324,2,IT,1
8.61,4,1,4,1,35,46,313,8,IT,1
6.73,1,4,7,0,21,66,438,4,IT,1
5.84,1,5,2,3,93,18,336,8,IT,0
8.53,5,0,0,2,87,34,205,5,MECH,1
5.86,2,9,7,3,27,97,48,8,IT,1
9.45,6,0,7,3,22,100,84,4,MECH,1
9.43,4,7,4,2,22,34,350,8,CIVIL,1
8.05,3,8,7,2,42,12,355,1,ECE,1
7.93,0,7,6,0,1,72,285,3,IT,1
6.7,6,7,8,1,82,13,482,6,IT,1
8.26,4,1,0,0,55,16,63,5,CSE,1
8.11,4,2,6,3,85,31,64,8,CIVIL,1
7.22,6,8,4,0,9,82,18,5,CSE,1
6.0,5,8,7,1,5,30,488,3,IT,1
7.29,1,4,3,2,62,66,488,8,CIVIL,1
7.64,6,0,3,1,41,31,111,5,CIVIL,1
8.27,6,2,1,0,70,1,476,1,CIVIL,1
6.15,0,0,0,2,50,0,177,5,CSE,0
7.57,3,3,5,0,4,76,444,3,MECH,1
8.54,6,2,4,0,82,68,227,8,ECE,1
9.89,1,9,4,3,98,53,489,8,MECH,1
9.26,4,4,5,2,24,70,13,5,MECH,0
6.8,6,6,7,1,7,14,31,4,IT,1
8.26,6,2,2,0,79,86,436,6,IT,1
7.55,0,2,8,0,30,59,432,5,ECE,1
6.59,1,5,8,0,2,5,487,7,CSE,1
9.88,5,9,1,1,15,17,33,2,CIVIL,1
8.79,6,1,0,3,0,15,59,2,CSE,1
9.75,3,0,4,0,59,43,386,5,MECH,1
9.43,1,4,4,2,93,81,308,6,CIVIL,1
9.6,3,10,1,1,35,24,264,3,CSE,1
7.97,3,7,1,1,58,17,157,8,MECH,1
8.87,1,5,3,2,43,72,383,8,CSE,1
9.0,0,1,1,0,7,14,322,8,CIVIL,1
9.93,5,4,1,2,12,42,353,8,ECE,1
6.5,1,7,3,1,95,60,458,8,IT,1
8.7,1,0,4,0,96,14,259,1,IT,1
7.89,4,4,2,0,93,23,92,6,IT,1
9.74,2,2,6,1,23,7,199,7,CIVIL,1
8.46,5,6,4,1,4,14,344,1,CSE,1
7.23,1,4,8,0,21,28,331,3,IT,1
6.67,6,10,8,1,67,49,377,1,ECE,1
7.42,3,8,3,3,52,62,264,4,CIVIL,0
9.97,6,3,7,3,95,64,20,5,CIVIL,1
7.75,6,5,3,3,95,91,151,8,IT,1
8.8,4,10,7,1,88,100,414,3,MECH,1
8.81,3,8,2,0,15,64,347,1,CSE,0
6.66,3,0,1,0,9,1,493,5,CSE,1
7.87,3,9,2,2,15,73,428,8,MECH,1
8.98,3,9,8,2,72,55,433,4,CSE,1
8.31,0,6,2,0,9,25,78,6,IT,1
9.91,2,5,7,2,96,9,12,3,CSE,1
6.87,2,9,5,2,63,33,489,5,CIVIL,1
8.22,1,6,6,3,82,26,386,5,IT,1
7.5,2,4,8,3,12,87,448,2,IT,1
8.46,3,8,3,2,87,40,134,5,IT,1
8.14,4,7,3,1,71,29,161,3,ECE,1
7.4,0,10,8,2,74,19,215,7,IT,1
6.27,6,3,3,1,61,99,438,2,IT,1
6.97,2,10,5,0,4,11,435,5,CIVIL,1
9.89,2,2,7,0,22,88,245,2,CSE,1
6.82,5,2,2,0,84,79,468,8,CIVIL,1
8.51,5,1,4,2,48,23,39,6,MECH,1
7.87,4,5,0,0,85,45,131,4,CSE,1
9.58,1,7,0,3,37,63,255,3,ECE,1
8.37,4,2,4,1,70,47,351,4,ECE,1
7.7,1,10,1,2,62,98,213,6,IT,1
7.89,6,10,4,2,92,31,124,6,CSE,1
8.03,1,4,4,1,10,50,252,3,CSE,1
8.19,4,5,3,3,17,54,358,2,MECH,1
6.83,1,8,6,0,5,83,463,4,CSE,1
7.61,3,5,6,2,69,47,138,6,ECE,1
5.59,6,10,0,1,99,25,118,6,CSE,1
7.99,0,5,7,0,28,74,254,8,CIVIL,1
5.75,2,6,7,3,28,75,58,4,CSE,1
9.17,4,8,8,2,22,84,29,2,ECE,1
9.36,2,6,8,2,46,26,32,1,CSE,1
5.99,2,7,5,3,2,14,208,4,MECH,1
9.91,2,9,6,3,35,28,66,8,CIVIL,1
6.7,4,4,6,1,63,96,317,1,ECE,1
9.99,6,7,5,0,23,73,217,5,IT,1
7.47,4,7,5,0,91,0,107,8,CIVIL,1
6.6,2,3,4,3,49,56,413,3,ECE,1
9.86,3,4,2,1,87,56,360,5,ECE,1
5.58,0,4,6,3,64,100,363,2,IT,1
7.79,5,0,5,3,75,47,78,2,CSE,1
5.53,3,2,2,0,84,49,317,5,CIVIL,1
5.74,6,0,2,1,96,54,378,8,CIVIL,1
6.95,5,1,7,1,23,19,398,6,MECH,1
6.17,0,8,6,3,14,72,243,4,IT,1
9.15,2,10,1,2,32,27,145,1,CSE,1
5.81,4,5,3,2,73,82,261,8,IT,1
6.54,5,5,0,1,10,61,495,8,CSE,1
6.12,4,7,7,1,70,17,193,6,CIVIL,1
7.53,6,3,6,3,64,9,158,6,IT,1
9.26,0,9,1,0,17,91,310,7,IT,1
8.52,6,5,1,3,17,63,197,3,IT,1
9.55,3,9,2,3,35,87,102,2,MECH,1
6.55,0,4,6,0,0,66,474,1,IT,1
7.04,6,8,5,0,68,41,159,2,CIVIL,1
8.26,2,4,6,1,71,87,357,3,CSE,1
5.86,3,4,8,0,33,67,455,2,CIVIL,1
9.97,4,9,4,2,3,74,389,4,CSE,1
9.54,2,6,1,2,11,79,369,1,IT,1
7.05,0,1,2,2,17,11,121,5,ECE,0
5.7,2,6,6,3,86,20,332,4,CIVIL,1
9.11,2,8,7,0,32,23,234,3,MECH,1
8.49,0,0,2,2,24,100,388,4,IT,1
8.24,2,8,8,3,86,32,381,8,CIVIL,1
7.1,4,2,0,3,46,96,424,7,CIVIL,1
7.22,4,2,1,2,72,79,373,2,CSE,1
8.29,6,4,8,0,29,24,188,7,MECH,1
6.3,3,5,0,0,61,6,62,4,CIVIL,1
8.3,6,4,6,1,17,95,485,6,ECE,1
7.08,0,2,4,3,65,33,293,8,CSE,1
7.24,6,3,1,3,77,54,437,1,ECE,1
7.91,0,4,6,3,25,19,246,3,IT,1
7.66,5,1,8,0,1,76,279,6,CIVIL,1
6.78,1,3,5,1,84,86,175,5,ECE,1
9.46,4,4,3,2,61,54,411,6,CSE,1
7.14,2,3,5,3,43,24,411,1,MECH,1
9.02,6,4,8,3,37,67,267,8,CIVIL,1
9.48,5,10,2,1,87,40,27,2,CSE,1
8.09,2,8,5,1,33,38,172,1,ECE,1
9.07,2,2,4,1,62,71,193,3,CSE,1
7.49,5,9,3,2,45,47,482,4,ECE,1
9.21,2,1,3,1,56,86,332,7,MECH,1
6.46,5,6,6,3,77,54,341,7,CIVIL,1
5.7,4,3,1,3,32,89,69,8,ECE,1
8.15,0,8,6,0,62,0,179,6,MECH,1
6.39,3,8,8,0,17,57,230,3,MECH,1
6.43,6,5,3,0,9,6,102,8,CIVIL,1
9.25,5,10,6,1,85,53,479,2,IT,1
8.33,6,3,4,0,91,19,200,5,CIVIL,1
7.64,1,8,1,3,85,68,177,3,MECH,1
9.94,1,7,2,0,20,39,216,7,ECE,1
9.53,5,4,0,3,67,18,229,6,MECH,1
8.98,0,3,2,2,64,84,273,4,CSE,1
7.04,3,6,0,0,48,15,390,2,MECH,1
6.71,0,2,0,0,37,79,160,7,MECH,1
7.75,0,7,5,3,40,6,61,2,CSE,1
8.17,5,1,8,3,75,88,59,6,CIVIL,1
9.75,2,0,7,3,60,33,470,5,ECE,1
7.99,3,10,2,0,68,90,50,6,CSE,1
7.13,0,0,3,0,46,92,428,3,CIVIL,0
9.59,5,9,6,0,22,41,394,5,IT,1
9.98,6,7,6,3,60,79,216,3,ECE,1
6.53,2,3,4,3,18,43,126,1,ECE,1
8.29,2,0,7,1,16,86,49,3,IT,1
5.58,1,4,6,3,33,52,350,2,CIVIL,1
6.4,5,9,6,3,30,85,301,1,CIVIL,1
9.02,5,9,2,3,50,55,179,4,CSE,1
7.2,0,4,6,3,74,11,294,4,MECH,1
9.55,0,2,7,0,1,11,245,4,CIVIL,1
8.14,5,5,0,3,80,66,41,5,IT,1
8.29,5,1,0,0,48,94,439,8,CSE,1
5.55,4,7,7,0,33,31,321,2,MECH,1
6.02,3,9,3,1,29,43,279,8,CIVIL,1
7.59,3,5,4,3,91,54,69,5,CIVIL,1
8.27,1,4,2,0,3,93,135,6,CSE,1
8.05,3,9,3,3,70,51,164,4,IT,1
6.02,1,8,2,0,57,87,159,4,CSE,1
8.33,5,0,0,2,26,43,135,1,CSE,1
6.09,4,8,1,0,12,59,10,3,IT,0
9.54,5,3,3,0,98,7,218,7,CSE,1
9.01,3,9,1,0,20,28,138,2,CSE,1
6.18,2,3,7,0,47,3,262,5,MECH,1
5.51,0,10,1,2,58,44,312,3,CSE,1
5.8,1,9,1,0,8,37,163,6,MECH,1
9.63,6,0,1,1,55,85,456,8,CSE,1
8.83,4,2,2,2,19,14,100,8,CSE,1
6.08,4,2,0,0,88,62,92,3,IT,1
8.15,4,7,4,2,48,7,362,6,MECH,1
8.9,3,2,4,3,16,66,73,8,CSE,1
6.64,1,3,8,0,0,4,204,1,ECE,1
5.68,1,1,3,3,9,81,297,5,IT,1
7.82,1,7,7,3,25,41,105,2,IT,1
8.71,6,8,8,3,50,16,167,7,IT,1
6.48,5,4,7,3,53,54,248,3,MECH,1
7.69,0,6,0,3,62,77,11,8,ECE,1
6.36,6,2,7,2,50,23,181,5,MECH,1
7.61,0,3,1,0,39,87,457,4,CSE,1
9.94,5,9,2,1,95,42,119,1,IT,1
6.56,6,0,7,0,99,53,133,3,MECH,1
6.28,2,10,4,0,49,42,398,6,MECH,1
5.5,3,8,8,2,76,52,409,8,IT,1
9.43,3,7,1,3,8,54,151,1,MECH,1
9.78,4,7,1,0,14,22,317,2,ECE,1
9.02,0,1,7,0,9,56,64,8,ECE,1
7.53,0,8,8,3,65,73,153,1,CIVIL,1
8.16,4,7,4,2,49,11,268,6,CIVIL,1
5.83,4,5,8,1,78,96,489,5,MECH,1
8.08,3,6,5,3,8,71,121,7,CIVIL,1
7.42,1,2,7,2,18,72,356,6,CSE,1
6.42,3,8,1,3,37,42,10,5,CSE,1
6.17,5,0,4,0,74,88,376,4,IT,1
7.6,3,3,2,0,18,42,198,4,IT,1
6.63,2,8,2,2,21,65,130,6,ECE,1
5.51,0,9,8,3,22,100,253,5,CIVIL,1
7.38,2,2,7,3,91,76,166,7,ECE,1
7.35,3,2,1,1,56,62,275,8,MECH,1
8.25,5,10,1,0,21,80,21,5,MECH,1
6.39,4,3,0,0,72,34,152,3,ECE,1
9.8,0,4,1,3,44,67,393,3,CSE,1
9.84,1,10,1,2,94,83,426,5,ECE,1
7.22,1,10,5,0,93,57,3,6,IT,1
8.39,2,7,1,2,60,90,93,3,CSE,1
6.68,1,7,6,2,38,69,59,5,ECE,1
8.34,0,10,4,2,51,34,350,5,MECH,1
8.78,2,5,4,1,11,19,66,6,ECE,1
7.61,2,4,5,1,59,95,155,7,IT,1
8.58,2,2,8,3,89,87,31,3,MECH,1
7.08,0,10,8,3,53,13,37,5,ECE,1
7.98,0,7,2,2,22,32,487,5,MECH,1
7.7,4,4,6,1,48,1,362,8,IT,1
9.6,1,2,6,1,10,96,91,3,IT,1
7.65,2,4,7,0,58,53,175,8,MECH,1
5.9,0,1,8,0,74,85,293,5,IT,1
5.69,3,0,8,1,98,58,149,2,ECE,1
9.49,6,8,2,3,89,90,79,6,MECH,1
7.4,0,6,7,2,79,53,277,3,ECE,1
5.93,1,2,6,0,12,37,100,8,CIVIL,1
8.26,6,3,4,2,95,67,70,5,CIVIL,1
8.19,0,0,5,0,67,97,150,6,IT,1
7.46,2,7,7,3,74,46,314,2,CSE,1
6.46,2,3,1,1,22,25,116,4,IT,1
8.49,0,2,6,2,79,23,292,8,IT,1
8.62,0,7,5,1,80,51,91,7,IT,1
7.41,1,1,3,3,0,88,322,5,CIVIL,1
7.67,4,0,0,3,39,78,274,1,CSE,1
7.47,2,6,3,3,51,14,381,2,ECE,1
9.55,5,8,7,3,99,13,127,1,IT,1
6.5,3,2,1,2,58,90,82,1,CSE,1
6.05,1,4,7,2,72,30,69,1,CIVIL,1
8.56,4,0,8,2,46,34,53,6,CSE,1
8.01,1,8,0,3,11,50,473,8,CSE,1
8.59,1,5,7,0,1,40,486,8,ECE,1
9.47,0,7,4,2,17,92,355,3,CIVIL,1
8.84,0,9,3,3,24,29,187,7,CIVIL,1
6.75,6,1,1,2,55,60,201,7,ECE,1
7.23,5,3,8,2,85,95,366,4,IT,1
9.29,5,6,3,0,86,23,29,5,IT,1
7.85,6,2,8,1,57,86,145,3,ECE,1
5.71,2,0,8,3,82,46,90,6,CIVIL,1
5.67,0,2,1,0,73,2,378,1,CSE,1
8.32,3,1,0,1,62,77,382,5,CIVIL,1
7.13,6,4,6,1,78,64,12,2,CIVIL,1
8.64,1,3,1,2,51,33,302,8,MECH,1
9.52,3,2,1,1,94,65,307,5,CSE,1
8.61,5,9,6,0,92,29,360,4,CIVIL,1
5.52,5,3,0,2,42,42,270,1,MECH,1
7.06,4,9,8,3,11,10,461,4,CIVIL,1
9.25,1,8,1,2,56,32,451,7,IT,1
8.77,3,10,4,0,74,30,368,1,ECE,1
8.57,5,5,5,0,64,85,233,2,ECE,1
6.77,3,5,0,2,61,12,345,2,ECE,1
8.94,3,6,7,2,37,70,123,3,CIVIL,1
9.2,2,5,3,0,34,81,51,1,CSE,1
6.5,4,5,0,0,84,44,2,4,IT,1
9.84,0,2,2,1,74,45,297,8,CIVIL,1
5.54,0,4,4,2,58,73,263,4,ECE,1
9.97,2,0,1,0,37,34,103,2,MECH,1
8.73,4,4,4,0,15,33,473,4,ECE,1
8.11,5,9,4,2,42,14,236,3,CSE,1
9.92,4,4,4,3,6,69,222,4,IT,1
9.79,2,2,1,3,59,91,346,6,IT,1
7.86,0,8,2,2,87,33,86,3,CSE,1
7.24,1,5,5,3,25,49,441,4,ECE,1
7.28,0,7,4,0,70,19,224,6,ECE,1
9.06,0,10,7,1,14,85,247,3,CSE,1
8.85,2,6,0,1,5,57,249,4,IT,1
6.91,5,0,8,2,96,49,492,4,ECE,1
6.28,3,5,1,3,71,34,302,5,IT,1
7.0,1,1,4,3,55,78,119,7,IT,1
6.43,0,6,1,3,47,73,342,3,ECE,1
6.68,2,1,4,1,3,69,181,4,CIVIL,1
8.95,6,6,7,1,99,51,244,4,MECH,1
9.64,5,0,5,0,83,51,235,6,MECH,1
6.49,4,3,7,3,6,97,274,4,CSE,1
6.96,3,8,1,0,27,57,469,8,MECH,1
8.02,2,9,4,3,3,89,454,6,CSE,1
9.65,0,0,3,3,85,95,183,3,IT,1
8.55,5,3,5,1,69,61,326,2,CIVIL,1
7.23,1,2,1,2,5,80,263,5,ECE,1
7.93,5,0,1,0,24,74,165,5,MECH,1
7.54,0,3,7,0,37,57,20,5,IT,1
7.35,4,6,8,1,40,26,379,3,CSE,1
9.57,3,8,1,2,50,2,498,1,CIVIL,1
6.03,4,0,7,0,77,98,47,3,MECH,1
8.06,0,9,6,0,46,77,41,8,CIVIL,1
7.23,3,10,0,2,71,25,360,1,ECE,1
8.3,4,2,2,2,9,15,331,6,CIVIL,1
8.7,5,8,5,0,64,45,400,7,ECE,1
7.33,2,4,1,3,3,48,439,8,ECE,1
6.37,3,1,3,1,92,0,389,4,CSE,1
5.97,1,5,3,0,83,53,86,2,CSE,1
6.4,1,8,8,3,66,41,497,6,CIVIL,1
5.72,6,3,4,1,42,76,240,6,CSE,1
6.54,5,0,2,0,87,19,24,5,ECE,1
8.15,5,4,3,1,90,60,208,2,IT,1
6.77,2,9,4,2,15,51,219,1,CSE,1
7.91,5,4,1,3,76,47,206,1,CSE,1
9.11,6,3,8,3,88,74,498,6,CIVIL,1
7.58,5,3,3,1,26,32,66,6,CSE,1
7.42,6,3,6,2,57,22,206,2,CSE,1
9.31,2,1,7,1,70,38,141,2,CIVIL,1
5.96,3,1,8,0,64,27,393,8,MECH,1
6.07,5,9,7,2,36,68,409,7,CSE,1
9.98,5,0,5,3,19,62,345,7,CIVIL,1
6.12,2,1,4,1,16,42,378,5,CIVIL,1
8.46,3,8,2,0,55,9,156,3,ECE,1
7.0,6,0,1,1,58,83,240,2,CSE,1
8.12,1,3,8,0,98,19,312,6,ECE,1
7.01,6,6,5,0,27,45,19,7,MECH,1
8.65,2,5,8,0,66,6,344,7,CSE,1
8.84,3,7,2,1,84,7,448,4,CIVIL,1
7.59,2,2,4,0,35,76,148,4,MECH,1
9.31,5,2,1,2,84,63,480,3,CIVIL,1
7.32,1,0,6,1,63,50,488,2,MECH,1
8.22,0,2,7,2,27,62,175,5,CIVIL,1
7.15,4,2,7,1,26,79,381,5,CIVIL,1
6.87,1,1,7,2,77,3,81,8,ECE,1
7.19,6,3,5,0,83,31,428,3,MECH,1
9.86,2,1,0,3,49,58,437,3,CSE,1
6.09,3,3,1,1,28,91,467,3,CIVIL,1
9.55,3,10,8,3,36,46,374,3,IT,1
9.92,6,6,2,1,21,84,472,7,IT,1
5.91,3,8,1,2,30,23,137,4,CIVIL,1
7.39,2,10,5,2,17,1,139,6,CIVIL,1
6.74,4,2,6,1,23,96,407,6,ECE,1
9.64,4,6,6,3,37,89,338,1,IT,1
7.23,1,0,8,3,50,18,25,8,CSE,1
8.87,6,5,6,3,36,99,486,3,IT,1
6.48,6,10,7,3,65,43,342,5,CIVIL,1
7.01,0,4,3,2,59,55,204,2,CIVIL,1
8.44,5,4,2,2,0,58,135,8,CSE,1
9.62,4,8,5,1,94,21,45,6,MECH,1
6.51,2,10,3,0,37,8,43,2,IT,1
5.66,5,0,7,2,65,33,34,2,MECH,1
9.68,3,8,2,1,85,46,492,8,MECH,1
5.68,6,3,3,3,74,51,483,2,IT,1
7.03,2,4,0,1,54,76,15,8,CSE,1
8.13,4,10,0,0,62,65,384,8,MECH,1
9.81,5,1,3,2,81,14,469,4,MECH,1
5.62,2,0,4,0,90,79,10,7,CSE,1
5.54,4,2,0,1,18,42,124,6,CSE,1
7.35,2,0,2,3,30,49,430,7,MECH,1
9.11,3,5,2,0,57,32,335,4,CSE,1
6.05,6,6,6,0,88,75,192,4,ECE,1
5.86,2,5,6,3,74,36,245,7,IT,1
6.36,1,7,6,0,61,38,43,1,CIVIL,1
6.75,2,2,3,0,11,1,473,6,MECH,1
6.06,5,0,7,3,1,26,81,8,ECE,1
8.18,0,9,2,0,35,17,167,4,MECH,1
5.96,0,4,0,2,72,50,116,2,CSE,1
8.12,5,9,4,3,10,16,209,7,MECH,1
8.66,4,6,7,1,28,88,192,6,ECE,1
7.01,6,3,5,2,82,12,404,7,CIVIL,1
8.19,1,6,5,1,100,51,187,5,ECE,1
8.17,1,3,8,0,73,89,139,2,MECH,1
7.14,3,10,8,0,100,38,421,3,CIVIL,1
5.63,5,7,2,2,83,88,392,2,CSE,1
8.8,4,7,2,3,88,12,170,7,MECH,1
7.61,0,7,7,3,8,98,123,6,CIVIL,1
8.52,5,9,3,1,15,44,107,3,MECH,1
6.7,4,9,2,0,44,4,149,2,IT,1
7.65,2,7,2,2,6,58,122,1,MECH,1
7.51,1,3,8,0,73,87,43,2,CSE,1
9.65,2,7,8,0,60,36,180,8,MECH,1
7.57,3,1,3,3,31,60,363,1,IT,1
8.42,2,10,4,0,42,64,327,8,CSE,1
6.15,2,2,0,2,66,45,499,8,IT,1
5.97,2,1,7,0,99,40,212,7,MECH,1
7.1,3,6,8,0,36,31,214,2,CIVIL,1
6.07,6,2,6,3,12,46,492,1,MECH,1
9.93,2,9,4,2,38,36,344,1,MECH,1
5.95,1,4,8,3,86,81,117,1,CSE,1
6.16,2,6,4,3,68,24,33,6,IT,1
5.55,0,9,2,0,14,1,382,5,CSE,1
6.43,4,2,4,0,98,87,298,4,IT,1
9.87,0,7,5,1,62,19,304,5,IT,1
9.2,3,4,4,2,94,58,39,7,ECE,1
6.63,0,0,0,2,85,8,240,7,IT,1
6.03,0,1,8,2,75,78,200,1,CSE,1
7.75,5,8,6,3,30,65,224,3,CSE,1
6.61,3,0,1,0,13,86,168,3,CIVIL,1
7.4,0,2,7,0,11,79,71,3,CSE,1
9.61,5,8,0,2,99,68,290,6,IT,1
8.92,3,9,0,0,9,84,8,3,MECH,1
8.16,1,5,2,1,13,89,50,8,CIVIL,1
7.81,6,2,6,3,9,14,456,2,CIVIL,1
7.96,3,6,6,0,99,18,29,6,CSE,1
6.38,0,8,8,2,25,30,62,5,ECE,1
9.1,4,5,6,3,2,76,251,4,CSE,1
8.7,3,9,5,0,84,54,182,1,CSE,1
8.12,3,3,5,3,48,36,307,8,IT,1
6.35,5,4,0,0,26,17,444,6,CSE,1
7.12,5,9,8,1,84,18,127,4,ECE,1
7.93,3,5,6,1,19,52,237,6,IT,1
9.72,0,10,7,1,57,73,83,3,CSE,1
7.36,2,6,2,0,44,98,139,2,CIVIL,1
9.54,3,8,8,3,41,63,340,3,MECH,1
8.82,4,7,1,3,66,6,167,8,CIVIL,1
7.32,3,4,4,2,16,95,470,1,ECE,1
8.32,0,4,8,3,95,100,211,7,CSE,1
8.99,4,6,4,3,92,28,360,5,MECH,1
9.64,0,6,6,0,96,94,32,6,ECE,1
8.7,1,8,1,0,10,66,252,8,CIVIL,1
6.6,6,6,7,2,6,52,130,4,IT,1
8.68,3,7,6,1,64,62,308,8,IT,1
9.71,5,8,1,3,9,89,314,7,CSE,1
9.46,5,6,1,1,94,83,134,2,ECE,1
6.31,6,10,5,1,99,73,113,4,CSE,1
6.45,0,10,8,0,55,25,32,6,ECE,1
7.04,2,8,7,1,75,4,71,4,CSE,1
5.77,5,3,1,2,22,22,448,8,MECH,1
9.35,2,8,7,1,66,96,437,8,IT,1
5.99,6,8,4,1,23,57,248,5,CSE,1
6.15,3,0,4,1,89,48,177,5,MECH,1
5.89,2,10,8,2,19,86,240,4,IT,1
9.52,6,4,5,2,45,90,425,2,IT,1
5.86,0,0,7,3,35,28,14,7,CIVIL,1
9.62,5,6,6,1,61,9,446,5,CIVIL,1
9.27,2,5,2,2,32,56,386,3,ECE,1
5.79,5,6,7,3,12,62,314,2,CIVIL,1
5.88,3,0,1,1,15,65,500,3,MECH,1
7.62,5,10,8,2,80,64,60,8,MECH,1
9.99,6,8,8,3,24,92,416,8,ECE,1
7.96,1,5,8,2,95,63,236,1,CSE,1
8.34,0,6,0,1,53,99,456,6,CIVIL,1
9.31,4,8,1,2,72,30,345,3,IT,1
9.79,1,4,3,3,75,48,319,2,CSE,1
6.17,1,4,5,3,52,28,108,8,ECE,1
5.6,0,10,5,0,33,15,63,1,MECH,1
8.91,1,1,5,0,91,63,129,1,ECE,1
7.44,3,7,4,0,54,35,291,2,IT,1
9.69,1,8,4,3,66,30,95,1,CSE,1
8.91,0,6,4,3,86,61,355,7,ECE,1
9.8,4,10,5,2,47,8,100,7,CSE,1
7.02,3,4,5,0,14,86,353,2,CSE,1
6.29,4,10,6,2,55,2,49,5,ECE,1
5.73,6,2,3,2,75,35,267,5,ECE,1
5.66,6,8,1,1,96,53,469,2,ECE,1
8.5,2,1,4,2,37,29,488,3,MECH,1
7.79,3,4,0,1,40,83,199,1,IT,1
6.68,5,8,0,0,33,69,414,3,ECE,1
8.14,3,4,1,1,88,52,153,7,MECH,1
5.8,0,5,3,1,0,35,325,6,IT,1
7.77,1,3,1,2,75,72,285,3,CSE,1
6.06,0,8,8,1,4,51,87,8,IT,1
5.71,2,1,8,2,13,5,434,2,IT,1
7.0,2,7,8,2,81,72,376,1,CIVIL,1
9.09,1,6,5,1,87,93,171,3,CIVIL,1
9.99,5,8,1,1,57,59,24,8,MECH,1
7.28,4,1,0,0,62,36,404,7,CSE,1
8.45,1,6,4,1,87,97,84,8,CSE,1
5.52,5,9,0,0,2,45,427,7,MECH,1
6.78,0,2,5,3,40,86,159,5,IT,1
7.39,5,8,3,0,49,66,142,2,ECE,1
7.28,2,1,1,3,45,34,465,5,CIVIL,1
8.51,2,3,3,2,44,5,282,7,MECH,1
6.86,2,2,3,3,7,72,9,3,CIVIL,1
6.44,3,5,5,0,78,23,287,7,CSE,1
7.23,2,9,3,2,4,7,107,4,CSE,1
7.67,0,9,7,0,18,10,35,3,CSE,1
5.72,1,6,4,1,24,94,366,3,CIVIL,1
6.84,6,8,8,3,6,89,411,8,IT,1
6.2,2,5,1,1,88,96,147,3,CSE,1
5.57,0,6,0,1,6,96,95,8,IT,1
8.95,6,5,0,0,95,49,126,2,CIVIL,1
5.64,1,2,4,0,76,7,133,2,IT,1
8.42,4,5,3,0,51,40,152,3,IT,1
7.81,1,6,7,1,10,11,218,3,CIVIL,1
6.86,6,5,4,2,93,59,80,7,CIVIL,1
9.24,6,0,1,3,40,32,57,5,ECE,1
8.79,4,1,0,1,78,15,417,2,MECH,1
8.83,6,3,8,2,41,17,362,3,ECE,1
5.93,4,4,0,1,54,92,379,4,MECH,1
7.3,4,6,0,1,100,12,188,2,IT,1
7.1,4,2,2,0,45,37,475,2,ECE,1
6.18,0,10,1,1,59,25,282,2,IT,1
9.39,6,10,2,2,25,94,130,2,MECH,1
5.95,1,10,0,1,81,86,335,2,IT,1
9.27,6,10,1,1,80,64,298,3,MECH,1
5.89,4,0,6,2,67,74,47,3,CSE,1
9.45,2,6,6,1,87,85,257,3,MECH,1
6.01,3,7,2,1,28,100,467,7,ECE,1
6.15,5,4,3,0,58,20,139,5,CIVIL,1
9.9,0,10,3,3,99,29,154,7,ECE,1
6.76,3,8,6,1,51,77,130,4,CSE,1
9.19,3,2,2,2,72,77,199,8,CIVIL,1
6.38,5,7,5,3,62,70,247,2,CIVIL,1
7.58,3,0,2,1,77,47,251,2,MECH,1
9.77,5,3,4,3,73,73,232,3,ECE,1
8.92,5,9,3,2,34,71,112,8,CSE,1
6.98,4,3,3,0,31,36,423,3,ECE,1
9.91,3,7,1,2,65,81,41,2,CSE,1
6.19,2,2,6,1,89,15,229,2,CSE,1
5.69,2,3,5,0,49,61,414,1,CIVIL,1
8.66,2,3,2,3,74,36,48,6,CSE,1
9.01,2,9,8,3,32,99,160,2,ECE,1
7.83,2,2,2,2,67,75,474,2,IT,1
6.28,2,5,5,1,21,26,78,5,CIVIL,1
9.18,4,5,6,1,83,2,422,5,CIVIL,1
7.15,5,2,1,2,65,85,373,5,CSE,1
8.82,2,9,0,2,91,23,348,4,ECE,1
7.62,6,10,4,0,92,49,266,3,MECH,1
8.5,0,0,2,3,10,95,438,8,CSE,1
9.4,4,8,0,0,68,42,12,8,CIVIL,1
6.08,3,0,2,3,29,40,422,3,MECH,1
6.61,3,2,8,2,75,64,405,5,CSE,1
7.39,1,8,5,3,84,96,442,4,MECH,1
9.97,1,2,1,2,0,94,320,5,CSE,1
6.21,0,7,4,2,55,5,497,5,IT,1
7.51,2,9,3,3,62,90,257,7,ECE,1
7.28,2,8,3,0,91,69,228,5,CIVIL,1
8.98,4,4,8,2,57,18,201,4,CSE,1
9.66,6,5,0,1,9,38,133,6,ECE,1
7.7,6,4,0,1,96,55,328,2,CSE,1
7.77,1,8,4,2,79,8,391,1,CIVIL,1
5.89,6,6,6,1,45,47,115,8,MECH,1
8.47,5,6,3,3,54,74,440,6,CSE,1
8.2,2,3,3,3,15,26,441,7,MECH,1
7.78,5,0,4,3,46,1,56,8,IT,1
7.17,3,10,2,3,64,81,32,4,IT,1
9.54,2,7,1,1,35,68,407,5,CIVIL,1
8.47,5,8,8,1,11,33,242,1,IT,1
9.43,1,4,4,3,16,32,270,1,CSE,1
8.97,1,9,2,1,41,58,173,8,CIVIL,1
5.59,6,4,4,0,13,53,233,2,ECE,1
8.34,2,6,6,0,88,53,211,5,CIVIL,1
9.97,1,7,5,1,16,50,100,7,CIVIL,1
8.29,2,10,2,3,80,70,408,6,IT,1
8.29,0,10,8,0,41,18,374,1,CIVIL,1
8.81,1,8,3,2,1,65,327,2,CIVIL,1
5.56,2,4,4,3,22,19,471,6,CSE,1
8.01,2,6,3,2,98,70,161,8,CSE,1
9.13,6,3,3,0,42,19,330,7,CSE,1
6.33,6,6,2,3,59,73,423,2,MECH,1
9.52,0,1,3,0,27,1,112,8,MECH,1
5.53,0,8,0,1,33,55,212,4,CSE,1
7.99,0,10,2,0,30,83,270,4,IT,1
5.94,5,3,5,0,61,38,137,5,CSE,1
6.91,3,10,4,2,0,21,492,4,MECH,1
9.18,4,8,0,0,9,7,402,6,CIVIL,1
5.96,4,1,0,3,47,39,489,2,IT,1
6.45,3,1,8,0,17,93,439,8,CSE,1
6.85,2,10,7,0,24,58,307,6,CSE,1
8.57,3,0,8,2,75,48,81,6,IT,1
6.84,4,6,4,0,35,58,345,1,CSE,1
5.56,0,0,5,1,63,64,291,5,IT,1
7.99,6,2,6,1,14,98,116,8,MECH,1
7.43,6,9,6,1,77,33,12,4,ECE,1
6.85,4,2,5,1,43,65,163,8,CIVIL,1
7.01,6,0,6,1,57,47,233,6,IT,1
6.09,2,10,7,2,84,28,311,3,CSE,1
9.3,4,0,4,0,78,54,284,5,IT,1
8.38,2,8,8,3,7,77,451,5,CSE,1
6.62,0,3,7,0,6,21,25,4,IT,1
6.75,3,6,7,1,56,8,400,4,CIVIL,1
8.29,5,0,6,0,46,80,99,3,IT,1
7.72,2,6,2,2,53,36,323,3,IT,1
8.84,0,2,0,3,4,64,141,6,MECH,1
9.62,5,5,3,2,3,12,130,8,MECH,1
7.62,1,7,8,2,43,33,2,1,IT,1
7.88,6,7,1,2,38,35,317,2,CSE,1
8.02,6,5,4,3,72,60,36,5,CIVIL,1
7.36,3,3,2,3,18,71,227,6,IT,1
6.99,3,8,7,1,45,73,51,6,CIVIL,1
8.76,6,3,7,3,5,65,196,3,MECH,1
6.96,2,1,6,3,0,65,196,7,MECH,1
9.06,5,0,6,0,46,28,426,1,CIVIL,1
9.98,2,6,7,2,57,8,421,8,IT,1
9.68,4,0,5,0,79,34,186,1,CIVIL,1
6.78,1,9,1,3,99,95,75,2,ECE,1
7.16,5,7,7,1,87,82,136,7,CIVIL,1
9.96,6,3,5,1,58,79,388,6,IT,1
9.98,2,2,0,3,69,77,214,1,MECH,1
6.78,5,8,8,1,41,90,486,8,IT,1
7.3,1,10,0,0,68,34,161,5,CIVIL,1
7.28,0,3,4,3,59,1,306,7,MECH,1
9.88,5,8,7,2,39,57,351,6,CSE,1
8.33,4,3,4,0,65,65,221,7,IT,1
9.59,4,7,7,2,27,2,263,5,ECE,1
8.84,5,6,3,3,33,16,357,2,CSE,1
9.67,6,2,3,1,6,65,302,6,CIVIL,1
8.96,5,4,1,1,74,91,163,8,CSE,1
8.31,6,7,1,2,63,57,45,2,CIVIL,1
5.96,5,10,6,0,3,44,36,8,ECE,1
6.48,0,5,2,1,85,45,427,7,IT,1
7.14,4,5,7,0,13,51,179,3,MECH,1
9.25,2,8,1,0,86,18,402,4,MECH,1
7.74,4,3,1,0,92,22,426,8,IT,1
5.78,3,0,4,2,85,82,417,1,ECE,1
6.38,1,7,6,3,46,21,79,1,CIVIL,1
8.58,3,8,4,0,96,6,138,2,CIVIL,1
6.56,1,5,8,3,20,22,9,1,ECE,1
6.14,4,4,3,0,10,48,486,4,IT,1
7.15,0,6,4,3,87,15,138,6,MECH,1
6.67,2,10,8,0,37,14,389,5,ECE,1
5.63,3,5,3,0,17,17,478,2,IT,1
8.93,4,4,3,1,53,19,162,1,MECH,1
7.04,3,3,7,0,39,82,105,3,MECH,1
9.23,1,4,3,3,43,85,326,4,IT,1
9.5,6,1,7,1,53,7,492,7,MECH,1
7.16,3,3,2,2,56,52,263,6,MECH,1
6.36,5,9,4,3,79,80,312,8,IT,1
7.85,3,1,1,3,15,21,486,7,MECH,1
7.48,2,5,1,2,43,39,311,6,MECH,1
7.96,0,4,1,3,37,21,305,3,CIVIL,1
8.4,3,2,0,0,45,31,272,2,CIVIL,1
5.81,2,0,1,2,66,66,137,8,CIVIL,1
9.28,6,0,5,1,18,57,22,2,MECH,1
9.78,5,6,8,3,83,28,252,1,MECH,1
8.95,0,0,6,1,77,97,219,8,MECH,1
7.14,1,0,5,0,78,2,258,5,ECE,0
6.89,2,8,6,3,91,23,416,7,ECE,1
7.94,4,10,3,2,41,80,439,3,CIVIL,1
6.98,6,4,5,0,27,86,4,2,CSE,1
8.99,6,2,1,0,50,47,354,4,MECH,1
8.44,1,8,7,1,42,39,162,7,IT,1
7.63,3,2,4,2,24,20,7,4,MECH,1
8.43,3,7,7,1,63,0,263,2,CSE,1
7.17,3,7,1,2,1,69,326,5,CSE,1
8.02,6,3,5,0,33,88,241,2,IT,1
5.6,3,0,4,0,93,29,98,4,MECH,1
9.93,3,6,2,0,48,67,345,7,MECH,1
6.28,6,2,2,3,64,0,181,8,CIVIL,1
8.15,1,1,3,3,77,27,325,1,ECE,1
7.51,2,0,1,3,95,45,62,4,CSE,1
8.69,5,0,7,0,5,86,405,6,MECH,1
7.29,4,9,1,1,68,35,351,1,IT,1
8.13,0,8,3,1,94,70,301,8,MECH,1
7.27,0,6,2,3,0,93,330,6,MECH,1
6.85,5,6,5,3,29,84,259,3,CSE,1
6.65,4,1,1,0,64,24,64,8,MECH,1
9.58,0,2,8,0,44,5,53,6,ECE,1
8.66,1,6,2,3,93,29,149,8,IT,1
9.23,3,7,5,0,14,92,472,7,CSE,1
6.9,1,2,3,3,43,92,88,4,IT,1
8.72,3,1,2,3,65,50,427,6,MECH,1
6.03,6,10,2,1,52,36,166,1,IT,1
7.7,3,1,4,0,53,40,308,3,MECH,1
7.16,6,10,8,1,72,46,421,3,CIVIL,1
7.58,6,7,8,3,44,3,201,2,CSE,1
8.83,3,7,6,0,18,90,260,6,CSE,1
9.56,4,1,0,2,22,42,417,2,CIVIL,1
6.25,1,1,4,2,6,19,173,3,CIVIL,1
6.53,5,2,4,0,47,43,69,3,CIVIL,1
6.27,5,8,5,3,17,6,87,8,ECE,1
8.63,5,6,2,3,24,60,193,8,CSE,1
7.12,5,1,4,2,52,63,83,8,MECH,1
5.86,3,9,4,2,21,17,41,8,CSE,1
9.63,4,3,6,1,63,84,371,3,CIVIL,1
8.01,5,3,1,3,34,2,157,1,CIVIL,1
9.54,2,7,1,2,97,49,127,7,MECH,1
8.04,6,5,1,1,66,62,80,6,CIVIL,1
8.99,3,10,4,3,81,49,66,1,MECH,1
6.63,2,6,1,1,87,70,20,5,IT,1
9.96,3,9,2,1,14,76,17,5,CSE,1
9.19,0,2,1,1,87,61,143,4,CSE,1
8.26,6,6,0,3,34,66,352,8,ECE,1
7.24,4,10,5,0,57,30,15,8,MECH,1
6.5,2,6,6,0,33,39,389,5,CSE,1
8.77,1,4,2,3,31,100,333,1,ECE,1
7.75,0,0,4,0,62,51,355,1,CIVIL,1
8.41,0,5,4,0,33,2,173,8,MECH,1
8.58,4,4,4,0,77,17,16,3,CSE,0
7.24,3,3,1,0,30,57,365,8,MECH,1
7.11,6,3,2,2,25,32,56,4,CSE,1
8.63,1,8,3,0,36,82,374,2,IT,1
9.12,6,7,8,1,3,98,205,6,IT,1
9.64,4,9,1,0,31,89,356,5,IT,1
8.41,6,8,4,0,93,98,376,8,MECH,1
9.98,0,9,7,0,96,0,294,1,MECH,1
7.55,0,2,4,1,33,79,195,3,MECH,1
6.62,1,8,6,2,7,86,148,8,ECE,1
5.62,5,4,2,2,14,10,141,2,CIVIL,1
6.22,4,4,2,0,19,56,264,3,MECH,1
8.13,5,9,3,1,45,90,302,1,CIVIL,1
9.06,4,4,4,1,21,11,207,1,CSE,1
6.05,6,6,8,3,34,95,315,4,CSE,1
6.62,5,0,6,1,12,99,147,1,MECH,1
6.79,5,1,4,3,53,99,465,3,CSE,1
9.71,4,6,6,1,95,6,12,8,MECH,1
8.14,4,6,3,2,43,14,473,1,IT,1
7.98,3,0,2,1,82,19,419,5,CIVIL,1
6.83,4,1,7,2,43,69,404,3,IT,1
8.76,4,2,0,3,86,28,478,5,CIVIL,1
8.86,3,6,8,1,19,85,68,8,IT,1
9.17,3,2,0,2,90,62,176,7,CSE,1
5.61,6,1,6,3,83,10,137,4,CIVIL,1
6.87,4,7,2,2,27,33,363,4,IT,1
7.02,3,0,8,2,43,77,73,7,CSE,1
5.65,1,4,2,0,26,59,286,5,CSE,1
5.99,0,3,4,1,15,49,497,7,ECE,1
9.83,1,9,4,3,32,91,392,2,CIVIL,1
7.45,2,1,4,0,83,3,319,2,MECH,1
7.3,5,1,6,1,38,100,36,4,MECH,1
9.16,3,0,8,3,69,68,462,3,ECE,1
7.06,4,9,6,2,59,3,461,8,CIVIL,1
8.72,3,1,3,0,90,86,400,3,IT,1
7.48,5,2,2,1,38,40,412,8,ECE,1
8.48,2,2,1,1,56,49,400,5,CSE,1
9.4,1,0,2,2,28,92,100,5,CSE,1
6.9,5,7,7,2,25,14,48,4,IT,1
7.21,3,0,2,3,80,47,263,2,IT,1
6.63,4,1,2,3,4,45,291,4,MECH,1
7.61,3,6,0,0,75,43,5,6,CIVIL,1
8.69,6,1,4,2,97,82,497,2,CSE,1
7.96,3,9,3,3,67,19,393,6,CSE,1
9.58,0,8,7,2,26,55,468,1,CSE,1
9.69,3,2,4,3,70,65,315,8,ECE,1
6.66,4,10,7,0,92,14,153,6,ECE,1
6.83,1,2,1,3,35,66,171,6,CSE,1
7.82,1,4,1,2,73,35,447,5,CSE,1
9.59,3,8,5,3,43,71,324,8,CSE,1
9.19,6,4,3,3,23,87,107,7,MECH,1
9.46,1,6,8,0,92,42,283,1,ECE,1
8.33,2,3,2,1,78,14,453,8,ECE,1
7.0,0,10,4,2,26,39,77,7,MECH,1
7.57,1,5,2,2,64,10,475,4,IT,1
7.27,2,4,7,0,18,5,387,6,MECH,1
7.95,6,2,2,0,91,47,443,1,MECH,1
6.96,1,7,6,1,46,11,99,5,MECH,1
6.21,2,9,0,1,80,70,343,5,ECE,1
6.58,3,1,7,2,63,8,283,7,IT,1
6.52,5,2,3,2,76,96,235,1,MECH,1
5.54,0,3,2,2,80,20,479,8,IT,1
5.53,5,5,7,2,85,57,45,4,CIVIL,1
7.7,3,4,2,1,90,42,418,5,IT,1
9.55,0,10,1,1,48,100,386,8,CSE,1
9.96,3,5,6,0,8,3,13,6,CIVIL,1
6.78,5,0,0,2,54,78,299,6,ECE,1
6.11,3,10,3,1,83,1,69,5,IT,1
5.57,4,1,0,2,90,36,411,1,CIVIL,1
9.43,6,6,8,1,87,8,237,3,ECE,1
6.45,3,9,3,3,69,17,438,8,ECE,1
9.06,3,10,3,0,91,98,265,6,IT,1
7.36,0,6,3,2,53,38,155,6,IT,1
9.84,6,2,1,0,57,88,294,7,MECH,1
5.66,3,4,6,0,47,41,297,6,CIVIL,1
7.84,6,1,5,3,52,97,225,6,CIVIL,1
9.18,1,4,2,1,83,61,350,6,IT,1
8.02,2,4,1,3,47,49,270,1,MECH,1
7.53,3,10,0,0,63,1,467,8,IT,1
8.3,2,0,6,1,59,84,139,3,IT,1
9.55,3,6,7,2,86,57,385,2,ECE,1
6.26,4,2,4,2,78,16,390,4,ECE,1
7.3,2,10,3,3,27,83,367,7,IT,1
6.24,3,7,8,0,7,96,81,5,MECH,1
6.61,2,3,6,1,68,96,407,8,CIVIL,1
7.36,2,10,6,0,92,46,362,8,MECH,1
6.35,0,7,3,0,8,14,162,8,CSE,1
9.0,4,4,8,1,69,34,42,5,MECH,1
5.93,1,2,0,3,54,43,111,4,ECE,1
9.06,4,5,8,2,78,11,223,7,CSE,1
5.67,6,3,6,3,11,87,292,2,CIVIL,1
9.27,6,6,8,1,86,62,209,6,CSE,1
8.68,1,5,4,2,52,44,208,1,MECH,1
7.09,3,9,3,1,66,54,221,3,MECH,1
9.38,3,4,6,3,25,11,233,2,MECH,1
7.4,3,9,0,1,41,26,286,4,CIVIL,1
5.6,0,1,2,1,42,77,228,5,ECE,0
6.93,4,0,0,2,38,48,138,7,ECE,0
7.5,3,9,2,0,59,44,406,8,CSE,1
6.94,0,0,3,1,96,14,422,3,ECE,1
7.46,6,4,5,1,40,79,120,7,IT,1
8.49,6,5,1,0,67,1,13,5,MECH,1
8.63,3,2,0,3,12,64,378,8,CIVIL,1
7.33,4,4,0,0,7,45,121,4,IT,1
7.94,0,2,3,0,15,61,349,7,MECH,1
8.61,6,10,8,1,0,67,106,5,ECE,1
7.99,3,10,7,2,74,49,200,4,CIVIL,1
6.25,6,7,8,2,74,57,219,3,CIVIL,1
8.16,1,9,0,1,79,79,460,6,ECE,1
7.41,5,6,5,1,80,56,334,3,CSE,1
6.66,2,0,4,1,60,95,141,3,CIVIL,1
5.89,1,7,0,1,17,94,27,6,CIVIL,1
8.55,0,0,8,1,52,33,200,4,CIVIL,1
5.78,2,6,8,1,40,60,182,1,IT,1
9.14,2,3,7,3,15,55,281,3,IT,1
8.5,0,0,7,3,75,18,291,7,ECE,1
8.43,3,6,2,0,50,98,165,4,CIVIL,1
9.94,4,4,0,3,45,9,252,6,MECH,1
6.67,5,1,0,2,93,71,371,1,CIVIL,1
8.57,3,1,8,3,72,4,281,7,ECE,1
7.59,3,10,3,0,70,60,430,4,IT,1
7.74,5,9,3,3,67,38,119,4,MECH,1
8.25,5,4,5,0,93,96,172,3,CSE,1
8.05,4,8,4,2,64,45,335,8,ECE,1
7.41,1,3,4,0,27,2,221,3,CSE,1
7.17,2,10,5,3,50,48,453,7,CSE,1
8.33,5,2,0,3,41,96,245,2,CIVIL,1
10.0,4,7,8,0,12,38,251,6,MECH,1
6.9,1,1,5,2,16,82,385,4,IT,1
8.43,5,1,1,3,19,78,80,4,ECE,1
7.84,2,3,7,2,5,73,47,6,IT,1
6.67,2,10,2,3,67,15,63,8,CIVIL,1
9.82,0,3,2,1,8,50,129,1,IT,1
9.83,6,2,8,0,7,64,164,2,CSE,1
9.05,4,6,4,0,61,68,356,7,CIVIL,1
6.04,2,5,8,3,98,55,456,8,CIVIL,1
5.9,4,0,5,0,90,15,472,2,IT,1
9.61,6,7,1,3,22,56,281,4,IT,1
7.37,5,9,2,3,14,67,381,3,IT,1
6.93,1,1,5,2,87,94,145,6,MECH,1
7.96,5,6,8,2,65,87,295,8,IT,1
8.76,0,4,3,3,7,36,443,1,CSE,1
7.95,0,9,6,3,96,27,399,4,CIVIL,1
8.39,4,4,4,0,49,47,92,7,ECE,1
7.34,5,10,1,3,22,1,59,6,MECH,1
7.08,3,1,3,3,48,44,490,8,MECH,1
7.61,1,10,8,2,44,88,26,7,CIVIL,1
8.36,3,4,1,0,46,33,36,8,ECE,1
5.89,0,7,6,1,61,75,197,5,IT,1
6.12,1,6,5,0,26,36,24,5,CIVIL,1
10.0,6,9,3,1,45,13,261,2,CSE,1
9.66,2,4,0,3,57,16,420,6,IT,1
8.19,1,10,4,0,53,96,107,3,CSE,1
8.76,5,5,1,2,15,32,296,7,ECE,1
7.36,4,1,8,3,1,98,466,8,CIVIL,1
9.55,2,6,3,1,15,26,466,7,CIVIL,1
7.82,1,9,3,2,64,68,110,1,ECE,1
5.75,1,10,0,2,87,75,43,3,IT,1
6.79,5,2,3,2,16,35,338,2,IT,1
7.99,3,4,3,2,31,17,304,8,IT,1
8.85,2,6,0,2,8,52,204,4,MECH,1
8.17,3,1,6,3,57,81,216,7,IT,1
6.47,3,6,7,3,40,2,277,5,IT,1
8.81,6,7,2,0,84,49,333,4,CIVIL,1
6.1,3,10,8,0,27,21,231,8,MECH,1
8.48,6,5,0,3,51,71,213,4,CSE,1
9.11,4,5,5,1,28,26,415,2,CIVIL,1
7.53,3,0,1,3,2,57,374,5,MECH,0
8.4,2,4,3,2,63,27,181,1,IT,1
7.69,1,7,4,3,11,41,121,1,CSE,1
7.89,1,5,2,1,39,57,367,6,MECH,1
9.04,6,9,0,1,42,65,154,4,CIVIL,1
8.69,0,3,0,3,31,20,361,1,MECH,1
7.29,1,10,7,2,15,87,206,8,IT,1
8.39,5,2,3,3,22,78,1,4,CSE,1
6.2,4,8,4,3,19,94,389,8,CSE,1
9.57,3,10,0,2,51,68,246,5,MECH,1
6.02,0,4,1,2,68,14,317,5,IT,1
7.58,1,4,7,0,67,97,414,5,MECH,1
5.6,0,7,1,0,57,45,197,3,CSE,1
6.61,0,9,8,1,70,44,3,4,CSE,1
9.74,1,3,1,0,58,93,323,5,MECH,1
5.54,5,8,8,2,52,56,328,2,CIVIL,1
9.2,6,6,6,0,76,66,152,4,CIVIL,1
9.48,6,5,0,2,94,30,311,8,IT,1
9.4,0,2,7,3,86,90,289,3,CSE,1
7.86,5,6,1,1,80,17,286,6,CSE,1
9.79,4,8,7,3,84,75,238,1,MECH,1
7.87,0,1,6,3,9,8,334,3,CIVIL,1
8.21,4,9,0,3,96,52,490,2,CIVIL,1
5.83,4,8,3,1,87,11,348,1,MECH,1
6.68,2,7,0,0,66,20,247,7,MECH,1
6.87,0,8,7,3,43,2,276,5,IT,1
7.31,3,8,4,1,27,19,49,2,IT,1
6.07,6,9,7,1,20,100,13,2,CSE,1
7.05,4,8,7,3,92,24,359,6,IT,1
7.57,2,10,3,0,56,32,114,3,CIVIL,1
8.59,2,6,6,3,9,78,215,1,ECE,1
9.02,4,9,8,0,11,55,371,8,IT,1
9.47,2,6,3,1,85,51,172,1,MECH,1
7.16,0,9,8,0,34,16,83,6,CIVIL,1
7.46,5,4,8,1,8,25,294,2,CIVIL,1
6.75,3,10,3,1,31,4,202,1,MECH,1
6.47,2,5,8,0,17,100,271,3,CIVIL,1
7.64,1,1,2,1,25,54,163,3,CSE,1
6.53,5,2,0,2,17,100,357,5,CSE,1
9.49,2,4,4,0,49,11,426,8,IT,1
8.76,3,9,7,1,81,24,237,8,IT,1
7.53,1,8,7,1,41,89,116,8,CIVIL,1
9.36,1,10,3,2,34,1,127,5,IT,1
6.0,0,7,0,1,7,21,278,7,IT,0
6.51,2,10,1,3,20,26,81,3,CSE,1
9.89,0,3,5,0,89,73,344,3,MECH,1
7.6,4,5,5,2,59,45,361,1,CIVIL,1
5.82,5,8,7,2,35,10,268,7,ECE,1
6.33,0,2,5,0,1,61,81,2,ECE,1
6.06,3,10,8,2,6,83,29,7,MECH,1
6.18,2,4,0,2,62,45,290,5,ECE,1
9.91,3,6,0,2,81,71,57,3,CIVIL,1
7.88,0,4,3,0,72,29,284,7,IT,1
9.03,0,2,6,2,53,26,24,3,CIVIL,1
5.63,5,4,7,3,40,7,315,3,ECE,1
8.44,5,7,7,3,35,88,158,6,CIVIL,1
9.84,4,7,7,1,91,53,156,5,MECH,1
6.21,1,4,0,1,85,13,147,8,CIVIL,1
8.08,1,0,7,1,66,87,298,8,CIVIL,1
8.24,0,5,5,0,22,50,6,6,IT,1
7.14,4,8,0,1,34,94,147,7,IT,1
7.83,6,9,8,2,84,70,365,6,CSE,1
7.78,3,0,3,3,73,98,333,2,IT,1
6.89,1,8,1,2,5,80,48,5,MECH,1
6.77,4,3,3,2,8,62,241,6,CIVIL,1
9.5,4,5,2,0,18,66,445,1,IT,1
5.55,1,10,5,1,29,44,21,8,CIVIL,1
7.78,6,1,3,3,15,96,449,4,IT,1
7.7,5,8,0,1,27,9,445,8,CIVIL,1
7.91,2,0,3,0,86,74,126,3,IT,1
8.76,5,4,3,2,70,92,308,2,IT,1
9.45,3,3,5,1,20,10,35,6,ECE,1
8.72,4,1,7,0,14,92,404,1,CIVIL,1
5.5,0,10,4,3,13,31,373,5,MECH,1
9.66,1,6,8,2,63,90,149,6,IT,1
8.58,0,2,6,1,17,79,236,7,CIVIL,1
7.06,1,8,7,1,32,34,149,8,IT,1
9.76,3,4,6,2,97,3,426,7,CSE,1
9.75,0,4,7,1,80,97,149,1,ECE,1
6.61,5,10,6,3,15,19,445,4,CSE,1
6.51,6,2,0,2,33,68,132,2,ECE,1
8.75,1,6,5,1,100,16,125,3,CIVIL,1
8.78,6,10,4,1,68,22,377,4,ECE,1
9.69,4,1,5,2,42,74,263,7,IT,1
8.3,1,2,4,3,27,20,319,5,CSE,1
9.23,3,9,3,0,7,31,88,4,ECE,1
6.09,0,4,2,3,79,28,16,3,ECE,1
8.92,6,9,3,3,74,49,304,7,CIVIL,1
8.3,3,2,0,2,61,11,149,3,CIVIL,1
5.86,0,8,1,1,67,68,322,8,CIVIL,1
8.45,2,0,3,3,52,87,252,8,IT,1
7.89,6,8,6,0,26,68,87,4,MECH,1
6.64,1,9,0,3,84,35,192,6,ECE,1
5.95,1,0,2,0,41,55,154,6,MECH,1
6.04,6,10,0,0,20,75,303,3,ECE,1
7.37,1,5,7,0,47,99,217,3,MECH,1
6.77,3,9,5,1,98,56,359,1,CIVIL,1
6.1,3,0,3,3,47,9,157,3,ECE,1
9.72,4,10,1,1,43,84,208,4,CIVIL,1
9.84,4,0,7,1,73,92,38,1,CSE,1
8.32,4,1,3,3,17,39,201,4,IT,1
9.56,2,1,4,3,98,80,250,1,ECE,1
5.85,0,1,1,1,44,87,381,6,MECH,1
5.57,0,7,3,2,38,56,109,2,MECH,1
5.73,0,3,5,3,94,67,16,4,IT,1
5.83,0,10,1,0,71,80,280,3,CSE,1
6.31,0,2,6,0,64,62,414,3,ECE,1
5.76,1,2,3,1,95,40,284,4,IT,1
7.51,3,10,3,2,59,38,307,5,CSE,1
5.51,0,1,0,0,9,12,189,6,MECH,1
8.59,0,8,7,3,32,37,71,1,CIVIL,1
6.93,0,10,4,2,18,97,303,6,CSE,1
6.47,6,5,5,2,39,15,134,1,MECH,1
6.19,0,10,3,0,66,65,348,3,MECH,1
9.58,6,5,6,3,81,18,470,2,IT,1
7.16,1,10,4,2,6,68,122,1,ECE,1
9.07,1,6,1,0,27,30,125,4,ECE,1
8.88,2,5,8,2,12,33,0,5,CIVIL,1
7.59,3,1,3,1,53,86,427,3,CIVIL,1
6.39,5,6,5,1,22,72,276,3,MECH,1
6.95,0,1,3,1,40,99,167,8,CIVIL,1
6.7,6,1,0,1,36,52,434,4,MECH,1
7.43,1,3,6,0,34,39,352,2,MECH,1
8.2,3,7,5,3,6,72,171,7,CSE,1
9.32,4,4,5,0,90,60,408,2,CSE,1
8.23,2,4,7,1,19,33,361,3,CIVIL,1
6.81,4,8,5,3,84,63,265,6,ECE,1
7.82,6,8,0,2,29,79,488,1,CIVIL,1
6.2,3,2,3,2,75,85,219,7,CSE,1
9.86,0,8,4,1,31,78,30,8,MECH,1
6.8,3,3,0,2,54,60,346,1,MECH,1
6.47,6,10,1,3,48,17,280,4,MECH,1
7.57,4,3,6,1,21,77,146,6,CIVIL,1
8.84,3,2,8,1,5,47,478,4,CIVIL,1
5.53,2,4,0,1,80,12,152,1,MECH,1
8.66,0,7,8,3,90,38,227,6,ECE,1
8.93,4,3,5,3,77,9,195,1,CSE,1
7.3,2,2,1,3,97,94,390,4,IT,1
6.68,6,4,2,1,79,30,480,3,MECH,1
5.68,0,10,4,2,68,5,407,3,CSE,1
8.3,0,3,2,1,53,19,410,8,CIVIL,1
6.42,5,6,6,2,88,62,430,3,CIVIL,1
7.71,1,1,5,0,78,87,205,1,ECE,1
7.55,4,4,0,2,26,87,379,4,CSE,1
9.41,5,8,0,3,10,95,268,3,CSE,1
9.24,2,7,3,3,52,18,45,2,CIVIL,1
5.9,4,10,6,2,6,8,494,4,IT,1
9.37,3,5,5,3,19,11,466,4,CSE,1
6.09,0,1,0,0,27,81,414,8,MECH,0
9.36,3,5,3,1,88,54,460,4,ECE,1
7.37,1,4,3,0,41,58,91,4,MECH,1
6.48,5,1,7,2,86,90,75,6,MECH,1
8.83,0,5,0,0,65,14,167,7,ECE,1
9.58,0,2,1,0,62,1,120,1,CSE,1
8.86,5,0,3,0,24,42,116,1,ECE,1
5.69,2,2,1,0,80,39,303,5,CIVIL,1
7.58,2,8,2,3,41,95,22,2,ECE,1
6.27,3,1,5,3,36,59,166,2,MECH,1
7.45,5,6,1,3,59,71,62,5,ECE,1
8.41,5,7,5,2,76,66,383,1,MECH,1
9.28,4,9,6,2,97,53,111,3,ECE,1
6.95,0,8,0,2,15,35,384,5,ECE,1
6.17,4,0,0,2,3,27,25,5,MECH,1
6.85,6,8,6,1,55,51,234,3,CIVIL,1
9.4,1,6,2,2,12,37,192,8,MECH,1
8.74,0,7,7,2,31,50,414,6,CSE,1
8.52,4,9,3,3,45,43,314,4,IT,1
7.24,0,6,2,1,93,39,345,6,ECE,1
9.68,0,5,6,0,36,4,446,3,ECE,1
7.0,0,6,0,1,0,23,54,3,IT,1
7.81,0,10,3,0,78,10,172,7,CSE,1
7.27,4,1,2,3,55,81,71,2,IT,1
7.6,1,9,3,3,16,7,419,8,CIVIL,1
9.33,4,3,7,0,12,27,407,8,CIVIL,1
6.65,4,4,3,3,70,21,138,3,MECH,1
6.59,0,8,6,1,19,79,91,4,IT,1
6.61,5,0,2,1,26,76,473,7,IT,1
8.58,1,5,1,0,24,73,387,2,IT,0
6.74,4,0,4,1,13,55,333,8,IT,1
8.44,2,2,6,2,6,5,219,2,IT,1
9.76,6,2,8,2,3,38,33,6,ECE,1
8.97,6,10,1,0,34,7,346,3,MECH,1
8.37,6,5,1,3,80,51,168,6,MECH,1
8.7,1,10,7,0,24,55,206,8,MECH,1
7.77,5,5,1,3,10,15,74,1,MECH,1
6.38,6,7,8,1,31,40,166,8,ECE,1
8.67,5,5,0,2,82,61,141,3,ECE,1
6.81,1,6,6,1,95,4,314,8,MECH,1
8.45,4,0,1,0,88,69,391,1,IT,1
9.61,0,0,7,1,55,5,18,6,IT,1
9.71,5,5,3,3,77,64,197,1,CIVIL,1
8.45,4,2,2,0,62,94,345,5,CSE,1
7.19,6,6,6,2,97,48,394,6,ECE,1
8.84,0,9,5,2,99,17,358,7,CSE,1
7.52,5,8,4,1,89,97,46,2,IT,1
6.68,4,9,5,1,1,53,224,5,CIVIL,1
6.91,5,6,0,1,98,88,137,2,IT,1
8.31,6,10,0,1,18,30,184,1,CSE,1
6.6,0,10,1,3,74,29,172,1,CSE,1
8.99,5,5,7,3,29,15,412,4,IT,1
9.08,3,4,5,3,68,37,41,6,CSE,1
6.15,3,0,1,2,31,4,469,1,MECH,1
6.06,0,9,8,3,45,23,211,3,CIVIL,1
9.56,5,2,6,3,8,31,462,7,ECE,1
7.77,5,3,6,2,45,15,378,8,ECE,1
6.26,4,3,5,0,11,45,182,1,CIVIL,1
9.48,2,1,5,2,75,92,481,4,ECE,1
9.82,1,6,8,0,8,65,176,1,IT,1
9.07,4,8,8,2,69,93,254,7,CSE,1
8.21,5,7,6,1,9,43,339,8,MECH,1
9.46,6,10,8,2,23,45,212,8,CSE,1
7.1,1,1,3,1,4,33,185,6,IT,1
9.36,1,10,2,1,83,48,432,4,CIVIL,1
9.09,3,8,8,2,3,70,310,5,ECE,1
7.23,1,6,4,3,64,27,172,3,CSE,1
7.61,2,4,8,1,88,83,469,4,CSE,1
8.5,0,6,3,0,57,66,500,5,ECE,1
7.73,0,10,8,2,33,88,46,6,ECE,1
9.44,0,6,8,1,57,14,82,4,IT,1
8.07,6,3,4,1,93,14,294,2,MECH,1
7.75,5,8,0,0,93,73,392,8,MECH,1
9.38,1,6,0,3,16,31,229,2,ECE,1
9.33,1,8,2,2,84,43,382,6,MECH,1
8.47,2,0,1,0,78,46,178,3,IT,1
9.54,1,10,1,3,60,16,232,7,MECH,1
6.0,4,8,5,0,55,94,8,8,MECH,1
8.32,1,0,0,3,66,51,399,7,ECE,1
9.78,4,8,0,2,63,60,489,7,IT,1
8.74,3,10,2,2,44,82,307,3,CSE,1
5.99,1,6,3,3,95,59,206,3,ECE,1
9.13,6,8,6,0,89,85,318,7,CIVIL,1
8.16,2,6,4,0,59,67,400,4,CSE,1
7.21,2,8,6,1,90,99,229,5,IT,1
8.02,5,0,7,3,10,62,220,8,MECH,1
5.91,4,6,7,0,8,51,129,5,MECH,1
6.42,5,4,4,2,10,93,73,7,CSE,1
6.91,3,4,0,1,60,58,320,4,CSE,1
6.86,6,2,4,0,28,1,158,4,CIVIL,1
7.38,1,6,3,1,1,6,93,1,CIVIL,1
9.3,0,0,3,1,43,82,495,1,MECH,1
6.86,1,7,0,1,54,79,290,8,MECH,1
9.27,6,2,2,3,26,18,14,7,MECH,1
8.61,4,10,7,3,83,73,447,6,ECE,1
8.8,5,6,8,3,5,46,487,6,CIVIL,1
6.29,3,9,8,0,24,31,174,4,IT,1
6.4,3,6,1,3,52,61,138,1,ECE,1
8.19,6,8,6,2,83,28,415,1,MECH,1
7.56,3,7,5,1,72,90,37,2,ECE,1
6.17,0,10,6,2,5,2,430,1,IT,1
7.9,5,2,6,1,65,8,153,5,MECH,1
7.58,6,4,5,1,36,17,15,1,CIVIL,1
8.09,2,9,2,2,6,35,257,8,CIVIL,1
8.59,6,9,6,0,45,38,293,5,CSE,1
9.2,3,1,6,3,27,79,156,8,CIVIL,1
9.86,6,5,6,1,16,70,131,8,CIVIL,1
7.52,0,6,6,3,91,99,167,1,MECH,1
7.48,6,4,2,0,0,93,154,7,MECH,1
8.14,4,2,2,1,63,62,265,2,CSE,1
8.59,0,2,2,3,78,59,192,6,ECE,1
8.29,1,0,7,1,72,90,64,8,CIVIL,1
8.04,5,0,2,1,33,92,84,5,CIVIL,1
5.57,2,5,2,1,94,67,411,7,ECE,1
6.84,0,2,4,2,83,89,470,1,ECE,1
6.24,1,0,0,3,55,87,457,4,CSE,1
9.74,1,9,0,3,24,41,138,5,IT,1
7.73,2,4,1,3,98,0,380,6,IT,1
9.42,1,10,7,1,32,84,309,2,CSE,1
9.34,6,5,2,3,22,77,200,6,CIVIL,1
6.06,0,8,7,0,52,62,488,6,IT,1
5.79,1,4,2,3,22,97,478,5,MECH,1
8.27,0,1,7,0,96,99,135,2,CSE,1
8.85,1,9,7,2,23,44,417,4,ECE,1
7.43,4,8,1,1,26,28,116,3,MECH,1
8.7,5,5,1,0,8,23,117,7,CSE,1
7.9,6,2,8,1,14,97,17,6,CIVIL,1
5.77,6,6,8,1,69,3,496,7,CSE,1
6.17,3,9,0,2,0,48,57,4,MECH,1
9.41,6,4,4,1,45,19,228,6,CIVIL,1
6.08,2,3,3,3,44,30,48,4,CIVIL,1
7.79,6,5,5,2,88,11,314,5,CSE,1
5.92,3,3,3,3,43,16,230,7,IT,1
8.05,5,4,5,1,32,91,261,5,CIVIL,1
7.04,1,9,4,1,24,60,209,2,ECE,1
9.23,0,3,0,0,70,96,384,2,CSE,1
6.25,1,0,5,2,80,57,9,1,MECH,1
9.64,6,1,2,2,88,55,362,6,ECE,1
8.3,0,3,1,1,35,67,244,4,IT,1
7.28,1,2,3,2,65,89,92,6,CSE,1
6.37,2,7,0,0,60,17,66,2,CSE,1
7.58,2,1,2,0,11,66,361,4,MECH,1
5.91,1,1,7,3,86,27,108,1,CSE,1
6.76,2,6,2,2,72,44,69,2,CSE,1
9.72,0,8,5,0,27,30,144,8,ECE,1
9.06,0,4,7,2,76,43,193,1,IT,1
6.58,5,10,1,0,33,86,284,4,IT,1
6.05,3,2,5,0,13,47,446,6,IT,1
6.52,0,5,8,0,55,37,262,1,MECH,1
9.01,1,2,7,1,65,30,132,4,MECH,1
7.15,4,8,2,1,37,41,217,7,IT,1
7.84,2,10,2,3,43,16,413,5,IT,1
6.48,5,9,5,0,44,22,32,7,MECH,1
9.45,1,9,3,0,38,67,410,7,CIVIL,1
5.6,0,7,0,1,86,46,74,6,MECH,1
5.64,3,5,8,2,38,64,178,2,MECH,1
8.78,3,6,3,1,61,89,309,8,CSE,1
6.6,6,2,0,2,59,83,346,8,IT,1
8.12,5,1,5,3,95,5,240,7,ECE,1
5.99,6,8,4,2,70,33,499,7,ECE,1
8.97,5,0,8,0,95,38,452,2,MECH,1
7.73,5,8,3,3,81,12,41,1,CSE,1
6.72,2,10,6,0,89,38,70,4,CSE,1
8.11,2,0,5,1,100,84,320,6,ECE,1
7.51,5,1,7,0,63,90,448,1,IT,1
6.88,5,10,7,2,97,56,421,8,ECE,1
7.73,1,7,5,1,59,38,326,5,MECH,1
7.81,6,3,3,3,9,2,129,3,CSE,1
6.46,6,6,0,2,52,43,415,3,CSE,1
6.34,3,2,5,0,77,51,146,6,CIVIL,1
8.79,1,3,0,1,67,76,209,7,CSE,1
9.57,6,6,6,2,66,44,25,7,MECH,1
8.49,1,1,4,2,31,15,182,2,CIVIL,1
5.54,5,9,2,0,15,69,276,5,CIVIL,1
6.92,1,2,1,0,4,3,337,5,CSE,1
7.74,5,8,0,0,69,72,142,6,CSE,1
8.38,2,3,6,2,65,36,42,6,ECE,1
8.8,3,8,7,1,45,71,138,6,CIVIL,1
8.59,2,9,5,2,71,34,87,3,IT,1
5.56,1,0,2,2,77,92,205,6,CSE,1
9.94,3,5,6,0,78,71,1,8,MECH,1
6.9,4,3,3,2,94,28,382,3,IT,1
8.26,6,0,4,1,14,35,236,4,ECE,1
8.01,6,7,3,3,76,29,185,6,MECH,1
9.58,3,8,1,1,64,8,236,2,MECH,1
6.32,0,8,4,0,27,98,201,2,CIVIL,1
8.26,0,0,7,1,57,89,356,1,IT,1
6.4,2,9,3,2,99,11,78,2,CIVIL,1
7.08,4,4,5,0,11,17,431,4,MECH,1
6.32,1,2,6,3,93,37,116,2,CIVIL,1
7.03,6,1,1,3,12,10,387,3,ECE,1
6.78,1,4,4,1,14,19,173,4,CIVIL,0
5.77,1,7,1,1,22,87,191,2,MECH,1
8.52,1,6,2,1,9,9,327,2,ECE,0
9.38,4,3,4,1,98,21,427,3,ECE,1
7.71,5,0,7,3,48,97,94,7,CIVIL,1
6.57,1,2,0,0,31,38,361,6,CIVIL,1
8.3,2,8,2,0,21,34,116,3,IT,1
8.73,6,5,1,1,19,1,68,3,IT,1
8.62,6,1,6,2,46,71,99,8,CSE,1
7.96,4,6,8,3,15,52,281,7,CIVIL,1
9.18,4,9,0,3,58,45,291,7,CIVIL,1
6.26,6,0,6,0,74,41,109,8,CIVIL,1
7.89,6,4,2,3,22,95,36,1,MECH,1
9.31,3,2,0,2,82,23,140,3,CIVIL,1
7.85,4,1,2,1,40,99,241,1,IT,1
5.72,1,7,7,1,61,37,482,1,CIVIL,1
7.99,6,6,7,0,53,58,313,4,CSE,1
9.3,5,4,1,2,45,34,1,3,IT,1
6.78,4,7,0,0,76,26,368,7,MECH,1
9.09,6,9,4,1,73,2,443,5,IT,1
7.3,1,9,2,3,59,69,392,5,CSE,1
9.78,0,4,1,1,14,70,313,2,CIVIL,1
7.41,0,8,3,1,50,19,190,1,IT,1
9.36,4,1,6,3,87,1,108,2,IT,1
7.87,6,3,2,2,43,12,57,5,MECH,1
9.6,5,9,6,2,46,75,251,8,CIVIL,1
9.43,1,0,3,1,65,17,104,5,ECE,1
6.05,3,2,4,3,79,69,120,1,IT,1
6.82,5,2,5,1,3,93,48,5,IT,1
6.09,4,2,7,1,39,27,17,8,IT,1
8.63,1,9,0,0,64,59,198,8,CIVIL,1
7.73,3,9,2,0,32,68,145,2,MECH,1
5.95,1,3,8,2,87,66,3,4,CSE,1
7.42,4,6,2,1,41,79,423,7,CIVIL,1
6.31,1,8,0,3,94,28,105,2,ECE,1
5.64,1,1,3,2,3,30,350,2,IT,1
5.89,3,5,0,3,100,16,247,5,MECH,1
9.85,2,7,4,2,15,45,380,1,IT,1
8.13,5,0,6,0,2,3,362,4,ECE,1
6.29,1,4,6,2,57,64,320,4,ECE,1
6.2,2,1,2,2,37,71,408,3,ECE,1
7.39,5,9,4,1,15,7,431,7,CSE,1
7.65,2,0,7,3,67,84,410,4,CIVIL,1
5.86,6,10,2,1,0,31,363,3,ECE,1
8.02,0,6,5,0,46,38,249,8,CSE,1
9.53,0,5,5,3,63,3,119,8,CSE,1
5.98,6,3,0,0,83,55,304,6,IT,1
6.12,1,6,8,2,10,79,139,2,IT,1
6.97,0,8,4,3,76,8,36,1,CSE,1
7.14,0,9,3,2,23,60,389,7,IT,1
7.83,5,6,3,1,92,3,141,7,MECH,1
6.08,5,6,6,2,33,99,16,4,MECH,1
7.94,5,6,0,2,44,66,465,2,ECE,1
7.42,5,10,2,3,34,33,450,8,CSE,1
6.56,6,7,5,0,8,45,197,7,CSE,1
7.11,3,3,8,1,53,88,293,6,IT,1
6.35,6,10,1,0,21,96,182,1,CIVIL,1
6.17,0,7,0,0,21,4,313,5,IT,1
7.88,5,6,4,1,74,5,481,5,IT,1
7.63,1,8,4,1,9,26,148,4,CSE,1
6.55,2,10,2,2,89,3,150,7,CIVIL,1
6.95,4,9,1,2,71,9,369,6,IT,1
6.19,2,10,8,2,22,96,98,7,IT,1
9.12,2,5,7,2,17,84,421,6,CIVIL,1
8.86,1,10,4,3,97,72,201,4,IT,1
8.16,6,1,1,2,79,13,240,2,MECH,1
8.95,0,1,3,0,98,77,186,5,CSE,1
5.72,5,3,6,0,56,90,435,6,CIVIL,1
6.04,2,5,8,0,1,93,362,3,CIVIL,1
6.61,3,9,3,0,85,10,286,7,CIVIL,1
6.96,0,8,6,0,86,86,223,8,CSE,1
8.06,1,1,4,3,73,63,338,1,CSE,1
9.31,3,6,6,3,96,12,422,3,CIVIL,1
6.63,0,3,6,2,99,29,84,3,ECE,1
9.51,4,5,0,2,55,1,461,3,CSE,1
6.65,6,8,7,1,59,68,377,1,MECH,1
6.77,4,9,4,0,66,92,472,6,MECH,1
6.61,0,1,5,1,21,87,35,6,CIVIL,1
9.77,2,8,3,1,58,39,227,8,CSE,1
8.6,5,2,6,3,85,74,481,2,CSE,1
8.79,3,10,4,3,44,60,449,4,CIVIL,1
9.77,0,3,1,2,34,32,333,1,CSE,1
8.9,6,0,8,3,91,91,392,3,CIVIL,1
9.56,2,7,5,2,1,14,308,2,IT,1
8.64,6,10,1,0,7,93,411,7,IT,1
8.29,6,10,3,2,54,72,44,8,IT,1
9.53,1,7,1,2,68,64,306,4,MECH,1
5.56,0,4,5,0,34,51,24,4,CIVIL,1
8.94,6,9,2,1,65,3,389,6,CSE,1
7.64,4,8,5,3,45,61,442,1,IT,1
5.64,6,6,1,0,91,97,150,3,CSE,1
7.42,6,4,6,2,88,95,202,8,CSE,1
7.27,1,5,2,1,44,62,100,6,CIVIL,1
6.69,3,7,1,3,87,62,162,5,IT,1
7.18,6,3,0,1,79,67,169,2,CSE,1
9.55,3,4,8,1,31,71,334,4,CIVIL,1
9.42,1,6,0,1,26,66,361,8,IT,1
5.67,3,4,7,0,96,38,487,1,MECH,1
9.19,5,6,8,3,34,4,127,3,MECH,1
8.94,4,4,3,1,25,19,120,5,MECH,1
6.23,1,5,0,2,1,26,276,8,CIVIL,1
9.34,4,6,8,0,59,41,415,8,ECE,1
6.94,0,5,3,1,100,84,1,3,CIVIL,1
7.97,2,5,4,2,74,17,279,8,CIVIL,1
9.69,3,3,2,1,57,91,42,8,MECH,1
8.95,6,1,3,0,57,19,75,8,ECE,1
9.22,5,8,8,3,33,59,175,8,ECE,1
7.59,1,2,2,2,8,62,235,4,IT,1
9.39,5,6,1,0,25,77,183,8,MECH,1
5.65,3,7,7,3,41,25,386,8,CIVIL,1
6.14,6,5,0,3,58,51,111,4,CSE,1
8.98,6,6,5,2,100,20,114,8,CIVIL,1
6.03,5,9,6,2,57,84,242,8,CSE,1
7.87,1,5,2,2,19,55,42,8,CIVIL,1
6.42,2,3,4,0,35,85,63,1,IT,1
5.62,3,0,7,2,96,91,92,6,ECE,1
8.32,6,6,3,0,36,62,336,5,MECH,1
8.55,0,3,3,0,37,30,159,4,MECH,1
6.0,2,7,3,1,99,76,72,6,CIVIL,1
9.17,2,9,4,1,100,53,477,2,IT,1
5.66,0,4,7,3,26,47,16,8,CSE,1
5.89,6,6,7,2,76,81,346,8,CSE,1
9.29,1,9,2,2,5,48,252,1,CSE,1
6.76,6,4,2,0,97,94,218,6,MECH,1
6.5,5,4,1,3,60,23,471,4,CSE,1
9.85,0,1,8,0,14,7,152,2,CIVIL,1
6.58,6,7,3,2,45,60,311,3,MECH,1
5.59,0,2,6,0,35,17,459,7,MECH,0
6.66,5,10,7,1,95,47,173,8,CIVIL,1
7.73,4,8,7,1,24,84,417,8,ECE,1
8.24,6,8,2,1,57,61,447,5,MECH,1
9.5,2,8,4,3,77,50,448,6,IT,1
6.16,2,2,1,0,2,49,285,2,CIVIL,0
5.73,5,9,7,0,45,52,266,8,MECH,1
7.92,3,5,7,3,0,59,483,2,ECE,1
6.85,5,4,5,2,32,74,283,7,CIVIL,1
8.08,3,4,1,1,72,65,347,6,MECH,1
6.2,1,6,6,3,99,15,395,6,IT,1
5.73,4,1,7,1,69,37,128,8,MECH,1
9.58,5,5,4,2,10,23,162,8,CSE,1
8.2,0,7,0,1,73,87,425,4,CSE,1
6.79,3,2,4,0,3,81,165,6,MECH,1
8.71,5,5,8,3,81,50,182,4,CIVIL,1
6.43,1,1,1,3,38,30,391,3,MECH,1
7.92,6,6,6,2,34,16,195,2,CIVIL,1
8.69,5,8,1,3,79,99,57,8,CIVIL,1
7.85,5,3,0,3,16,67,52,4,IT,1
6.1,2,7,2,3,1,91,454,7,MECH,0
6.5,4,8,0,1,7,50,21,1,IT,1
8.79,6,7,6,3,78,53,166,8,ECE,1
7.83,1,7,2,1,100,81,469,7,ECE,1
8.22,3,3,1,2,87,70,332,5,IT,1
8.34,6,8,1,2,95,40,88,3,CSE,1
6.93,1,7,4,1,54,68,461,6,CSE,1
7.35,5,7,5,3,63,71,284,4,IT,1
7.72,2,1,1,1,24,73,101,7,MECH,1
6.29,5,9,7,0,41,21,442,3,CIVIL,1
5.57,3,6,7,3,94,89,331,2,MECH,1
8.79,6,1,3,0,37,26,329,6,CSE,1
5.8,2,7,3,0,91,4,204,3,CIVIL,1
8.65,3,10,3,3,89,9,197,6,IT,1
6.81,6,9,3,3,73,95,157,5,IT,1
9.21,6,1,3,0,14,80,167,8,ECE,1
8.18,4,1,7,0,9,65,9,2,IT,1
9.86,2,4,6,2,40,77,258,7,CSE,1
6.65,0,2,4,3,85,49,187,5,MECH,1
6.54,1,4,7,0,91,74,434,6,IT,1
7.92,0,10,1,3,52,64,303,1,CIVIL,1
8.22,0,4,8,2,58,68,397,2,IT,1
8.08,5,10,7,1,54,27,406,2,CIVIL,1
5.94,4,8,7,0,17,45,207,4,MECH,1
9.14,6,9,6,2,65,55,474,4,ECE,1
8.28,5,5,0,3,66,71,136,4,CSE,1
8.82,5,2,5,1,21,68,400,5,ECE,1
5.73,3,10,3,2,59,83,352,1,IT,1
9.81,5,7,0,1,8,76,414,6,MECH,1
9.93,1,1,0,3,8,32,457,2,CIVIL,1
7.04,0,10,8,3,52,60,225,5,IT,1
7.43,0,7,8,1,36,30,71,8,IT,1
7.3,4,5,1,2,53,52,101,3,ECE,1
7.41,0,8,0,2,77,91,231,7,MECH,1
7.12,3,1,7,3,30,59,273,3,CSE,1
6.32,0,1,2,0,38,58,196,5,CSE,1
5.59,2,6,3,3,9,33,223,7,IT,1
5.84,4,5,7,3,75,2,1,4,CSE,1
8.58,3,10,8,0,77,25,22,5,CSE,1
7.29,4,7,4,3,14,32,161,2,CIVIL,1
6.84,4,8,3,2,76,48,304,2,ECE,1
6.01,3,7,1,0,52,66,8,1,CSE,1
9.39,0,4,2,1,55,36,143,6,IT,1
9.29,2,8,0,3,3,63,83,3,CSE,1
8.94,6,6,2,3,33,9,188,3,ECE,1
7.2,1,7,1,3,61,30,71,5,IT,1
7.15,3,4,2,1,79,73,262,1,IT,1
8.41,1,9,4,2,43,47,167,8,CIVIL,1
7.18,3,0,3,0,23,50,181,1,IT,1
9.53,3,1,2,2,27,76,350,7,ECE,1
6.45,2,0,2,1,20,67,187,1,CSE,1
8.33,2,6,7,0,7,49,140,8,ECE,1
7.95,4,2,4,2,67,23,308,4,CSE,1
9.43,3,8,2,2,80,4,292,3,CSE,1
8.42,3,8,8,3,86,46,38,2,ECE,1
8.09,1,2,0,1,89,50,198,2,CSE,1
8.43,0,2,5,2,64,76,154,2,CSE,1
6.75,4,10,1,3,61,38,376,8,CSE,1
9.47,0,3,7,3,72,52,426,8,CSE,1
6.85,4,3,7,1,97,63,379,6,MECH,1
6.87,2,3,3,1,3,47,436,7,ECE,1
5.81,5,10,2,1,31,48,119,2,IT,1
9.78,6,10,7,1,42,37,48,1,ECE,1
5.91,1,7,6,1,43,52,274,1,CSE,1
9.43,2,4,2,3,89,38,355,7,CSE,1
6.09,4,2,3,0,67,53,253,7,ECE,1
7.85,1,9,2,1,28,84,229,7,IT,1
9.05,2,3,7,3,91,23,257,3,MECH,1
8.96,1,3,2,3,73,14,181,7,MECH,1
7.46,4,8,2,2,5,39,263,7,IT,1
8.81,0,0,1,2,68,12,114,2,ECE,1
10.0,4,10,6,0,85,14,14,5,MECH,1
7.24,1,1,8,1,43,18,445,1,CSE,1
9.99,6,9,5,3,90,33,358,5,IT,1
5.79,1,10,6,2,76,52,31,6,CIVIL,1
9.22,6,7,4,0,5,62,83,8,CSE,1
6.23,3,6,4,2,71,71,266,1,CSE,1
6.1,3,5,1,1,73,12,317,3,IT,1
8.68,4,5,2,1,36,65,295,5,CSE,1
7.26,6,10,7,1,100,83,371,4,ECE,1
7.66,1,6,7,3,13,76,239,3,IT,1
8.14,4,1,4,1,80,26,460,8,CIVIL,1
8.84,4,3,7,2,21,69,47,5,CIVIL,1
7.87,6,10,7,3,56,90,471,4,IT,1
8.98,1,8,3,1,35,9,50,6,IT,1
8.18,0,3,2,0,84,56,77,5,IT,1
7.33,1,2,3,1,91,23,454,3,MECH,1
6.72,2,0,6,3,53,71,461,6,IT,1
6.04,2,10,6,1,79,77,29,6,CIVIL,1
8.07,2,7,8,1,57,8,477,1,CIVIL,1
9.01,1,5,5,0,10,0,64,1,CIVIL,1
6.97,6,9,5,0,85,96,375,4,MECH,1
9.44,6,0,6,3,29,66,235,6,CIVIL,1
8.08,1,5,5,0,1,99,25,1,CIVIL,1
8.75,1,0,8,2,47,4,171,3,CSE,1
5.71,0,4,7,1,56,7,308,2,CIVIL,1
8.8,6,3,3,1,17,20,455,3,CSE,1
9.93,0,8,7,3,7,53,147,4,ECE,1
5.76,6,10,5,2,43,70,99,2,ECE,1
8.3,2,1,1,0,78,88,419,2,CIVIL,1
9.17,0,0,1,0,71,3,174,6,ECE,1
8.83,4,7,4,2,73,47,132,3,MECH,1
7.52,2,9,4,3,93,49,158,4,MECH,1
6.4,1,4,7,2,29,3,277,3,CSE,1
7.8,6,9,6,3,51,35,370,7,MECH,1
8.28,0,8,0,1,17,74,97,8,CIVIL,1
8.24,2,0,6,1,57,74,354,1,MECH,1
6.38,1,9,5,3,60,12,390,6,ECE,1
6.68,2,10,4,1,59,7,435,5,IT,1
9.76,3,2,0,2,78,69,236,4,ECE,1
9.02,5,1,2,3,90,5,26,3,MECH,1
5.68,1,2,4,1,89,9,36,2,ECE,1
7.71,1,5,7,2,28,53,123,6,CSE,1
5.61,5,2,0,3,48,17,13,2,ECE,1
8.04,3,3,2,3,66,81,122,6,IT,1
8.43,2,5,1,0,98,48,184,7,IT,1
9.13,4,9,0,1,34,4,298,1,ECE,1
5.97,2,10,8,1,87,90,210,7,CIVIL,1
6.11,5,0,1,2,52,73,325,7,CSE,1
5.53,2,5,5,0,90,73,308,5,ECE,1
9.47,0,1,1,2,56,93,292,5,MECH,1
6.26,2,10,1,0,57,19,53,5,IT,1
6.92,6,0,2,0,71,42,65,2,MECH,1
8.51,1,7,3,1,79,61,303,6,CSE,1
7.73,2,0,7,1,69,2,173,6,CSE,0
7.22,0,4,4,3,73,29,474,1,ECE,1
8.18,1,3,4,1,46,18,326,7,CSE,0
6.34,5,10,5,0,100,26,198,5,MECH,1
8.3,6,8,8,0,27,63,119,1,MECH,1
8.57,2,6,1,1,9,51,32,2,MECH,1
8.24,0,9,0,3,95,96,161,4,IT,1
5.57,1,2,1,0,24,39,115,1,CIVIL,1
6.23,4,1,6,0,93,46,464,2,MECH,1
7.37,3,8,8,0,23,99,125,5,CSE,1
7.21,4,7,4,1,100,82,66,7,IT,1
8.18,6,2,8,1,40,71,410,6,IT,1
8.76,0,5,6,0,11,88,199,6,CSE,1
7.07,1,1,0,2,14,6,240,4,ECE,1
8.72,6,0,1,3,69,44,61,4,ECE,1
9.65,3,8,2,2,25,16,166,7,IT,1
8.16,1,10,3,1,89,46,426,6,ECE,1
6.9,3,7,3,1,30,7,24,3,ECE,1
7.19,0,10,8,1,65,78,185,4,CIVIL,1
6.8,1,9,7,3,56,44,409,4,MECH,1
6.24,1,2,8,1,52,57,65,7,MECH,1
5.75,1,0,8,3,99,55,135,1,ECE,1
8.65,1,4,8,2,18,93,0,3,MECH,1
9.69,6,6,6,2,72,61,31,5,ECE,1
7.78,1,10,4,3,63,15,31,5,MECH,1
5.67,4,1,2,3,46,35,400,2,IT,1
8.31,2,10,8,0,69,78,59,4,MECH,1
8.77,0,5,1,3,51,74,254,5,CSE,1
7.45,6,2,7,1,25,11,348,5,CIVIL,1
8.69,6,10,3,0,70,7,470,1,ECE,1
7.9,0,0,2,0,13,27,376,7,ECE,1
5.75,3,1,0,2,30,86,112,7,CIVIL,1
9.28,1,10,1,1,48,78,330,5,MECH,1
7.16,2,0,8,0,78,87,140,7,CSE,1
9.62,2,8,7,0,96,66,149,3,CIVIL,1
9.78,2,0,3,3,39,99,333,8,CIVIL,1
7.91,5,0,4,1,31,31,271,3,IT,1
7.84,1,9,2,0,95,1,173,1,CIVIL,1
6.75,3,6,8,3,72,59,144,5,CSE,1
8.3,5,6,1,1,79,56,102,3,IT,1
5.61,0,2,0,3,5,86,472,7,CIVIL,1
7.17,1,9,2,0,66,13,396,7,CSE,1
8.4,2,4,8,1,47,83,157,4,MECH,1
8.91,0,2,2,3,78,33,214,5,ECE,1
8.23,0,10,3,3,75,11,260,1,CSE,1
9.24,3,3,6,1,14,54,81,2,CIVIL,1
6.89,1,8,7,1,88,60,173,7,ECE,1
8.91,0,1,8,1,35,30,359,6,CIVIL,1
9.54,3,6,6,0,22,44,84,6,IT,1
7.38,4,9,5,2,79,71,169,5,IT,1
9.93,4,6,1,2,64,69,243,8,MECH,1
7.43,4,5,6,2,76,10,124,4,ECE,1
7.23,5,5,8,1,62,21,131,5,ECE,1
5.75,1,1,5,2,69,69,2,6,IT,1
9.26,5,4,1,1,27,46,262,8,ECE,1
7.27,5,0,5,3,79,23,311,6,CIVIL,1
7.66,4,1,1,2,89,36,181,3,CSE,1
8.86,6,7,7,1,43,75,479,4,MECH,1
9.9,6,4,1,2,44,16,95,6,MECH,1
9.66,4,1,5,3,36,12,157,1,CIVIL,1
8.94,0,7,0,0,23,35,339,2,CSE,1
7.39,0,9,2,2,16,38,11,8,CSE,1
6.85,6,3,4,2,44,60,489,1,IT,1
5.62,1,1,0,2,46,86,42,1,CIVIL,1
8.18,4,3,4,0,55,16,381,6,MECH,1
9.45,2,10,7,3,50,60,295,5,ECE,1
6.06,0,3,4,1,59,44,51,3,ECE,1
7.77,6,8,1,1,20,65,400,2,CSE,1
6.45,0,4,6,2,35,66,288,6,CIVIL,1
9.21,5,9,0,0,18,68,473,8,CSE,1
8.1,6,2,4,0,21,78,24,7,IT,1
7.57,3,10,7,3,3,74,141,7,MECH,1
6.1,2,7,5,0,83,33,83,7,ECE,1
5.5,4,1,5,2,63,35,401,7,CSE,1
8.28,3,5,6,0,70,39,397,1,IT,1
6.91,5,0,6,0,25,27,265,6,CSE,1
9.61,5,7,5,3,66,8,368,3,ECE,1
6.2,0,7,8,2,69,93,454,1,CSE,1
6.55,2,6,6,1,14,13,141,7,IT,1
5.54,3,0,0,3,30,83,101,6,CIVIL,1
8.48,4,10,7,3,19,58,56,2,CIVIL,1
7.35,6,9,1,1,30,87,248,4,IT,1
8.17,5,6,1,1,43,3,328,2,CSE,1
8.24,5,2,0,0,64,21,492,5,MECH,1
9.49,5,7,3,2,59,66,89,3,IT,1
8.64,1,7,5,1,17,55,161,8,CSE,1
7.85,1,1,4,2,5,31,11,3,CSE,1
8.8,0,6,7,3,42,91,72,3,CIVIL,1
6.24,4,5,7,1,83,19,273,2,ECE,1
7.97,6,9,5,2,52,30,63,4,CIVIL,1
7.14,2,2,7,1,2,2,99,3,CIVIL,1
9.21,3,0,0,0,90,58,300,3,MECH,1
8.32,6,9,6,3,81,89,67,8,IT,1
6.91,6,1,8,0,28,86,133,5,CSE,1
7.24,5,9,0,0,69,6,186,2,MECH,1
9.26,6,3,6,2,46,78,442,2,CSE,1
5.59,1,5,1,1,100,59,299,1,MECH,1
8.32,4,2,5,1,76,35,62,8,IT,1
6.43,5,3,2,1,9,86,22,8,IT,1
9.96,2,9,8,2,41,49,499,5,CIVIL,1
6.5,2,6,6,2,90,96,61,7,CSE,1
6.29,2,9,6,0,81,30,229,1,IT,1
6.85,2,6,7,2,51,45,42,2,CIVIL,1
5.69,3,9,1,1,35,13,16,4,CIVIL,1
5.96,5,2,3,0,45,59,322,3,ECE,1
9.87,2,2,2,1,100,84,245,4,MECH,1
8.4,1,7,6,2,8,24,468,5,ECE,1
7.3,1,7,1,1,40,77,169,5,CIVIL,1
7.98,4,5,8,0,85,91,150,6,MECH,1
7.09,4,0,7,2,48,73,275,5,CIVIL,1
5.65,1,5,3,1,90,85,130,5,ECE,1
7.63,1,9,7,0,12,58,18,5,ECE,1
5.85,3,10,5,3,21,49,3,3,MECH,1
8.33,3,7,4,2,100,88,381,4,CSE,1
5.52,6,1,7,3,47,55,41,3,CIVIL,1
7.62,2,9,0,2,87,85,218,4,IT,1
9.72,1,5,5,0,19,32,297,2,CIVIL,1
9.83,5,4,6,0,100,86,202,2,ECE,1
8.32,0,3,6,2,68,9,311,7,ECE,1
8.53,5,8,0,1,52,47,193,6,ECE,1
7.8,2,7,1,3,49,9,417,1,CIVIL,1
6.99,6,3,6,1,30,8,215,6,ECE,1
7.1,6,3,7,2,7,30,370,3,CSE,1
7.35,3,9,1,3,50,94,142,7,ECE,1
5.54,6,0,0,1,8,96,35,2,IT,1
6.68,6,0,5,1,7,68,326,1,CIVIL,1
8.98,4,3,0,0,82,36,443,6,CIVIL,1
7.95,6,2,7,0,51,79,410,1,CIVIL,1
9.12,4,0,5,0,82,32,296,4,MECH,1
6.23,4,1,6,2,71,4,410,4,IT,1
6.11,4,3,5,3,14,6,261,3,CIVIL,1
9.19,5,3,8,3,51,69,313,6,CSE,1
8.42,1,0,5,0,85,39,58,3,CIVIL,1
9.68,5,10,2,0,57,20,470,8,IT,1
5.85,0,2,4,0,62,19,129,8,CIVIL,1
7.63,0,9,1,1,1,93,254,4,CSE,1
9.25,6,7,3,2,29,84,151,5,ECE,1
7.42,4,8,5,2,4,77,468,7,CSE,1
7.25,0,0,1,1,93,74,348,8,CIVIL,1
6.75,5,3,4,0,78,18,156,8,ECE,1
9.31,3,4,8,0,88,6,51,6,ECE,1
7.84,3,10,2,2,30,43,477,3,IT,1
9.86,4,9,2,2,68,4,418,6,ECE,1
7.86,3,5,1,3,91,10,403,7,ECE,1
8.92,0,2,8,3,16,29,300,4,ECE,1
6.65,5,4,1,2,16,50,470,6,IT,1
9.83,0,9,6,3,26,23,5,4,IT,1
5.52,4,5,1,0,38,75,490,5,CSE,0
6.84,0,8,0,1,41,21,306,5,CIVIL,1
9.02,4,10,7,0,79,31,53,7,IT,1
8.13,4,0,1,0,76,66,116,5,CIVIL,1
9.81,5,3,6,0,49,97,267,1,ECE,1
7.57,4,5,0,0,81,54,447,4,ECE,1
9.1,4,5,2,2,37,5,342,8,IT,1
7.76,2,4,1,2,40,38,443,3,MECH,1
7.8,0,6,5,1,90,54,291,8,IT,1
8.31,0,4,4,3,17,1,233,8,MECH,1
9.25,1,7,3,1,55,69,269,8,CIVIL,1
8.51,2,5,7,0,50,100,483,6,ECE,1
5.98,3,6,1,3,60,93,366,6,CSE,1
5.54,0,9,1,0,44,48,327,8,CIVIL,1
7.76,0,8,3,3,95,56,252,7,ECE,1
7.03,0,4,3,2,95,30,290,7,MECH,1
8.21,6,1,1,3,1,26,236,5,MECH,1
9.97,4,2,7,3,36,5,444,6,MECH,1
7.0,0,6,6,3,71,88,291,3,CIVIL,1
9.14,0,10,8,0,85,47,250,3,CIVIL,1
8.72,4,8,1,3,22,64,294,3,CIVIL,1
7.53,0,0,0,1,91,28,140,4,MECH,1
8.51,4,6,5,3,21,82,333,5,IT,1
7.05,5,3,0,3,35,22,392,5,MECH,1
7.71,4,1,3,0,86,26,284,6,ECE,1
5.89,0,9,8,3,15,52,48,3,CIVIL,1
9.35,2,8,2,1,70,15,198,2,ECE,1
9.17,1,1,0,2,20,55,295,7,ECE,1
8.61,5,1,1,3,37,63,377,1,IT,1
8.99,2,8,3,1,91,27,357,1,MECH,1
7.47,2,0,4,1,98,9,168,2,ECE,1
5.95,6,0,6,2,83,81,389,2,MECH,1
7.07,0,1,0,2,96,62,69,4,IT,1
8.28,1,8,8,1,6,74,462,7,CSE,1
9.65,0,3,6,3,92,29,3,5,CSE,1
9.4,0,7,6,2,4,83,136,3,MECH,1
5.65,6,8,6,3,22,78,459,2,ECE,1
8.54,3,1,6,2,72,52,190,4,MECH,1
7.43,6,0,5,1,68,56,220,1,CSE,1
6.61,2,5,6,3,49,50,334,5,CIVIL,1
7.38,2,0,5,3,66,95,481,5,CIVIL,1
6.88,5,9,6,3,81,100,451,2,ECE,1
7.01,0,2,8,1,5,42,420,2,IT,1
9.35,3,5,6,2,86,49,220,7,CSE,1
9.58,1,9,3,3,49,46,179,5,CSE,1
6.83,4,4,7,1,86,45,178,8,CIVIL,1
9.14,0,2,5,3,21,28,489,4,MECH,1
9.58,3,6,4,1,12,78,493,7,IT,1
9.8,3,3,1,0,14,13,22,5,IT,1
8.15,1,3,5,3,19,41,219,7,CIVIL,1
8.5,5,1,2,0,30,42,408,1,ECE,1
6.74,2,1,1,0,95,98,227,2,CIVIL,1
7.11,5,8,2,2,18,26,128,2,CIVIL,1
8.14,5,9,2,3,73,1,266,6,CSE,1
8.8,1,9,5,0,62,58,102,5,CSE,1
7.47,4,10,4,0,51,40,294,7,IT,1
5.8,1,9,0,3,62,78,78,2,ECE,1
6.11,3,9,4,3,84,5,97,7,MECH,1
7.8,3,9,5,1,18,92,442,3,ECE,1
8.97,3,2,7,2,67,82,156,7,CSE,1
6.98,4,6,3,2,2,8,278,8,ECE,1
9.41,6,5,0,3,83,95,284,3,MECH,1
6.97,1,10,6,0,11,88,385,6,ECE,1
9.28,3,0,0,2,38,60,369,6,MECH,1
9.92,6,7,1,1,51,98,403,2,CIVIL,1
8.51,6,4,4,1,5,45,84,7,CSE,1
7.76,1,6,2,3,2,57,290,5,CIVIL,1
8.3,4,0,7,1,85,22,182,3,ECE,1
9.85,3,1,0,2,5,85,57,6,CSE,1
6.24,5,1,2,0,13,43,267,8,CSE,1
5.94,5,5,4,2,9,85,61,3,ECE,1
9.91,3,5,7,0,62,63,109,4,CIVIL,1
7.82,6,8,5,2,31,97,417,6,MECH,1
7.83,6,2,8,0,26,36,313,5,MECH,1
8.78,4,5,0,0,99,69,160,1,IT,1
6.66,3,4,3,2,8,6,133,5,CIVIL,1
9.65,0,6,4,3,82,19,263,6,ECE,1
8.63,1,9,6,2,67,20,476,8,IT,1
9.77,1,9,5,3,48,65,169,4,CIVIL,1
9.28,3,3,2,2,7,51,102,1,IT,1
9.96,0,9,6,2,37,63,226,4,CIVIL,1
6.29,3,5,6,3,94,49,491,3,MECH,1
6.24,0,9,6,0,1,10,106,8,MECH,1
8.99,6,7,2,3,82,60,391,4,MECH,1
6.28,4,2,0,3,31,64,109,3,MECH,1
7.66,1,2,0,0,13,33,443,1,MECH,1
6.73,0,5,6,1,42,18,414,3,CSE,1
6.72,5,8,8,1,8,48,20,3,CSE,1
8.17,4,9,3,1,77,14,370,2,MECH,1
9.01,5,9,4,1,30,57,199,3,CIVIL,1
8.46,1,10,4,1,40,25,263,7,CIVIL,1
9.4,5,10,3,3,33,64,24,4,IT,1
7.57,2,4,8,0,80,47,178,5,CSE,1
5.7,1,10,7,3,70,78,397,1,CSE,1
8.91,2,3,5,0,64,28,228,8,MECH,1
5.62,5,6,5,1,28,5,362,7,MECH,1
6.2,4,6,7,3,25,15,353,2,CSE,1
9.3,6,0,8,3,80,15,278,6,CIVIL,1
9.72,0,0,3,2,89,51,218,8,CIVIL,1
6.48,4,4,3,1,16,36,223,7,IT,1
9.7,2,9,1,3,39,87,474,1,CSE,1
6.66,6,1,7,2,71,22,372,4,MECH,1
6.73,1,2,8,0,95,7,253,6,MECH,1
9.17,4,5,7,2,100,83,278,7,IT,1
6.08,1,2,3,3,67,79,240,4,IT,1
6.95,4,1,8,3,77,56,90,1,CIVIL,1
8.65,3,4,4,1,23,52,38,2,CIVIL,1
6.63,3,10,5,1,22,34,51,4,CIVIL,1
8.96,5,3,4,2,27,75,296,7,CIVIL,1
5.62,4,8,4,1,87,1,246,6,IT,1
8.36,1,0,7,2,15,19,474,5,IT,1
7.46,3,4,1,2,64,61,325,4,MECH,1
6.0,5,7,6,3,20,76,80,2,CIVIL,1
8.57,6,3,1,2,77,47,6,8,ECE,1
9.0,6,9,4,2,93,66,312,2,CIVIL,1
6.75,6,2,3,3,17,58,71,3,ECE,1
6.09,3,5,1,1,9,60,471,1,MECH,1
6.3,2,0,5,2,39,9,335,4,CSE,1
6.7,2,8,3,2,27,43,248,6,ECE,1
7.22,5,2,7,3,92,3,209,1,CIVIL,1
8.29,0,2,6,3,28,61,167,1,CIVIL,1
7.7,2,4,6,2,48,84,248,1,CIVIL,1
8.09,0,0,3,0,40,21,467,1,IT,1
8.97,2,0,0,1,46,58,88,5,CIVIL,1
9.62,2,9,8,0,55,38,282,1,CIVIL,1
7.55,5,8,7,3,62,28,114,4,CSE,1
7.24,4,3,8,0,71,38,311,5,IT,1
5.9,3,1,3,3,85,2,189,4,ECE,1
9.96,3,1,1,3,77,28,120,4,CSE,1
6.19,3,0,5,2,54,18,134,6,IT,1
9.2,2,1,6,3,8,31,324,4,MECH,1
8.57,5,3,8,0,85,58,374,4,ECE,1
8.13,5,10,3,2,16,22,70,5,MECH,1
8.88,6,4,5,0,24,59,4,6,MECH,1
8.17,0,1,2,2,14,47,134,5,CIVIL,1
8.81,5,0,8,2,79,8,149,3,ECE,1
7.6,1,4,4,3,3,69,479,2,CIVIL,1
9.33,1,1,7,0,55,18,249,6,IT,1
8.86,4,5,8,1,1,9,126,4,CSE,1
8.55,6,6,8,0,54,36,254,3,MECH,1
6.33,6,7,6,3,11,92,441,1,MECH,1
6.27,3,0,8,0,60,61,438,6,IT,1
7.76,1,4,8,1,45,29,459,8,CSE,1
9.99,0,9,8,2,16,9,500,8,IT,1
9.91,3,5,2,1,31,13,155,7,MECH,1
6.66,5,3,7,0,5,51,446,5,CIVIL,1
6.08,0,2,8,3,75,30,457,5,MECH,1
9.23,6,8,5,1,63,96,313,4,CSE,1
7.33,3,6,3,3,46,44,383,4,IT,1
8.17,6,5,6,2,43,42,192,5,ECE,1
9.0,2,5,0,1,8,39,392,7,ECE,1
6.65,2,6,1,0,66,73,279,2,CSE,1
7.09,6,0,2,1,10,80,397,1,IT,1
9.74,5,9,4,2,90,38,182,3,CSE,1
6.58,6,8,6,2,1,25,286,6,CIVIL,1
8.81,0,7,5,0,4,33,25,8,CSE,1
8.09,5,8,2,1,26,73,245,4,IT,1
9.65,3,5,1,0,30,51,204,2,IT,1
9.3,5,2,6,0,35,98,170,6,CIVIL,1
8.91,3,1,4,2,65,50,478,4,ECE,1
8.45,6,10,8,3,45,53,27,5,MECH,1
8.09,3,7,4,1,10,66,279,7,IT,1
8.1,2,2,1,0,49,16,76,4,ECE,1
6.83,4,8,6,3,85,52,237,4,CIVIL,1
7.35,1,3,0,1,91,96,333,6,MECH,1
9.68,4,9,0,0,62,78,144,5,ECE,1
7.21,3,0,8,0,31,73,313,1,MECH,1
9.82,0,10,2,0,27,33,137,8,ECE,1
6.55,5,7,0,0,68,11,496,6,CSE,1
7.78,1,8,5,3,33,51,276,2,CSE,1
8.37,0,4,4,1,6,52,463,3,CIVIL,1
8.09,2,4,0,2,94,23,363,7,IT,1
9.12,3,5,7,1,2,27,104,8,CSE,1
8.03,0,6,4,3,29,46,481,3,CIVIL,1
9.18,1,0,8,1,44,85,137,2,MECH,1
6.47,5,8,4,2,92,48,72,8,ECE,1
7.65,5,3,8,3,7,67,26,3,ECE,1
7.49,3,4,3,2,67,91,57,5,ECE,1
6.24,5,7,8,1,51,34,414,5,IT,1
7.84,1,6,8,2,44,15,114,3,IT,1
8.26,0,1,0,1,27,17,334,6,CIVIL,1
9.17,0,4,4,3,37,78,219,3,CIVIL,1
7.7,2,1,7,2,91,67,318,8,IT,1
6.87,1,4,1,0,70,9,377,3,CIVIL,1
8.4,0,3,3,2,60,2,151,3,MECH,1
8.21,1,9,4,0,70,83,411,7,CIVIL,1
6.19,0,1,4,3,27,9,407,6,ECE,1
5.77,0,8,4,2,70,96,93,2,ECE,1
5.75,0,8,2,2,14,46,279,5,IT,1
8.58,5,6,8,2,59,87,248,8,CIVIL,1
8.2,2,0,6,0,18,44,494,7,MECH,1
6.61,6,5,3,2,42,49,155,4,CSE,1
9.44,6,7,7,0,85,72,37,8,IT,1
7.52,0,8,1,2,13,64,285,6,IT,1
6.35,6,10,4,2,60,78,493,2,MECH,1
8.66,4,7,6,2,57,84,179,2,ECE,1
6.19,1,6,1,0,65,38,305,7,CSE,1
9.41,3,10,8,2,78,19,189,3,IT,1
6.59,1,1,7,0,31,92,132,7,CIVIL,1
7.42,1,8,2,0,53,40,180,8,IT,1
7.81,1,3,7,3,68,87,305,5,MECH,1
7.51,0,6,4,2,83,67,461,7,CSE,1
8.07,1,3,4,3,33,31,381,5,MECH,1
9.18,2,4,8,0,89,92,192,8,IT,1
9.36,3,3,5,3,37,29,369,8,MECH,1
7.59,2,2,3,0,45,24,87,8,CIVIL,1
8.53,6,3,4,2,42,41,444,5,IT,1
7.49,5,1,6,3,22,46,79,8,ECE,1
5.57,6,1,2,3,39,53,354,5,IT,1
9.07,0,4,3,3,29,32,219,1,IT,1
8.79,6,0,3,3,98,38,199,5,CSE,1
8.28,3,9,1,0,77,60,365,1,MECH,1
6.62,1,1,5,1,88,76,237,2,MECH,1
8.56,6,5,4,3,29,55,192,7,IT,1
7.01,2,1,3,2,32,83,371,5,CIVIL,1
5.8,3,7,7,1,8,31,270,2,CSE,1
8.31,0,7,7,1,63,70,190,5,IT,1
7.16,1,9,7,2,62,32,307,1,ECE,1
9.68,0,7,5,0,51,72,390,3,IT,1
7.51,5,1,7,0,66,62,281,1,IT,1
8.01,3,3,2,2,32,85,26,1,CIVIL,1
6.28,5,6,0,3,21,71,225,5,IT,1
8.24,3,7,0,3,88,23,391,1,MECH,1
8.04,6,5,4,0,35,43,35,1,ECE,1
6.7,6,8,6,3,21,99,410,5,ECE,1
7.18,2,4,4,2,25,81,71,7,ECE,1
8.03,6,5,6,0,41,19,19,6,MECH,1
7.62,4,3,0,3,86,7,254,2,ECE,1
6.77,2,5,8,1,45,74,63,8,CSE,1
9.26,0,5,1,0,76,17,147,2,IT,1
5.69,5,9,2,1,71,87,37,4,ECE,1
6.88,3,5,2,1,76,23,111,1,CSE,1
9.04,4,4,3,2,97,58,354,2,CSE,1
6.95,4,4,6,1,50,46,498,2,IT,1
6.08,5,10,3,1,34,32,287,8,CSE,1
9.85,4,8,7,2,13,78,370,3,MECH,1
7.66,3,4,5,0,32,60,165,2,CIVIL,1
9.89,6,9,2,0,84,39,387,2,CIVIL,1
7.51,5,10,1,2,36,71,14,1,CIVIL,1
6.96,0,6,6,1,58,5,486,2,ECE,1
7.01,1,10,6,1,5,39,159,7,MECH,1
9.37,2,3,3,2,89,82,196,1,MECH,1
6.12,2,7,2,0,73,54,97,4,CIVIL,1
6.55,4,4,4,0,75,18,482,6,CIVIL,1
8.31,3,0,8,0,77,43,482,8,ECE,1
5.86,3,4,3,3,79,19,106,5,IT,1
5.61,0,2,7,1,45,95,297,3,IT,1
8.22,0,3,0,1,24,5,45,5,CIVIL,0
8.05,0,4,6,0,11,88,209,4,CSE,1
5.77,0,1,5,2,54,64,435,1,CIVIL,1
7.53,3,0,2,0,47,97,358,3,IT,1
8.81,0,8,4,0,77,63,299,2,ECE,1
7.21,4,8,8,0,65,62,90,7,CIVIL,1
9.75,6,5,7,3,70,23,49,8,ECE,1
6.73,6,2,2,1,44,71,105,6,CSE,1
6.73,4,5,6,3,20,46,278,2,CSE,1
6.13,1,3,2,2,55,75,164,6,IT,1
6.68,6,0,5,1,42,8,371,6,MECH,1
5.63,0,8,4,3,13,1,471,6,ECE,1
8.43,5,3,2,2,56,32,78,8,ECE,1
7.93,4,8,0,3,52,53,444,7,IT,1
6.87,6,2,4,2,68,6,219,5,ECE,1
6.8,6,6,0,1,40,96,26,2,IT,1
7.88,4,8,0,0,23,23,296,1,CSE,1
8.24,5,9,8,0,75,59,270,6,ECE,1
9.47,3,6,5,2,54,22,61,3,CIVIL,1
9.46,1,7,6,3,70,77,322,2,CSE,1
7.9,5,10,8,0,46,6,450,2,MECH,1
8.38,5,9,8,1,73,5,140,4,CSE,1
9.71,1,3,3,2,64,88,308,2,CIVIL,1
8.47,1,1,2,2,24,32,296,6,MECH,1
9.56,1,10,1,3,74,28,349,5,ECE,1
6.27,0,9,6,1,95,15,73,6,ECE,1
6.63,6,0,0,2,82,85,241,8,CSE,1
9.33,1,0,3,3,60,75,212,7,CSE,1
6.52,5,9,5,0,99,4,337,8,CSE,1
8.67,4,5,3,2,66,64,87,1,CSE,1
8.6,5,6,5,2,38,41,128,6,CSE,1
8.4,5,0,3,0,80,83,18,2,ECE,1
7.19,0,9,4,0,61,36,275,6,CSE,1
7.45,0,6,7,2,57,47,151,3,CSE,1
9.32,6,9,7,2,60,66,75,4,CSE,1
6.26,2,7,5,0,45,65,413,4,MECH,1
9.2,6,8,4,1,76,63,114,5,CIVIL,1
6.54,0,1,8,3,14,36,318,6,CSE,1
9.43,2,2,3,2,79,70,390,7,IT,1
7.52,1,10,2,1,32,55,209,6,ECE,1
8.7,4,6,1,3,53,57,191,7,CIVIL,1
6.71,2,2,1,2,15,97,444,2,ECE,1
6.8,1,8,5,1,65,28,149,2,MECH,1
7.59,6,7,8,3,24,9,281,6,IT,1
9.63,4,7,6,3,17,15,466,4,MECH,1
8.82,3,7,0,1,67,12,297,7,ECE,1
7.53,3,8,3,2,14,70,175,5,CSE,1
8.37,5,9,6,2,31,73,450,8,ECE,1
8.22,1,6,1,3,45,10,402,7,ECE,1
8.76,5,7,2,0,55,20,464,4,MECH,1
5.83,5,6,6,0,36,36,9,4,CSE,1
6.79,5,10,8,0,73,50,166,1,CIVIL,1
7.13,1,0,2,2,83,99,332,7,ECE,1
6.45,3,7,1,3,7,42,227,7,CSE,1
9.64,6,0,8,3,78,93,141,7,ECE,1
9.08,5,5,6,0,52,76,490,7,IT,1
8.11,3,6,4,1,94,61,184,4,CSE,0
7.44,5,5,4,2,67,56,53,1,ECE,1
9.02,5,6,5,0,50,9,268,1,ECE,1
5.89,2,8,2,2,38,10,239,3,CSE,1
7.09,5,9,4,2,95,17,23,7,ECE,1
7.78,6,7,1,1,99,27,13,7,ECE,1
9.49,6,10,1,0,35,71,109,1,MECH,1
8.74,4,3,5,3,10,81,498,2,MECH,1
9.89,6,0,0,1,32,66,113,6,ECE,1
9.98,4,7,1,0,40,24,327,6,IT,1
9.79,3,5,6,2,92,68,243,1,IT,1
7.32,2,3,5,1,46,71,337,6,CSE,1
7.61,1,8,5,2,79,54,276,8,MECH,1
6.15,1,4,1,3,43,72,224,3,IT,1
8.47,0,10,8,1,66,44,158,2,IT,1
8.61,4,6,6,2,62,35,432,1,CSE,1
9.04,1,8,5,1,74,15,87,8,MECH,1
9.79,0,3,1,2,15,47,159,7,CIVIL,1
6.62,6,5,5,2,70,86,45,2,CSE,1
9.31,3,3,1,3,48,66,417,8,IT,1
7.22,6,9,4,1,76,16,462,6,MECH,1
6.56,0,1,2,3,4,76,268,8,ECE,1
9.26,5,6,7,2,87,43,286,7,CIVIL,1
7.73,6,6,7,1,82,12,499,5,CSE,1
6.16,2,3,0,1,89,40,243,2,CIVIL,1
6.19,5,2,8,1,46,8,338,5,CIVIL,1
8.48,4,9,2,3,71,44,394,1,MECH,1
6.27,4,2,0,1,15,94,108,4,MECH,1
5.92,5,0,5,1,55,38,498,8,IT,1
6.58,0,5,1,0,94,26,312,5,ECE,1
9.9,5,10,8,0,62,45,298,6,ECE,1
7.65,6,10,5,0,62,28,21,7,ECE,1
7.01,2,4,2,2,29,3,295,4,CIVIL,1
7.8,1,0,3,1,55,44,218,7,IT,1
9.46,3,10,0,0,90,57,377,6,CSE,1
6.49,0,1,1,3,9,15,243,5,CSE,1
6.79,0,0,4,2,8,12,6,6,MECH,1
6.9,2,5,2,1,12,4,483,4,CIVIL,1
6.48,4,7,0,3,91,2,50,7,CSE,1
7.77,5,0,6,1,52,91,160,6,CSE,1
9.39,3,3,8,1,73,34,66,6,ECE,1
9.08,6,5,1,1,6,37,121,8,CIVIL,1
8.69,1,4,2,2,20,59,33,3,MECH,1
7.76,3,1,6,2,0,56,171,2,IT,1
7.49,2,0,6,1,42,32,198,6,CIVIL,1
9.01,0,5,0,0,43,33,156,5,ECE,1
9.11,2,2,1,0,99,35,309,8,CIVIL,1
7.18,1,1,3,1,83,23,446,7,CSE,1
5.96,1,1,7,1,74,73,133,4,MECH,1
8.1,0,4,3,2,71,6,222,4,CIVIL,1
9.53,1,6,2,3,83,60,4,6,MECH,1
8.33,3,4,6,0,67,53,347,6,MECH,1
8.35,1,1,1,2,44,86,482,4,ECE,1
6.95,1,4,7,1,28,11,422,2,IT,1
7.63,0,10,7,0,22,54,135,7,MECH,1
6.29,1,3,6,2,30,85,338,3,CSE,1
8.62,1,2,0,0,80,77,321,5,IT,1
9.76,5,9,2,2,33,95,185,7,CSE,1
7.19,2,5,4,0,69,86,59,5,MECH,1
9.83,4,5,3,1,50,82,29,7,MECH,1
7.72,5,5,3,3,28,100,93,1,ECE,1
9.35,6,2,3,3,81,68,138,7,CIVIL,1
6.72,3,4,8,3,72,31,76,5,IT,1
5.89,0,6,6,2,8,43,232,2,CIVIL,1
9.27,0,10,0,3,45,58,394,1,MECH,1
7.69,5,10,7,1,50,62,256,5,CIVIL,1
9.02,0,4,4,0,99,92,104,1,ECE,1
7.41,0,3,0,1,52,24,48,5,ECE,1
8.65,1,7,8,0,22,88,27,7,CSE,1
5.97,2,8,2,0,99,0,47,6,CIVIL,1
8.23,4,10,4,0,38,63,0,1,MECH,1
9.57,4,4,3,1,86,89,356,2,MECH,1
8.32,4,7,8,3,34,11,464,6,IT,1
8.67,4,7,8,2,96,28,336,2,MECH,1
9.87,0,6,3,2,7,77,348,2,MECH,1
6.86,1,5,0,3,27,56,28,3,CIVIL,1
9.21,6,2,7,2,74,28,188,2,ECE,1
8.55,1,4,3,0,79,5,223,2,MECH,1
5.91,3,8,1,1,4,53,17,4,ECE,1
9.2,1,3,3,3,84,28,212,1,IT,1
9.05,5,4,6,1,68,51,41,3,ECE,1
7.7,3,8,5,3,55,86,3,5,CIVIL,1
8.48,3,10,5,1,3,42,208,4,CSE,1
7.47,1,8,0,1,90,91,107,6,IT,1
9.11,1,9,5,0,74,19,201,1,CIVIL,1
7.69,0,6,6,0,51,52,468,7,CSE,0
5.63,6,5,8,0,11,17,191,8,CIVIL,1
8.77,3,9,2,2,85,10,330,8,IT,1
6.01,2,10,2,1,48,29,466,7,ECE,1
6.87,0,0,4,2,20,38,363,1,ECE,1
7.26,6,4,5,3,81,10,322,6,IT,1
8.02,0,1,5,0,40,68,366,8,ECE,1
8.56,2,9,7,3,71,46,215,4,MECH,1
7.21,1,8,8,1,34,8,384,3,ECE,1
7.58,4,8,0,0,52,100,314,1,ECE,1
6.06,6,10,3,0,14,85,23,5,IT,1
7.44,5,3,2,2,45,80,187,3,CIVIL,1
5.83,0,2,5,1,65,77,162,7,CSE,1
7.83,2,6,6,0,64,80,45,3,ECE,1
6.24,3,0,2,0,53,71,349,1,CSE,1
9.77,6,7,6,0,87,59,77,8,MECH,1
7.86,0,3,6,0,82,54,429,3,CIVIL,1
6.75,4,8,3,2,95,41,240,1,MECH,1
7.22,0,7,1,1,87,99,320,1,CSE,1
9.89,3,7,4,0,45,35,237,7,CSE,1
9.46,2,1,1,0,35,90,7,1,CIVIL,1
8.57,6,0,3,2,49,23,334,7,ECE,1
8.91,6,9,4,3,36,13,30,4,CSE,1
5.89,0,4,2,1,50,75,207,3,CSE,1
7.72,3,7,5,1,34,60,450,8,CIVIL,1
5.63,2,3,8,0,0,62,497,7,IT,1
5.64,3,3,3,0,38,67,217,8,IT,1
8.76,4,6,5,0,47,53,362,6,CIVIL,1
8.82,3,4,1,3,29,20,63,7,IT,1
8.65,0,7,2,2,99,6,102,5,IT,1
5.88,6,1,5,1,22,50,88,5,MECH,1
7.46,6,4,1,0,30,78,271,1,CIVIL,1
5.55,4,3,3,0,39,15,266,7,IT,1
8.51,0,8,4,0,18,8,321,4,CIVIL,1
7.95,3,1,5,1,52,22,290,2,IT,1
8.05,6,7,8,0,76,66,289,7,ECE,1
9.43,4,6,5,2,70,93,11,8,IT,1
7.27,2,1,4,3,77,14,331,4,IT,1
6.11,2,3,6,3,13,61,378,5,IT,1
5.79,1,8,6,2,26,53,286,6,CSE,1
5.72,3,1,0,3,71,32,102,6,IT,1
6.15,2,4,6,3,28,49,51,2,CIVIL,1
5.58,2,5,2,1,6,46,2,6,CIVIL,1
7.78,0,7,6,2,95,72,59,6,ECE,1
9.07,3,7,5,1,92,58,37,2,CSE,1
5.93,2,4,1,1,49,18,297,7,ECE,1
9.39,6,9,1,2,96,39,2,7,CSE,1
7.0,2,2,6,1,52,65,201,5,MECH,1
6.19,5,5,8,0,12,59,164,2,ECE,1
7.34,2,1,6,3,61,44,165,1,MECH,1
9.81,2,5,3,3,82,62,488,3,MECH,1
8.94,6,10,3,3,46,7,322,7,MECH,1
9.59,0,4,1,1,8,36,38,2,ECE,1
9.59,2,9,6,1,47,95,261,5,ECE,1
8.26,1,8,7,2,68,39,266,3,CSE,1
7.55,3,4,5,2,19,1,356,8,MECH,1
7.19,0,5,0,3,65,45,184,7,MECH,1
9.41,5,6,8,2,81,17,224,1,MECH,1
9.17,6,9,1,3,93,24,355,8,IT,1
6.73,1,2,5,1,81,3,484,4,IT,1
5.83,0,1,1,0,98,80,450,1,CSE,1
8.18,0,10,0,2,60,92,64,5,CSE,1
9.48,5,5,8,0,37,23,273,7,IT,1
5.73,3,4,3,0,13,34,342,1,CIVIL,1
7.6,0,10,7,2,17,68,1,7,CIVIL,1
5.87,0,3,7,2,99,26,146,6,CIVIL,1
8.37,1,10,7,2,20,79,107,5,IT,1
9.01,4,9,4,1,90,91,251,7,IT,1
9.89,6,0,7,0,52,65,188,4,CIVIL,1
5.54,5,7,8,1,48,70,321,8,IT,1
5.51,6,1,7,3,65,8,428,4,ECE,1
9.37,5,7,3,0,76,35,35,2,ECE,1
7.55,2,0,7,2,76,98,211,8,IT,1
7.56,1,3,2,3,40,24,376,8,MECH,1
6.12,0,5,2,0,53,50,464,1,CSE,1
7.96,5,9,3,2,30,87,446,8,CSE,1
6.03,5,5,1,1,87,8,274,1,IT,1
9.27,6,6,8,2,12,24,251,8,ECE,1
9.0,5,7,8,1,72,57,87,2,IT,1
5.69,4,0,3,3,15,83,328,4,ECE,1
7.21,1,3,6,3,95,75,99,1,ECE,1
5.72,5,2,0,2,40,74,454,5,IT,1
7.8,0,6,7,0,7,64,51,2,CSE,1
6.45,6,5,6,2,25,47,423,5,CIVIL,1
5.84,2,9,8,1,64,33,145,4,CIVIL,1
9.34,0,2,3,3,26,27,129,2,CSE,1
8.67,6,9,3,0,91,89,36,8,ECE,1
6.2,5,2,5,3,94,54,86,5,MECH,1
6.68,4,7,6,2,23,8,149,1,CIVIL,1
5.98,2,8,0,2,79,5,111,8,IT,1
9.65,2,8,1,0,98,19,30,2,MECH,1
7.48,2,0,5,1,12,64,373,3,MECH,1
7.11,2,4,1,0,96,30,463,2,IT,1
8.71,0,8,1,0,90,62,497,6,IT,1
5.61,5,10,4,2,56,21,47,1,MECH,1
6.23,2,10,6,0,36,0,375,4,MECH,1
9.15,2,0,0,0,35,97,414,3,MECH,1
5.58,5,1,8,0,88,88,283,5,IT,1
6.72,0,2,8,1,63,85,1,1,IT,1
8.02,5,5,8,3,46,100,132,7,CIVIL,1
6.65,1,5,3,0,34,86,189,6,CSE,1
9.73,4,9,6,3,96,19,202,8,ECE,1
9.62,6,8,4,0,53,17,56,8,MECH,1
7.65,3,5,3,3,68,68,319,3,MECH,1
8.06,0,4,3,2,31,38,116,8,ECE,1
9.71,0,3,6,0,60,8,291,8,CSE,1
5.8,2,2,7,0,88,0,473,2,CSE,1
5.55,1,1,8,0,71,98,457,8,MECH,1
5.67,6,9,4,1,38,56,317,4,ECE,1
7.55,0,6,5,1,58,93,243,2,MECH,1
8.92,2,8,7,1,51,74,387,6,CIVIL,1
7.13,0,0,3,0,80,15,431,2,IT,1
6.76,0,5,4,3,14,36,74,8,CSE,1
5.72,5,2,1,2,29,88,293,3,ECE,1
6.59,5,4,2,3,1,28,143,6,IT,1
9.99,6,0,1,2,19,29,222,6,CIVIL,1
7.74,3,0,4,2,85,82,251,5,CSE,1
6.17,1,9,0,1,16,14,498,6,IT,1
6.25,6,3,4,2,19,47,91,4,IT,1
7.52,6,9,0,3,93,46,242,8,CIVIL,1
9.67,2,8,8,2,71,5,106,7,CIVIL,1
6.08,6,5,5,3,5,91,282,5,IT,1
6.48,0,7,2,0,47,34,438,7,CIVIL,1
8.02,4,9,4,0,48,64,229,4,MECH,1
8.52,4,1,1,3,98,82,432,4,IT,1
7.55,0,7,7,2,39,50,319,4,CIVIL,1
8.89,1,5,7,2,62,94,36,4,ECE,1
9.47,3,6,2,3,17,52,440,5,ECE,1
7.13,1,6,1,2,27,3,61,1,MECH,1
6.25,2,3,6,1,78,10,196,8,ECE,1
8.97,2,5,1,3,72,18,177,7,CSE,1
5.76,1,6,6,0,82,89,7,3,CSE,1
6.21,1,1,7,2,77,32,108,8,MECH,1
6.48,3,4,8,1,51,23,124,3,CIVIL,1
9.44,1,7,1,2,93,79,424,2,IT,1
5.89,6,6,5,0,96,7,349,4,MECH,1
7.39,1,2,6,3,12,22,33,5,IT,1
8.68,0,4,5,1,65,34,304,2,IT,1
7.27,3,6,5,0,14,30,178,7,ECE,1
9.81,5,0,4,0,78,42,33,4,MECH,1
8.25,4,3,1,3,81,5,457,4,CSE,1
8.24,5,4,1,2,55,21,127,5,CSE,1
6.47,1,2,6,1,52,2,313,7,MECH,1
7.21,0,4,5,2,24,31,408,1,IT,1
9.3,0,10,7,1,49,55,211,1,CSE,1
7.85,0,3,8,3,14,42,450,8,ECE,1
7.01,6,3,7,1,49,36,343,4,CSE,1
6.8,2,6,7,1,24,35,475,8,IT,1
8.94,3,2,1,2,4,28,423,8,CSE,1
6.25,4,4,8,2,6,58,191,4,MECH,1
8.8,5,6,3,3,13,51,206,2,CSE,1
6.42,2,0,5,2,80,43,389,7,CSE,1
9.3,6,6,5,2,6,8,94,3,CSE,1
7.99,1,0,5,2,26,44,141,7,IT,1
8.41,1,7,4,1,5,61,306,5,MECH,1
5.76,0,0,8,2,44,57,72,4,CSE,1
8.25,4,6,3,1,18,71,491,7,ECE,1
5.63,3,6,2,2,30,89,67,4,IT,1
7.07,2,1,4,0,26,70,187,4,IT,1
5.75,0,9,7,0,50,15,483,4,CIVIL,1
8.37,1,6,4,3,3,91,60,2,IT,1
6.7,2,3,8,3,35,86,431,3,IT,1
9.27,4,2,0,1,73,49,78,3,MECH,1
7.81,1,6,8,1,20,45,407,3,ECE,1
5.85,0,8,3,0,37,10,108,2,MECH,1
9.6,3,8,1,0,39,56,300,6,ECE,1
8.01,5,0,0,2,10,91,328,3,IT,1
5.9,3,6,8,2,59,54,187,6,IT,1
5.97,6,1,4,0,47,93,422,7,CIVIL,1
9.93,2,3,6,3,22,63,461,3,IT,1
7.37,3,5,0,1,5,46,182,7,ECE,1
7.68,0,8,4,1,67,39,475,4,CIVIL,1
6.53,4,10,7,1,47,2,138,7,MECH,1
6.33,2,2,2,3,92,66,154,7,CSE,1
8.53,2,9,7,1,20,69,143,6,ECE,1
9.82,4,9,2,0,5,66,484,2,CSE,1
5.87,2,9,8,1,99,47,59,2,MECH,1
9.44,5,0,6,3,25,77,443,2,ECE,1
7.34,0,2,5,3,82,44,339,6,IT,1
7.49,0,6,1,2,11,83,391,6,IT,1
9.58,2,1,5,0,49,48,110,2,CIVIL,1
8.42,6,6,3,2,22,56,343,3,IT,1
8.42,2,4,8,2,3,22,8,4,IT,1
9.4,2,2,1,1,25,99,67,3,CSE,1
5.6,2,10,4,2,60,34,258,5,MECH,1
9.63,0,4,3,2,52,87,426,6,CSE,1
5.65,3,8,3,0,87,56,238,8,CSE,1
6.84,4,2,3,3,14,78,168,5,CSE,1
9.06,1,2,0,3,100,13,131,1,ECE,1
6.05,0,0,6,1,49,99,409,3,CIVIL,1
8.36,6,0,7,0,15,75,208,3,CSE,1
7.97,1,7,1,1,47,87,374,7,IT,1
8.13,0,5,5,0,68,96,168,1,MECH,1
8.73,4,4,5,1,60,12,320,1,CIVIL,1
7.47,3,4,0,2,76,42,295,8,CIVIL,1
5.53,4,7,4,2,55,35,396,7,ECE,1
9.13,1,3,8,3,72,10,44,5,MECH,1
5.65,2,2,3,0,58,4,490,3,IT,1
6.74,1,3,1,1,42,10,16,4,ECE,1
8.62,1,8,0,0,53,69,326,8,CSE,1
6.58,0,8,8,3,10,91,379,6,ECE,1
7.23,0,1,6,1,79,1,291,3,ECE,1
6.34,0,3,3,1,3,19,286,5,ECE,1
9.73,3,9,6,2,29,57,302,4,ECE,1
8.95,6,9,4,0,30,83,192,5,MECH,1
6.67,3,1,0,1,32,68,73,7,CSE,1
9.95,4,4,5,2,50,44,292,1,CSE,1
6.83,5,7,4,1,53,24,71,7,CIVIL,1
7.4,4,10,4,0,59,35,62,4,ECE,1
6.04,1,0,2,1,62,83,82,1,CSE,1
6.9,1,6,4,2,38,66,183,2,ECE,1
6.14,5,6,1,1,79,61,368,5,CSE,1
8.94,2,9,5,1,64,76,184,5,CIVIL,1
6.53,4,10,6,2,81,83,8,5,IT,1
7.37,1,5,1,2,74,9,120,5,CSE,1
5.92,3,0,2,2,2,26,387,8,CSE,1
9.18,6,3,1,3,28,87,278,3,MECH,1
7.44,4,6,4,2,84,26,367,2,CIVIL,1
8.49,6,9,3,3,41,11,0,5,CSE,1
6.25,3,4,2,2,26,86,308,1,CIVIL,1
6.57,3,5,3,1,83,38,120,8,ECE,1
9.83,1,6,0,1,42,80,388,5,ECE,1
7.11,5,9,7,1,93,15,484,5,ECE,1
6.01,1,2,6,2,84,52,388,1,CIVIL,1
7.07,0,8,4,1,60,89,226,4,CSE,1
9.44,3,6,6,0,64,20,38,2,CSE,1
8.47,6,8,2,0,73,16,284,5,CSE,1
5.52,6,4,8,3,29,32,309,6,IT,1
7.49,5,10,1,2,46,93,431,4,MECH,1
8.8,5,3,5,1,0,79,101,7,ECE,1
6.2,4,2,8,3,45,92,190,3,CIVIL,1
7.4,6,1,7,2,69,77,459,7,CIVIL,1
9.41,5,2,0,3,37,2,323,4,MECH,1
8.61,4,0,3,3,90,5,99,8,IT,1
8.35,6,9,1,0,40,15,382,7,IT,1
7.46,2,1,1,2,38,69,198,2,ECE,1
5.99,0,5,0,3,42,14,461,5,MECH,1
6.52,6,1,7,1,58,87,149,6,ECE,1
9.79,6,1,7,2,24,19,480,8,IT,1
9.5,4,8,5,0,83,42,466,2,CIVIL,1
9.18,6,5,2,1,68,99,269,2,CIVIL,1
9.21,0,8,5,3,45,97,76,2,CSE,1
6.59,3,7,5,3,90,68,33,5,ECE,1
8.63,5,7,2,2,46,19,283,7,ECE,1
7.83,3,8,4,1,90,2,265,2,IT,1
6.9,6,1,8,1,87,59,83,6,CIVIL,1
6.63,3,4,4,2,11,60,281,8,CIVIL,1
7.83,2,2,1,0,90,13,475,3,ECE,1
8.82,1,2,1,3,5,52,341,8,ECE,0
8.16,5,6,3,2,86,90,20,5,IT,1
6.79,2,8,4,1,15,8,412,4,ECE,1
9.08,3,0,1,0,74,42,213,3,CIVIL,1
6.21,0,2,4,1,68,69,97,3,CSE,1
6.27,6,4,5,0,5,93,357,5,ECE,1
9.79,0,2,6,1,87,16,446,6,ECE,1
8.41,1,0,4,0,96,51,243,6,CSE,1
5.95,4,10,2,3,84,51,8,1,CIVIL,1
5.8,6,4,5,2,84,62,317,1,CSE,1
7.3,6,7,6,2,31,68,239,1,CSE,1
6.01,4,10,2,2,63,39,140,5,IT,1
8.0,4,6,1,0,35,69,26,4,MECH,1
7.29,4,5,5,2,19,70,111,2,IT,1
9.17,2,8,7,3,47,15,93,4,ECE,1
8.72,6,8,8,2,76,32,90,2,MECH,1
9.92,2,0,5,3,47,13,15,2,IT,1
8.21,6,4,5,0,84,34,273,3,MECH,1
6.74,0,1,5,0,9,18,263,5,CIVIL,1
7.56,6,1,5,2,13,3,179,8,IT,1
8.39,6,1,7,1,20,21,151,1,MECH,1
7.15,2,2,1,0,73,2,156,5,MECH,1
7.14,4,10,0,2,56,53,399,4,CSE,1
7.31,4,1,5,1,86,64,370,7,CIVIL,1
9.57,5,7,7,3,82,23,45,7,IT,1
7.41,5,1,0,2,48,22,153,6,CSE,1
7.12,5,8,0,0,31,6,374,1,IT,1
6.18,2,3,3,0,45,6,94,2,ECE,1
7.99,2,3,4,3,39,84,396,3,IT,1
9.41,1,10,3,1,80,78,89,4,CSE,1
5.83,5,2,0,1,91,99,303,6,CIVIL,1
8.18,5,0,1,3,77,17,498,5,IT,1
7.61,2,10,3,1,19,93,66,4,CIVIL,1
7.99,2,10,2,1,16,72,114,2,IT,1
7.52,1,4,7,1,48,59,233,5,ECE,1
9.17,4,5,5,1,25,26,166,2,MECH,1
6.96,3,8,0,2,33,68,159,8,IT,1
8.44,2,3,7,1,100,19,275,1,ECE,1
9.14,4,1,0,3,62,4,177,4,ECE,1
6.95,4,7,0,1,93,86,133,2,IT,1
5.93,0,10,7,3,89,72,284,7,MECH,1
6.56,4,9,4,1,4,62,19,1,MECH,1
9.94,4,3,3,1,72,66,392,8,ECE,1
9.93,0,4,1,1,40,55,9,2,CIVIL,1
6.45,1,10,7,1,60,81,396,3,MECH,1
9.82,5,9,1,3,67,73,10,1,MECH,1
5.78,3,10,5,1,50,64,53,4,ECE,1
8.64,3,4,3,1,16,67,390,5,ECE,1
7.0,2,4,0,0,31,9,87,4,IT,1
9.58,6,7,3,1,34,0,431,5,MECH,1
6.01,0,4,1,0,0,52,327,7,IT,1
7.04,2,10,2,2,86,82,276,2,CSE,1
7.31,3,2,0,3,27,31,453,1,IT,1
6.85,6,2,0,2,68,37,224,8,IT,1
5.68,1,2,4,1,87,77,383,1,CIVIL,1
7.87,6,1,6,2,33,92,164,7,ECE,1
9.51,3,4,8,0,38,96,294,3,MECH,1
7.08,4,4,8,3,52,57,429,4,MECH,1
7.97,1,3,6,1,11,0,138,5,ECE,1
7.99,3,3,8,1,52,99,198,3,ECE,1
9.99,2,6,2,2,15,69,316,4,ECE,1
8.87,5,5,5,2,98,64,141,7,CIVIL,1
8.97,0,8,8,1,90,24,291,6,MECH,1
6.49,0,4,4,1,88,5,372,1,CIVIL,1
9.93,2,0,8,0,12,86,234,3,IT,1
9.38,4,9,7,1,8,48,158,3,ECE,1
8.84,2,7,6,1,66,64,257,8,CIVIL,1
7.61,5,0,6,1,68,0,28,8,ECE,1
9.85,0,0,4,1,20,50,497,4,MECH,0
8.84,0,5,1,2,80,20,330,5,MECH,1
5.52,3,7,7,0,73,2,351,1,CSE,1
7.99,2,4,7,1,92,21,153,8,MECH,1
9.2,5,7,0,3,58,18,296,5,CSE,1
7.36,3,6,3,0,12,86,474,8,CSE,1
6.0,1,2,8,2,100,35,282,3,MECH,1
5.66,5,9,4,3,35,89,59,8,ECE,1
8.31,4,0,7,1,94,11,144,1,CSE,1
9.72,6,8,1,1,13,10,18,3,IT,1
5.86,2,0,7,1,36,6,230,1,ECE,1
5.56,0,0,3,2,3,33,147,2,MECH,1
8.35,2,4,8,3,6,98,485,1,CIVIL,1
9.06,5,8,6,1,55,68,342,1,CSE,1
8.47,2,1,2,3,33,70,399,4,CIVIL,1
5.71,6,2,4,3,55,90,157,8,MECH,1
8.58,2,7,3,3,52,95,100,6,ECE,1
9.52,5,8,6,1,31,98,453,6,ECE,1
5.68,5,0,5,0,64,25,344,4,CSE,1
8.36,2,10,6,0,24,13,145,5,CIVIL,1
6.17,2,0,7,3,24,23,27,6,IT,1
6.94,1,9,0,3,79,42,6,2,CSE,1
7.45,0,8,4,1,11,90,123,5,CIVIL,1
9.72,1,0,6,0,92,66,463,6,IT,1
7.08,0,6,7,2,45,83,458,8,ECE,1
7.82,1,2,2,1,88,84,86,5,CIVIL,1
6.24,3,8,0,3,22,50,56,7,IT,1
8.17,6,10,0,1,23,57,289,1,CIVIL,1
7.19,5,7,4,1,60,13,140,1,ECE,1
6.37,2,1,7,1,38,55,409,7,MECH,1
8.31,3,7,6,3,88,40,136,4,CIVIL,1
8.07,5,3,0,1,4,39,168,4,CIVIL,1
8.13,4,5,0,2,73,2,366,8,IT,1
9.54,2,9,7,2,3,63,298,8,CSE,1
8.87,6,4,8,1,70,90,395,1,IT,1
6.45,1,8,8,3,24,78,482,2,MECH,1
9.95,5,4,3,1,90,15,211,8,CIVIL,1
8.65,2,3,2,0,33,34,406,6,MECH,1
7.35,1,5,4,2,48,97,25,2,ECE,1
8.42,3,5,7,2,84,51,197,7,CIVIL,1
8.18,4,0,1,1,62,15,30,3,IT,1
8.59,0,0,4,0,85,99,367,1,MECH,1
5.93,1,2,7,2,25,18,257,1,MECH,1
6.09,2,3,2,3,77,97,451,3,IT,1
8.06,5,5,2,0,16,43,484,6,ECE,1
9.89,6,0,2,1,97,29,316,8,ECE,1
5.55,3,0,8,1,14,76,251,3,MECH,1
9.33,2,0,4,1,99,33,463,4,CIVIL,1
6.6,3,8,8,1,20,35,34,2,MECH,1
7.69,2,6,6,3,5,11,302,2,CIVIL,1
9.8,4,0,2,1,68,19,40,8,IT,1
9.06,6,7,6,1,36,45,77,4,IT,1
9.66,3,3,1,2,20,78,21,5,ECE,1
5.97,4,0,4,2,47,44,254,6,MECH,1
9.32,6,10,2,1,97,38,302,1,CSE,1
9.61,2,9,3,3,71,3,408,4,MECH,1
9.24,4,8,5,3,32,11,168,3,IT,1
7.56,2,5,0,1,2,31,376,1,MECH,1
6.37,2,6,6,1,83,23,141,1,IT,1
7.57,4,0,4,3,23,44,7,4,MECH,1
5.52,0,2,1,2,51,77,454,2,CSE,1
9.2,5,5,5,0,27,47,396,8,CIVIL,1
5.53,5,3,2,1,94,89,392,1,MECH,1
6.86,6,9,8,3,23,51,498,7,IT,1
9.06,5,0,8,2,77,5,21,7,CIVIL,1
5.76,0,6,7,1,60,34,64,1,CIVIL,1
9.69,6,4,5,0,38,51,243,7,MECH,1
7.45,2,8,3,2,74,79,302,1,IT,1
8.9,2,6,7,3,94,10,161,2,CIVIL,1
8.99,3,5,5,0,80,9,134,1,IT,1
7.84,6,4,4,2,29,53,494,3,CSE,1
8.4,4,8,1,0,67,90,22,5,MECH,1
8.79,4,1,0,0,79,37,326,1,MECH,1
7.5,2,8,3,0,87,69,97,6,IT,1
6.75,4,0,4,1,26,3,93,5,IT,1
7.45,0,1,4,0,76,39,468,2,IT,1
9.52,5,0,3,2,67,95,193,5,CIVIL,1
8.38,1,9,8,3,6,13,113,4,ECE,1
9.02,5,1,3,0,58,0,401,3,ECE,1
9.07,1,6,2,2,13,84,5,8,CIVIL,1
8.22,4,2,8,2,49,32,436,4,CSE,1
6.82,1,0,7,2,6,61,75,1,ECE,1
6.88,1,8,0,1,56,68,254,4,CSE,1
6.2,3,4,4,3,3,71,492,2,IT,1
9.61,3,4,4,1,17,30,77,6,MECH,1
8.37,3,2,6,3,14,24,80,3,CSE,1
5.65,6,2,0,2,18,24,479,6,IT,1
8.28,0,5,5,1,12,41,443,8,IT,1
6.04,3,9,6,1,74,44,387,7,ECE,1
8.71,0,7,8,0,37,12,270,7,ECE,1
6.81,4,6,0,2,2,70,174,7,CIVIL,1
8.57,1,4,4,2,40,97,39,8,CIVIL,1
9.21,5,6,7,3,62,58,433,6,IT,1
9.7,3,8,5,0,91,77,186,4,ECE,1
6.9,1,6,1,2,93,36,15,8,IT,1
7.72,2,2,7,2,63,63,459,2,CIVIL,1
7.99,2,3,0,2,81,61,94,3,MECH,1
9.53,5,10,6,0,39,56,159,3,MECH,1
8.14,2,10,2,2,33,38,231,7,ECE,1
8.9,1,1,5,0,32,92,474,8,MECH,1
8.95,5,2,7,3,21,82,484,1,MECH,1
9.31,5,7,8,2,69,67,390,2,CIVIL,1
7.23,4,0,0,1,39,12,296,7,CSE,1
7.46,6,6,2,0,50,95,366,1,ECE,1
8.05,3,1,2,0,28,77,305,2,CIVIL,1
7.31,1,4,0,0,34,86,379,7,ECE,1
7.5,2,8,6,2,95,77,49,5,MECH,1
6.61,3,7,3,3,9,97,94,7,IT,1
6.7,3,5,3,3,36,77,456,5,CIVIL,1
5.58,3,3,8,0,62,13,105,6,ECE,1
9.53,2,3,3,1,44,6,439,6,MECH,1
7.04,6,0,2,3,58,90,166,5,CIVIL,1
7.29,3,2,5,3,72,43,489,8,IT,1
6.34,3,2,3,0,25,9,252,7,ECE,1
7.18,1,3,6,2,99,3,456,4,IT,1
9.32,6,6,4,1,97,74,121,3,ECE,1
9.72,1,10,8,0,67,85,130,1,CSE,1
8.01,4,10,4,1,73,17,294,8,IT,1
7.95,6,6,4,2,60,42,39,1,ECE,1
9.97,6,10,7,2,94,53,171,2,IT,1
9.02,0,0,1,3,20,12,90,3,MECH,1
9.23,6,2,4,0,53,55,3,6,ECE,1
8.95,4,7,8,3,12,87,129,3,ECE,1
6.67,5,3,7,1,84,80,183,7,CIVIL,1
5.71,1,7,4,0,21,71,71,1,MECH,1
5.71,0,1,7,1,50,26,350,2,CSE,1
7.0,2,7,4,1,95,92,44,3,ECE,1
6.59,5,5,4,2,96,100,89,3,MECH,1
9.41,3,1,1,1,29,9,240,5,CIVIL,1
8.22,5,5,4,2,12,62,269,7,CIVIL,1
8.27,3,8,5,1,89,38,489,6,MECH,1
6.02,0,4,1,3,64,32,322,5,MECH,1
6.18,3,8,3,0,79,58,17,6,CSE,1
8.3,1,9,7,3,83,78,40,7,MECH,1
7.99,6,6,3,2,24,84,454,4,CIVIL,1
8.12,4,8,5,0,52,29,482,7,MECH,1
7.01,5,10,7,2,22,9,270,3,MECH,1
5.62,5,10,3,3,22,88,35,5,IT,1
8.36,4,2,4,0,90,34,251,5,IT,1
8.83,4,3,6,3,26,36,94,7,MECH,1
7.12,0,9,3,3,53,0,268,4,CIVIL,1
7.19,6,5,3,0,10,79,469,6,CSE,1
9.94,2,10,0,0,49,51,305,1,CSE,1
5.61,6,5,5,2,12,43,362,3,ECE,1
8.33,5,9,5,2,61,44,482,2,MECH,1
8.08,1,0,7,1,52,92,23,2,IT,1
9.72,0,7,5,3,66,97,34,1,MECH,1
9.15,2,3,8,3,9,73,471,4,ECE,1
9.53,1,6,6,1,23,17,84,7,MECH,1
6.09,5,10,8,1,71,78,398,7,MECH,1
7.45,5,2,8,2,51,88,338,1,CIVIL,1
5.82,3,6,4,0,31,79,365,4,CSE,1
5.51,6,3,2,2,23,68,183,5,MECH,1
7.27,6,5,1,2,59,44,311,8,ECE,1
7.26,1,4,3,3,22,13,126,4,CIVIL,1
7.9,3,5,7,2,51,3,70,2,IT,1
7.59,0,4,5,1,94,45,97,5,CSE,1
8.68,2,1,6,1,67,63,93,3,ECE,1
9.5,1,0,5,1,68,45,173,8,ECE,1
9.52,6,1,1,0,58,6,55,2,CIVIL,1
6.5,0,2,0,3,7,1,97,1,ECE,1
6.56,1,3,4,1,91,58,43,3,MECH,1
9.63,1,2,5,3,8,5,69,5,CIVIL,1
7.55,1,10,5,2,23,12,32,1,CSE,1
6.93,1,10,6,1,9,52,440,6,MECH,1
5.66,5,5,6,1,42,25,73,5,ECE,1
6.69,5,9,5,1,93,13,105,7,MECH,1
6.87,6,4,5,3,72,37,113,7,CIVIL,1
7.73,1,5,1,2,21,61,478,1,ECE,1
6.4,4,1,7,1,28,7,264,5,IT,1
6.77,4,1,3,0,59,94,225,3,CIVIL,1
8.4,5,9,6,3,36,35,181,4,IT,1
7.48,0,6,5,2,18,54,203,4,MECH,1
9.38,1,7,5,0,78,53,232,7,CIVIL,1
5.77,2,8,1,3,74,39,324,3,CIVIL,1
5.81,1,9,7,3,5,11,137,5,ECE,1
5.68,5,10,7,3,100,79,102,3,MECH,1
7.61,3,5,0,2,34,6,195,5,CIVIL,1
6.62,4,4,4,0,11,50,446,7,ECE,1
5.76,2,4,6,0,22,96,489,4,IT,1
9.27,0,9,3,3,65,3,462,2,CIVIL,1
6.7,0,8,1,3,32,19,83,4,CIVIL,1
9.51,4,6,4,1,48,75,104,1,ECE,1
6.97,1,5,2,2,7,59,429,3,IT,1
6.79,3,4,6,3,47,12,479,8,IT,1
8.84,0,6,6,3,52,5,111,3,MECH,1
8.16,2,4,6,1,58,78,118,4,MECH,1
5.67,0,3,6,1,86,75,182,5,CIVIL,1
9.97,5,7,7,2,44,16,38,7,IT,1
5.74,0,6,5,0,90,68,497,4,CIVIL,1
7.9,4,7,0,2,82,8,364,6,CIVIL,1
8.1,4,2,2,0,85,1,381,6,ECE,1
7.46,0,1,7,2,48,5,111,8,IT,1
9.45,1,3,6,2,71,40,366,5,IT,1
7.32,3,2,4,2,25,31,291,4,CSE,1
6.23,1,2,6,3,19,32,405,1,IT,1
7.17,2,2,5,0,99,44,307,8,IT,1
9.63,1,10,8,1,56,66,217,2,MECH,1
6.72,0,0,7,3,78,11,351,1,CIVIL,1
9.42,0,2,2,2,61,95,204,6,ECE,1
5.56,0,10,4,0,93,48,310,5,CSE,1
8.87,4,0,4,1,7,49,490,4,MECH,1
7.21,4,1,2,3,96,43,260,4,CIVIL,1
7.96,1,1,7,1,45,62,246,2,CSE,1
6.35,3,8,0,2,72,83,155,7,ECE,1
9.77,0,5,2,1,65,14,148,7,CSE,1
8.24,5,4,1,0,76,92,42,7,MECH,1
6.51,3,10,8,3,52,41,228,1,IT,1
9.86,3,6,3,0,56,100,343,7,CSE,1
9.96,2,7,7,1,71,80,244,8,IT,1
6.73,5,6,4,3,88,1,346,2,ECE,1
8.02,4,3,4,0,42,14,185,8,IT,1
7.79,1,2,8,1,100,73,1,2,CSE,1
5.73,6,0,8,1,1,78,236,2,IT,1
6.13,6,6,6,2,90,8,426,4,CIVIL,1
6.11,6,8,6,2,1,51,396,5,MECH,1
6.67,1,9,8,2,11,38,389,3,IT,1
5.6,1,8,7,0,68,73,281,1,CIVIL,1
9.42,0,3,6,2,7,27,179,1,CSE,1
5.97,5,1,3,0,91,43,103,7,CIVIL,1
7.1,1,4,6,3,48,23,154,1,ECE,1
9.82,2,8,3,3,69,55,380,7,IT,1
9.89,6,6,6,1,38,35,81,6,IT,1
6.08,4,0,8,1,88,40,8,5,CSE,1
8.45,4,7,3,0,72,57,65,1,CSE,1
6.76,6,8,2,2,44,87,239,6,CSE,1
6.06,3,5,6,1,28,53,40,3,IT,1
7.76,3,8,0,0,83,13,38,3,CSE,1
6.82,0,2,5,0,24,53,117,5,ECE,1
7.68,1,4,5,3,86,78,44,2,MECH,1
7.31,4,8,6,0,54,44,384,4,MECH,1
5.58,2,8,0,1,76,41,240,4,CSE,1
8.09,2,8,5,3,8,77,111,2,IT,1
6.25,4,9,5,2,100,58,46,5,CSE,1
5.87,3,2,2,2,21,41,348,6,IT,1
6.53,6,6,5,0,1,97,391,3,CSE,1
8.9,6,2,3,2,66,70,78,8,IT,1
9.62,1,3,1,2,45,17,278,8,ECE,1
7.98,0,1,4,1,22,26,53,6,ECE,1
6.03,1,9,1,3,12,47,468,1,CSE,1
9.11,5,6,7,2,91,27,368,5,MECH,1
5.6,0,2,8,2,34,42,105,8,IT,1
8.03,4,2,4,2,87,23,80,3,CSE,1
5.7,3,0,7,1,10,36,276,6,CIVIL,1
7.86,2,10,8,0,41,52,59,2,ECE,1
9.26,2,0,0,1,44,89,494,7,ECE,1
6.74,3,2,5,1,80,52,61,8,CSE,1
7.28,0,10,7,1,91,59,479,1,MECH,1
6.8,4,7,1,3,81,40,209,3,CIVIL,1
6.06,4,3,4,1,34,15,390,5,ECE,1
9.92,6,10,4,2,53,78,236,2,CIVIL,1
7.79,6,9,1,1,68,47,139,5,IT,1
8.74,6,2,2,2,76,32,11,4,CSE,1
6.27,2,2,6,1,30,61,430,6,IT,1
7.28,2,2,4,0,22,72,284,3,CSE,1
6.04,5,7,8,0,24,58,266,6,MECH,1
8.17,0,9,1,0,22,76,0,1,CSE,1
5.99,0,9,0,3,61,14,88,5,IT,1
8.05,2,8,7,3,12,47,7,7,CIVIL,1
8.49,5,7,4,2,41,59,376,7,CIVIL,1
6.22,1,2,1,0,14,30,272,8,CIVIL,1
6.64,1,4,7,3,19,18,495,4,CSE,1
7.74,6,10,2,1,67,15,279,2,CSE,1
9.83,4,6,4,2,54,82,124,2,IT,1
6.6,1,1,7,0,4,92,406,5,ECE,1
7.72,4,10,8,2,62,16,423,7,IT,1
6.0,1,6,0,1,45,81,356,5,CIVIL,1
6.66,1,1,5,3,30,73,232,4,IT,1
8.58,6,7,2,0,47,30,286,5,MECH,1
6.69,3,4,8,2,91,11,338,8,IT,1
6.06,6,2,1,2,12,96,183,8,CIVIL,1
7.36,3,4,4,1,6,42,431,2,MECH,1
8.58,0,5,5,3,97,39,456,4,CIVIL,1
8.01,5,4,5,3,41,93,336,8,IT,1
7.28,3,4,8,0,18,79,145,5,ECE,1
5.63,6,8,0,3,81,55,397,4,CIVIL,1
9.32,5,10,8,3,84,30,186,7,CSE,1
5.98,6,3,6,3,44,41,38,8,IT,1
7.21,1,2,1,0,44,36,54,8,CIVIL,1
9.65,5,10,7,0,74,92,181,3,CSE,1
6.51,4,7,1,2,40,88,499,4,CIVIL,1
8.23,5,1,0,1,45,96,245,2,MECH,1
5.67,2,10,4,1,22,85,97,2,ECE,1
7.36,0,1,2,3,5,30,351,3,IT,1
8.06,6,6,0,1,55,99,126,8,CIVIL,1
7.2,4,10,0,1,45,29,464,3,MECH,1
5.67,2,2,4,3,18,66,197,4,ECE,1
5.78,3,9,8,3,72,47,350,1,MECH,1
6.62,4,5,5,3,40,97,39,5,CSE,1
7.24,1,0,0,0,37,63,54,1,CSE,0
7.7,1,2,4,2,89,27,42,7,ECE,1
9.8,0,8,6,1,86,81,162,5,CIVIL,1
6.82,5,5,0,0,19,70,77,6,IT,1
5.91,0,7,5,1,16,13,430,4,CSE,1
8.44,1,8,1,0,26,85,125,8,MECH,1
6.59,1,4,6,0,48,65,482,8,MECH,1
5.77,1,5,8,2,51,43,226,6,CSE,1
7.12,4,0,7,0,33,28,201,5,ECE,1
6.45,5,1,1,1,59,54,109,6,IT,1
7.99,2,0,4,2,33,96,315,7,ECE,1
9.62,2,1,8,3,100,8,369,1,CSE,1
8.28,6,3,0,2,27,68,379,6,CSE,1
8.78,5,3,5,0,78,91,289,4,IT,1
6.4,2,7,2,3,37,98,372,3,ECE,1
9.25,0,5,4,3,76,49,86,5,CSE,1
7.56,1,4,6,3,76,43,481,3,MECH,1
6.0,4,4,0,1,2,39,280,4,ECE,1
9.26,6,7,5,0,65,47,171,1,IT,1
5.89,0,8,4,2,74,49,369,2,CIVIL,1
8.94,6,6,1,1,54,76,312,6,IT,1
8.18,4,6,0,0,75,58,89,8,CIVIL,1
6.1,0,4,5,0,61,94,456,1,IT,1
7.97,0,9,0,2,13,29,185,3,ECE,1
9.45,2,6,8,2,6,98,260,5,ECE,1
5.95,6,2,8,0,75,12,450,2,CIVIL,1
8.43,3,4,7,0,42,17,134,5,CIVIL,1
6.17,4,1,0,0,24,86,330,5,CIVIL,1
6.56,6,6,2,0,24,45,426,8,CSE,1
9.62,6,0,6,0,14,81,299,7,CSE,1
6.78,0,8,6,2,47,7,433,1,IT,1
6.66,2,5,7,1,59,23,56,8,MECH,1
5.61,6,10,7,1,56,60,53,4,CSE,1
5.74,1,7,0,3,19,9,243,6,CIVIL,1
6.68,1,2,5,3,40,11,262,2,CSE,1
9.84,1,3,8,0,97,3,439,2,CSE,1
7.96,0,10,3,2,14,27,279,5,MECH,1
8.78,2,6,4,0,59,84,492,7,CSE,1
7.97,3,8,7,2,68,59,198,8,IT,1
9.74,5,9,6,3,58,88,129,2,CIVIL,1
8.9,1,2,7,3,47,89,118,3,MECH,1
6.74,6,3,3,0,32,32,135,1,ECE,1
5.96,2,1,8,3,73,89,324,6,CSE,1
9.24,5,7,2,1,0,94,355,1,ECE,1
7.6,3,1,0,1,67,51,141,5,CIVIL,1
9.82,5,5,2,2,100,5,48,3,CIVIL,1
5.93,1,4,5,0,3,87,458,1,IT,1
8.65,4,6,4,2,23,71,12,7,IT,1
6.27,1,8,5,1,22,14,90,4,IT,1
9.97,6,0,0,2,82,73,417,7,CSE,1
8.78,5,8,0,1,18,67,54,2,CIVIL,1
8.41,6,8,0,3,6,89,428,4,CSE,1
6.03,4,6,0,2,7,14,208,6,IT,1
9.94,0,2,5,3,80,100,375,3,ECE,1
9.13,2,5,7,2,19,11,47,5,MECH,1
5.81,0,2,8,3,80,32,202,7,IT,1
6.91,1,5,0,2,29,94,394,2,IT,1
8.44,3,2,2,3,92,26,336,8,CSE,1
8.9,3,0,3,0,56,50,228,3,CSE,1
9.58,5,1,1,1,69,48,494,8,IT,1
7.06,4,2,6,3,29,5,442,1,MECH,1
8.32,4,8,6,0,90,32,220,8,MECH,1
6.24,6,0,3,1,20,88,251,1,MECH,1
6.17,6,0,8,0,89,49,139,1,MECH,1
6.83,3,3,6,3,64,45,59,4,IT,1
6.04,0,6,5,3,98,89,23,4,MECH,1
9.41,4,10,7,3,20,98,319,7,IT,1
9.23,1,3,4,3,38,89,314,5,IT,1
8.42,5,5,3,2,48,42,273,6,IT,1
5.76,4,3,6,2,77,42,259,7,MECH,1
9.78,1,5,2,1,24,92,199,4,ECE,1
7.5,0,10,8,2,97,91,493,3,IT,1
8.83,4,9,5,3,5,35,181,5,MECH,1
6.51,5,9,5,3,23,80,263,5,CSE,1
8.07,0,9,8,3,85,73,420,6,MECH,1
8.92,3,6,3,2,61,20,144,3,CIVIL,1
9.09,5,0,4,2,86,49,120,7,ECE,1
9.39,0,2,7,2,5,29,254,1,CIVIL,1
5.68,2,5,4,1,46,6,116,4,CSE,1
5.98,3,0,4,3,4,94,109,3,CSE,1
6.79,3,8,8,3,46,91,353,3,IT,1
7.58,0,3,1,0,21,19,143,1,CIVIL,1
7.22,6,4,5,1,32,80,12,1,CIVIL,1
7.73,3,5,2,0,72,83,126,8,CSE,1
9.37,5,5,8,2,64,95,410,2,CSE,1
8.54,6,7,0,0,96,71,175,3,CSE,1
8.06,1,7,4,3,16,4,35,2,IT,1
9.5,4,5,4,2,10,98,131,2,CIVIL,1
7.43,5,9,1,3,17,70,481,8,CIVIL,1
6.03,5,1,8,3,33,60,22,6,CIVIL,1
9.42,1,2,5,1,30,2,301,1,ECE,1
5.6,4,4,1,0,67,70,343,3,MECH,1
9.92,6,5,8,3,88,62,426,6,IT,1
9.79,0,8,6,2,100,68,176,6,CSE,1
9.24,1,7,4,2,69,22,249,1,MECH,1
8.89,0,6,5,3,96,34,187,6,CSE,1
7.85,2,1,8,3,50,22,419,2,ECE,1
7.4,2,5,0,3,69,0,50,3,CIVIL,1
6.21,6,4,8,1,90,71,465,7,IT,1
9.3,4,9,0,2,79,76,327,3,ECE,1
9.8,3,0,2,1,1,49,30,5,ECE,1
6.48,5,10,0,0,54,12,140,6,CIVIL,1
7.12,4,8,4,0,68,89,217,6,MECH,1
9.49,2,9,5,2,22,63,130,8,CSE,1
8.91,3,2,2,2,94,100,87,3,ECE,1
8.84,6,5,5,1,1,21,439,1,MECH,1
9.96,1,2,5,0,99,26,149,7,IT,1
9.59,2,0,8,0,60,75,86,4,CSE,1
7.31,6,2,1,1,5,17,421,1,ECE,1
7.01,2,9,6,0,83,79,31,7,CSE,1
8.7,4,10,6,1,10,63,205,8,CSE,1
7.94,0,2,7,2,23,21,418,7,CIVIL,1
7.73,1,8,0,3,41,28,331,2,IT,1
7.38,0,7,1,1,96,12,490,8,ECE,1
5.82,0,2,4,2,83,25,276,8,ECE,1
7.68,5,4,8,0,100,39,5,6,CSE,1
9.01,2,7,4,1,42,27,240,3,CIVIL,1
5.7,5,8,7,3,70,100,280,8,ECE,1
6.17,2,1,3,3,71,42,319,6,IT,1
5.62,5,2,8,3,31,24,399,6,IT,1
8.55,2,2,5,2,91,61,439,6,CIVIL,1
6.72,5,7,6,2,13,75,155,8,IT,1
8.49,0,5,1,3,28,51,141,2,ECE,0
6.71,4,6,0,2,46,64,98,4,CIVIL,1
9.33,2,8,6,0,44,10,239,1,CSE,1
6.2,6,5,7,0,13,60,141,4,CSE,1
6.21,5,8,0,0,80,59,293,5,ECE,1
6.05,3,9,0,1,1,35,336,3,CSE,1
6.78,3,3,8,0,37,98,360,4,CSE,1
7.74,2,9,6,1,87,43,53,5,ECE,1
7.24,0,9,8,3,10,4,337,8,MECH,1
5.64,3,8,6,3,44,78,448,8,MECH,1
6.93,6,6,5,0,4,53,325,6,ECE,1
7.48,1,2,3,1,5,96,181,2,CSE,1
7.91,6,8,1,1,71,27,351,4,CSE,1
7.87,5,0,2,0,62,19,487,3,CSE,1
8.78,2,3,1,2,97,2,105,2,CIVIL,1
6.25,0,1,4,2,6,83,410,1,MECH,1
6.38,1,0,4,2,33,78,356,3,CSE,1
8.91,1,7,1,2,62,70,310,4,CSE,1
7.68,2,2,3,3,90,37,314,3,ECE,1
8.22,1,6,6,3,94,11,395,7,CIVIL,1
6.54,0,0,0,0,35,81,142,2,CIVIL,1
8.34,4,8,4,1,71,50,366,4,MECH,1
6.53,5,10,3,2,95,29,127,1,IT,1
8.89,2,2,3,2,2,45,431,6,CSE,1
8.41,4,3,6,3,70,16,431,4,CIVIL,1
7.98,5,3,8,3,47,65,248,4,MECH,1
6.72,0,4,2,1,1,61,200,7,IT,1
6.14,2,7,0,2,34,86,234,4,IT,1
9.46,3,0,5,2,64,84,73,1,ECE,1
9.93,3,8,1,1,7,77,350,4,CSE,1
9.96,4,4,2,2,2,61,319,3,CIVIL,1
9.31,6,2,0,0,59,49,285,4,MECH,1
5.8,6,9,1,0,100,55,343,8,CIVIL,1
8.09,6,10,7,1,42,74,177,8,CIVIL,1
6.08,6,9,7,1,93,88,407,3,CSE,1
6.59,3,4,8,2,11,65,270,8,CIVIL,1
7.01,3,8,6,2,39,65,409,8,IT,1
7.13,5,4,3,3,77,9,340,6,CIVIL,1
8.28,6,9,1,1,10,40,91,5,CSE,1
8.46,1,7,8,1,40,93,155,4,IT,1
7.35,4,1,6,2,78,77,467,3,CIVIL,1
6.29,0,0,6,3,50,97,43,4,MECH,1
5.97,2,0,2,1,3,2,237,6,IT,1
9.56,6,0,6,0,94,77,235,4,ECE,1
7.85,2,7,0,0,22,51,450,4,MECH,1
9.11,2,2,3,2,39,97,362,3,IT,1
9.39,1,6,2,1,87,19,241,6,CSE,1
7.31,2,6,2,2,57,17,290,5,IT,1
6.77,2,3,0,0,44,50,483,5,IT,1
5.85,3,10,8,3,57,17,7,2,CSE,1
7.98,3,10,3,1,42,51,146,8,ECE,1
8.44,5,5,0,2,3,87,255,4,IT,1
9.08,3,2,2,3,96,14,141,7,IT,1
9.09,6,0,1,1,85,76,26,1,ECE,1
6.56,3,2,6,2,58,22,371,6,MECH,1
7.75,2,6,7,3,95,75,46,1,CIVIL,1
9.92,3,9,8,2,17,72,78,5,MECH,1
9.42,3,0,4,3,36,0,7,3,CSE,1
6.01,2,6,5,0,91,84,357,1,MECH,1
9.69,1,9,6,2,42,73,169,7,CIVIL,1
5.83,0,2,8,0,11,30,109,1,CIVIL,1
7.46,5,0,2,2,54,38,82,8,IT,1
8.46,6,7,8,0,60,93,356,8,MECH,1
8.02,6,5,3,3,77,29,108,2,CIVIL,1
9.61,5,9,4,0,24,83,120,6,IT,1
9.21,0,5,0,0,11,1,435,7,ECE,1
7.46,1,2,7,3,5,45,281,8,IT,1
6.3,3,3,1,0,53,23,140,2,ECE,0
7.01,1,8,1,1,16,31,0,3,IT,1
5.97,1,2,4,0,64,29,174,8,CIVIL,0
9.13,5,2,7,0,83,46,186,6,ECE,1
7.25,5,4,8,1,3,10,193,5,CSE,1
8.66,0,7,8,3,83,66,405,4,ECE,1
9.52,4,6,8,3,7,49,78,2,IT,1
9.94,6,7,8,3,14,57,33,2,MECH,1
7.56,2,2,2,2,83,86,113,4,ECE,1
6.5,1,1,1,3,49,0,388,7,CIVIL,1
8.71,3,3,8,2,42,3,181,4,CSE,1
9.79,4,3,4,0,81,9,217,8,CIVIL,1
8.62,4,8,5,0,87,39,48,7,CSE,1
6.17,4,8,0,2,59,65,419,1,IT,1
8.01,1,4,8,3,63,16,256,3,CIVIL,1
5.93,2,9,2,0,14,33,456,8,MECH,1
8.38,2,3,1,1,95,94,369,5,ECE,1
9.06,3,9,5,0,20,89,359,7,ECE,1
8.69,0,10,7,3,12,77,355,7,CIVIL,1
6.84,0,10,5,2,20,50,392,1,CIVIL,1
9.42,2,5,2,3,81,54,311,8,ECE,1
6.71,3,1,1,3,81,83,55,1,MECH,1
9.94,2,10,4,1,96,84,45,8,CIVIL,1
7.16,3,10,2,3,53,68,433,1,MECH,1
6.6,0,3,0,1,86,49,181,8,CIVIL,1
7.98,6,7,4,1,89,17,238,6,CSE,1
6.8,0,2,2,2,60,33,88,1,MECH,1
5.72,6,3,5,0,93,9,1,2,CSE,1
9.15,4,3,7,0,84,59,20,5,ECE,1
5.53,0,0,5,1,89,10,63,7,CSE,1
9.29,2,6,3,0,57,6,19,1,IT,1
7.48,2,7,0,3,18,37,25,6,ECE,1
7.06,1,7,7,2,85,31,269,7,ECE,1
7.86,2,0,7,2,61,68,60,3,ECE,1
8.92,2,3,1,2,72,26,449,3,MECH,1
8.19,0,9,2,0,61,62,251,4,ECE,1
8.68,6,10,5,1,77,96,468,3,ECE,1
6.63,6,0,0,1,57,56,5,5,CIVIL,1
7.02,3,9,8,1,93,16,355,7,IT,1
7.87,4,5,1,1,29,75,381,4,CIVIL,1
6.36,2,3,0,3,61,14,383,3,MECH,1
9.42,5,0,1,3,54,54,345,6,ECE,1
9.54,5,7,7,3,40,33,54,2,CSE,1
6.3,6,3,8,2,59,43,82,6,IT,1
6.01,3,9,6,3,11,96,220,1,CIVIL,1
7.62,5,4,2,3,5,47,429,8,IT,1
8.75,2,0,8,2,84,38,337,7,CSE,1
9.45,1,0,1,3,82,63,88,8,IT,1
7.57,2,9,2,0,37,19,271,2,MECH,1
9.95,0,2,3,2,93,0,175,5,MECH,1
9.19,2,10,0,2,83,47,412,8,MECH,1
7.97,1,8,7,2,53,59,346,5,MECH,1
9.97,5,9,3,0,44,96,110,4,CIVIL,1
8.17,1,0,7,1,33,17,142,5,CSE,1
5.74,6,7,5,3,40,41,72,5,MECH,1
8.51,5,4,0,1,73,70,472,7,CSE,1
6.14,6,9,7,2,26,34,167,4,IT,1
7.73,3,6,4,2,76,86,378,1,CSE,1
8.52,6,7,1,3,76,40,173,2,MECH,1
6.1,2,3,4,0,66,44,299,1,IT,1
9.73,5,5,4,3,4,32,343,1,IT,1
6.51,1,1,3,0,57,69,133,1,CIVIL,1
5.62,3,0,2,0,27,56,90,1,IT,1
6.62,4,0,7,0,64,4,275,3,MECH,1
5.78,5,2,7,1,50,69,444,8,ECE,1
8.75,0,4,7,2,47,30,305,3,IT,1
5.76,5,4,3,0,11,82,223,4,MECH,1
8.84,0,2,4,2,87,53,400,3,CIVIL,1
9.32,3,4,8,3,11,73,153,2,CSE,1
9.52,5,6,5,0,7,68,50,4,CSE,1
7.48,2,2,1,1,36,69,498,4,CSE,1
6.72,2,6,4,1,95,22,135,8,IT,1
9.08,2,2,7,2,91,38,375,6,CIVIL,1
7.07,0,3,0,1,39,55,167,7,CIVIL,1
9.85,3,6,7,3,44,2,170,2,IT,1
7.32,3,2,6,3,1,94,3,6,MECH,1
8.08,5,1,3,2,79,69,39,5,IT,1
6.04,1,4,2,0,76,93,185,8,MECH,1
8.95,0,1,8,2,73,100,168,5,CIVIL,1
7.77,1,6,0,3,87,62,307,6,IT,1
9.42,6,2,0,3,46,41,308,3,IT,1
7.31,2,3,1,0,13,48,194,1,CSE,1
6.23,1,4,0,2,41,97,314,8,ECE,1
7.5,6,5,5,2,30,9,365,4,IT,1
9.21,3,9,5,2,4,68,54,5,IT,1
5.86,3,7,5,2,86,86,35,8,CSE,1
7.22,0,7,8,1,85,83,392,2,MECH,1
9.8,3,10,2,0,63,25,196,4,MECH,1
6.24,5,1,6,1,58,22,7,8,MECH,1
9.24,4,1,2,2,99,79,125,8,MECH,1
8.17,4,1,0,1,34,84,236,8,IT,1
6.34,6,5,4,1,67,1,226,7,IT,1
9.14,0,8,7,2,26,4,54,8,IT,1
6.11,1,2,4,0,74,90,35,5,CIVIL,1
8.17,0,1,3,3,50,22,65,1,IT,1
6.45,6,6,3,3,3,19,174,6,MECH,1
6.08,5,2,0,0,89,68,328,4,ECE,1
6.64,4,2,7,3,55,56,395,3,CIVIL,1
6.29,4,0,8,0,14,21,213,1,MECH,1
9.3,3,9,3,3,22,76,17,1,CSE,1
7.31,1,4,8,0,24,51,135,6,CIVIL,1
8.33,2,6,4,1,35,80,21,6,IT,1
9.74,6,8,0,3,94,35,12,2,IT,1
8.49,0,3,5,1,30,9,333,4,CIVIL,1
6.26,5,2,0,1,95,64,152,4,CIVIL,1
9.45,6,5,7,1,6,86,247,4,IT,1
8.9,5,3,3,2,40,86,72,6,ECE,1
8.64,0,4,4,0,30,65,249,4,MECH,1
9.36,0,2,2,0,32,75,380,5,MECH,1
6.79,0,4,1,2,82,74,178,7,CSE,1
9.18,3,10,7,0,75,34,104,4,CIVIL,1
6.99,6,4,4,1,84,5,103,2,CSE,1
7.69,1,6,0,2,33,42,32,1,CSE,1
8.36,6,9,7,2,51,52,252,8,ECE,1
8.66,3,8,0,1,97,77,144,6,CSE,1
7.44,2,2,0,3,95,57,78,1,CSE,1
9.83,2,9,2,3,27,1,28,4,CIVIL,1
5.8,1,7,2,0,49,40,171,7,IT,1
8.98,1,6,1,1,57,86,108,6,CIVIL,1
9.9,5,10,7,1,38,24,91,3,ECE,1
8.14,1,10,4,2,37,93,423,1,CSE,1
9.95,6,7,5,3,44,37,117,7,MECH,1
5.66,0,9,7,3,38,54,135,8,MECH,1
8.68,4,10,0,1,64,5,347,1,CSE,1
7.91,5,5,6,2,72,3,61,7,MECH,1
7.87,1,3,3,0,59,86,276,4,ECE,1
7.16,3,2,3,1,54,15,25,8,MECH,1
9.76,2,10,7,2,18,22,363,6,IT,1
7.84,4,3,3,1,49,4,254,5,IT,1
6.16,1,9,3,1,48,76,363,5,ECE,1
7.56,4,8,2,3,22,14,398,3,IT,1
8.03,1,3,2,2,47,13,462,7,CSE,1
6.22,6,6,2,2,6,91,1,7,CIVIL,1
9.47,0,6,5,2,32,4,479,5,IT,1
7.84,4,0,6,2,21,38,199,7,CSE,1
8.98,1,7,0,3,97,63,448,3,CIVIL,1
9.32,2,8,3,2,100,93,70,4,MECH,1
5.8,6,0,0,0,67,45,303,4,CSE,1
8.8,5,5,3,2,49,84,361,3,CIVIL,1
9.71,5,7,1,1,99,29,197,4,ECE,1
7.54,4,2,4,0,22,79,157,4,CSE,1
5.72,4,1,3,1,56,56,194,5,CSE,1
7.76,4,6,1,0,10,77,421,6,IT,1
9.71,6,2,6,0,10,12,233,3,MECH,1
8.58,6,9,0,2,66,26,487,2,ECE,1
8.61,4,9,7,3,19,24,450,7,CSE,1
8.03,6,8,5,3,0,72,492,2,CSE,1
9.28,6,7,8,0,37,19,215,7,IT,1
8.29,4,3,6,1,94,31,88,4,MECH,1
6.49,4,8,0,2,100,76,352,5,CSE,1
6.16,2,5,6,0,40,64,103,4,CIVIL,1
9.91,1,3,3,2,41,13,45,5,ECE,1
5.88,1,9,7,3,73,20,370,7,IT,1
6.96,1,10,2,0,42,8,197,3,ECE,1
6.61,3,2,5,2,55,90,403,8,IT,1
5.87,5,3,1,2,61,0,406,3,MECH,1
8.53,4,6,1,1,0,77,0,1,CIVIL,1
8.4,5,6,6,1,49,25,170,2,ECE,0
9.15,4,3,7,1,41,37,342,5,ECE,1
7.44,4,7,3,2,100,19,311,6,ECE,1
6.62,1,10,0,3,91,6,498,6,IT,1
8.69,5,4,4,3,61,88,453,2,CIVIL,1
6.07,6,0,1,2,1,85,145,7,MECH,1
8.19,4,6,1,1,11,47,407,2,MECH,1
9.49,6,9,5,0,58,60,101,5,ECE,1
8.75,1,5,8,2,35,66,88,7,ECE,1
5.87,5,9,7,0,43,39,484,5,ECE,1
7.53,2,0,2,1,43,65,307,8,CSE,1
9.85,0,6,0,2,73,32,132,7,ECE,1
6.77,6,8,1,0,95,89,465,7,CIVIL,1
7.52,2,8,6,2,17,97,209,1,CSE,1
6.55,1,9,4,0,9,40,261,7,CIVIL,1
9.19,5,4,6,2,18,70,98,6,IT,1
8.95,4,1,4,0,46,13,453,2,CIVIL,1
7.99,2,10,2,0,32,75,390,5,MECH,1
6.46,6,10,6,2,17,74,80,6,CIVIL,1
9.01,4,1,3,0,52,4,487,7,MECH,1
7.38,3,4,8,1,99,12,407,4,MECH,1
8.98,4,8,7,1,14,94,325,2,ECE,1
6.43,2,3,3,2,18,33,216,1,ECE,1
7.78,1,9,7,3,73,80,138,8,CIVIL,1
5.86,1,6,7,1,29,22,349,7,IT,1
6.47,5,0,4,0,8,32,493,8,IT,1
7.95,3,10,4,1,67,85,297,3,ECE,1
8.7,0,8,4,1,83,48,203,3,ECE,1
5.92,3,8,0,3,41,90,30,8,IT,1
9.2,0,8,3,2,33,79,199,1,IT,1
8.35,2,4,3,0,19,54,107,4,IT,1
9.77,4,8,2,3,46,55,260,2,IT,1
9.27,0,8,3,0,23,44,323,3,ECE,1
6.59,1,2,5,3,61,28,2,5,CSE,0
9.7,4,7,2,0,7,68,139,2,IT,1
8.17,3,7,0,3,66,90,469,2,CSE,1
7.82,6,1,4,3,17,57,418,4,ECE,1
9.19,6,5,8,3,9,69,176,3,IT,1
9.87,3,1,1,0,76,27,494,8,ECE,1
5.79,1,9,1,3,22,86,344,5,CSE,0
7.44,0,8,6,2,27,43,202,2,ECE,1
9.58,4,0,8,1,90,26,40,1,IT,1
8.2,2,0,5,0,18,61,62,4,IT,1
7.45,4,9,6,2,64,72,291,4,ECE,1
8.24,4,7,8,0,46,80,464,1,MECH,1
7.19,1,1,2,3,22,22,257,2,CIVIL,1
5.71,0,6,8,2,80,60,43,1,CSE,1
9.23,4,9,2,3,41,99,231,1,CSE,1
8.29,0,4,0,1,89,69,331,1,CSE,1
7.69,0,2,3,0,68,87,122,7,ECE,1
8.83,1,2,8,0,55,4,14,2,CSE,1
7.56,3,0,7,1,17,42,232,4,IT,1
6.53,6,10,4,1,9,38,271,4,MECH,1
6.84,5,1,7,1,21,15,193,4,ECE,1
9.06,2,10,4,1,4,98,118,3,ECE,1
5.7,4,3,3,1,10,26,107,3,CSE,1
6.69,5,3,6,2,94,18,176,7,IT,1
7.97,2,6,0,3,97,20,321,5,MECH,1
6.68,5,2,8,3,13,52,97,3,MECH,1
9.24,4,4,6,2,32,18,494,1,ECE,1
8.91,3,1,3,2,80,83,217,8,CSE,1
5.71,2,9,5,2,12,88,105,8,CIVIL,1
9.02,1,6,6,3,36,67,116,5,CIVIL,1
9.47,1,6,6,2,69,40,313,4,IT,1
6.52,0,8,1,2,82,30,164,2,IT,1
8.64,4,10,3,0,70,23,116,8,IT,1
5.71,5,8,5,1,42,62,146,5,CSE,1
7.08,6,0,8,2,26,61,499,5,ECE,1
9.81,1,2,5,0,22,13,270,2,CIVIL,1
6.22,4,0,8,0,69,9,33,1,CIVIL,1
9.71,3,4,5,0,88,54,51,4,MECH,1
8.4,1,1,0,2,78,76,305,6,CSE,1
8.64,1,1,0,1,56,62,269,6,MECH,1
8.57,1,7,8,0,7,18,419,1,MECH,1
7.43,6,4,3,3,60,74,452,7,CIVIL,1
5.73,6,10,7,1,53,28,262,5,IT,1
8.73,3,4,8,3,81,97,257,5,CSE,1
6.06,2,5,1,1,40,0,205,7,MECH,1
7.84,2,4,2,1,52,16,121,6,CIVIL,1
9.59,4,8,8,3,28,59,353,7,MECH,1
9.78,3,0,7,2,28,92,442,6,ECE,1
5.61,6,3,7,0,98,12,465,7,CIVIL,1
8.66,5,2,4,3,3,53,150,2,CIVIL,1
8.85,3,2,4,3,96,51,473,8,CSE,1
6.3,3,8,2,1,84,38,40,2,IT,1
7.93,6,9,0,0,78,47,470,8,CSE,1
9.67,2,1,7,3,41,44,341,7,CSE,1
7.86,2,7,8,1,6,92,352,7,MECH,1
8.24,2,1,3,1,3,20,217,5,CSE,1
7.68,1,9,8,3,4,6,228,7,CIVIL,1
8.68,5,3,1,3,99,10,386,1,MECH,1
9.44,6,3,8,1,46,57,452,5,IT,1
9.7,2,0,5,3,27,59,414,5,ECE,1
6.4,0,10,0,0,78,75,236,6,CIVIL,1
5.96,6,8,6,3,42,66,68,7,ECE,1
8.91,0,4,3,3,83,57,446,4,ECE,1
8.15,3,3,3,3,80,54,205,4,CIVIL,1
5.83,3,6,0,1,53,30,280,4,CSE,1
9.83,4,7,5,0,61,91,233,8,MECH,1
9.19,6,4,4,2,93,61,305,1,MECH,1
9.32,3,6,3,0,92,3,126,4,ECE,1
7.55,4,8,4,2,16,56,390,6,MECH,1
7.14,4,5,4,1,89,49,38,5,ECE,1
8.0,3,2,2,2,94,9,262,1,CSE,1
9.08,5,8,6,0,57,23,254,8,IT,1
7.32,4,6,5,2,65,8,402,7,IT,1
8.11,0,9,8,0,17,6,61,8,IT,1
6.8,5,10,8,0,89,91,404,8,CIVIL,1
9.79,3,4,4,0,20,12,38,5,ECE,1
7.78,4,10,2,2,34,48,245,2,CSE,1
5.74,3,10,3,3,64,45,313,6,CSE,1
9.75,4,7,5,0,96,86,375,5,CSE,1
9.76,4,9,3,3,42,85,223,5,CSE,1
9.87,1,6,7,1,95,55,25,7,CIVIL,1
7.27,6,6,8,2,66,54,235,2,IT,1
7.28,2,7,3,1,73,15,47,6,CIVIL,1
7.69,4,4,1,1,22,63,258,4,CSE,1
6.13,1,9,8,3,63,78,9,6,MECH,1
6.73,0,0,1,0,51,42,47,7,CIVIL,1
9.97,4,2,8,0,63,31,217,3,IT,1
9.66,5,7,1,1,90,64,319,8,MECH,1
6.99,4,7,3,0,74,1,105,3,MECH,1
6.4,5,5,8,3,58,89,213,8,MECH,1
5.73,5,10,3,3,70,89,480,8,CSE,1
6.43,1,1,3,0,100,89,40,1,ECE,1
6.71,4,10,0,3,45,0,163,8,CIVIL,1
8.83,4,2,6,2,19,73,298,5,CSE,1
9.4,2,5,3,3,40,8,107,8,CIVIL,1
6.49,0,4,1,1,10,50,174,3,CIVIL,1
9.43,3,9,8,3,22,97,295,6,CSE,1
7.15,6,10,8,1,3,56,216,3,CSE,1
6.54,6,4,5,3,57,83,331,4,MECH,1
6.8,2,10,4,2,24,98,84,7,MECH,1
8.75,5,2,1,0,93,75,261,1,CIVIL,1
7.3,0,2,5,1,82,13,35,7,IT,1
6.72,4,1,5,3,64,60,103,1,ECE,1
7.12,6,8,3,2,10,49,403,1,CSE,1
9.39,5,4,7,2,54,71,467,2,IT,1
7.33,0,9,3,1,58,62,435,1,MECH,1
6.37,0,9,5,1,90,80,44,7,IT,1
9.42,3,7,5,1,47,78,330,2,IT,1
6.4,6,10,3,1,61,34,29,1,IT,1
6.86,3,5,8,1,12,95,409,4,CSE,1
9.5,0,5,7,1,10,10,340,7,ECE,1
5.76,3,5,0,0,90,45,347,6,ECE,1
5.83,6,10,7,1,45,8,69,8,IT,1
7.49,0,10,1,3,18,39,115,5,MECH,1
8.97,4,6,2,2,45,70,40,7,CIVIL,1
6.57,1,5,3,2,2,62,83,6,MECH,1
7.05,4,8,0,3,81,58,127,2,ECE,1
5.94,6,8,5,2,21,34,278,8,MECH,1
5.72,2,7,7,3,29,44,488,5,IT,1
6.97,6,2,3,2,48,65,282,6,CIVIL,1
6.68,1,2,4,0,18,57,100,3,ECE,1
8.0,3,9,5,2,44,38,387,2,MECH,1
8.02,4,0,3,3,78,30,17,7,IT,1
5.58,0,3,6,3,42,1,133,6,ECE,1
9.32,2,9,6,3,31,97,283,5,CIVIL,1
9.24,1,8,8,2,60,66,414,2,ECE,1
6.88,3,9,3,1,30,46,19,7,CSE,1
5.88,3,7,5,0,39,75,148,5,ECE,1
8.75,0,0,5,1,8,15,476,7,CIVIL,1
7.77,0,2,6,0,92,80,421,6,CIVIL,0
7.77,3,8,2,2,31,59,82,2,MECH,1
8.98,2,6,7,2,30,78,172,7,IT,1
6.38,1,0,2,2,14,73,258,5,CSE,1
7.61,2,8,0,1,88,12,72,7,MECH,1
7.86,1,1,7,1,14,95,70,3,ECE,1
8.83,1,3,4,0,6,75,225,5,MECH,1
5.69,0,9,0,0,4,27,290,2,IT,1
5.93,2,8,0,2,95,87,500,6,CSE,1
5.71,2,10,6,2,16,79,173,7,CIVIL,1
7.41,6,8,8,1,75,95,301,8,MECH,1
7.86,2,3,4,2,54,71,389,8,CSE,1
9.03,4,1,1,0,4,44,452,6,ECE,1
8.15,0,5,6,3,49,77,126,5,IT,1
6.93,6,9,5,3,50,14,395,7,MECH,1
8.03,1,10,1,3,76,87,268,5,CIVIL,1
8.54,5,10,5,3,38,80,352,1,CIVIL,1
6.17,5,2,7,0,65,24,146,4,CIVIL,1
9.12,4,3,2,3,84,72,390,3,CIVIL,1
6.8,1,4,1,1,46,95,323,4,CIVIL,1
9.9,4,1,3,0,23,70,23,1,CSE,1
9.96,6,0,8,2,38,93,256,2,MECH,1
7.36,5,3,0,2,77,90,457,1,IT,1
6.25,1,2,8,2,39,54,46,8,MECH,1
9.82,4,6,3,1,37,41,126,6,MECH,1
7.28,3,4,0,1,53,42,299,6,CIVIL,1
8.38,3,1,5,0,34,14,85,7,CSE,1
8.11,3,6,2,2,72,69,219,4,ECE,1
7.56,3,10,5,3,33,77,194,1,IT,1
9.31,6,7,1,1,83,76,273,3,IT,1
8.16,0,1,2,0,40,62,139,6,MECH,1
8.61,0,0,8,1,96,66,112,5,ECE,1
8.33,5,4,3,0,75,48,206,1,MECH,1
7.27,0,1,0,3,32,66,368,5,IT,1
8.96,2,2,4,1,30,86,206,5,CSE,1
5.74,0,6,7,0,13,26,438,4,MECH,1
9.96,5,0,4,0,55,6,113,4,MECH,1
8.69,4,4,3,1,68,36,49,3,CIVIL,1
9.11,6,8,6,0,89,20,175,7,CSE,1
7.84,6,7,6,2,83,99,214,3,CIVIL,1
6.14,2,3,5,0,44,78,234,7,ECE,1
7.13,3,9,3,0,8,21,91,4,IT,1
8.99,2,6,8,0,72,4,456,4,ECE,1
9.15,2,0,3,3,52,27,417,4,CSE,1
9.69,4,6,6,1,57,62,5,3,MECH,1
5.76,5,6,5,3,90,72,201,3,ECE,1
5.53,2,5,5,1,55,61,333,1,ECE,1
7.57,1,0,0,1,98,62,268,7,MECH,1
9.0,3,7,6,2,82,31,48,4,CSE,1
8.1,4,0,8,1,92,61,25,1,ECE,1
6.09,0,3,6,0,66,94,323,5,CSE,1
8.71,3,6,8,2,11,19,107,1,CIVIL,1
8.12,2,5,2,1,73,24,97,6,IT,1
9.01,0,6,3,0,26,48,69,2,MECH,1
9.83,2,0,5,0,75,2,349,5,IT,1
6.3,4,10,6,1,68,20,18,3,CSE,1
6.42,2,3,4,2,63,92,41,5,CIVIL,1
9.34,2,3,3,0,71,24,177,3,ECE,1
5.81,0,0,8,3,19,43,12,2,ECE,1
6.76,0,10,6,1,28,9,332,4,ECE,1
6.64,5,4,8,3,65,21,3,2,CSE,1
6.88,5,7,3,2,58,27,150,7,ECE,1
9.23,6,0,7,1,2,80,44,7,CSE,1
7.61,5,10,5,1,9,5,288,4,ECE,1
9.71,6,0,6,3,6,60,344,8,IT,1
8.07,1,6,3,3,1,48,129,6,IT,1
6.38,3,6,5,1,19,16,318,5,IT,1
9.18,0,4,2,2,28,43,457,2,CIVIL,1
8.71,6,1,4,0,53,9,258,1,CIVIL,1
6.67,3,6,2,3,84,30,15,5,MECH,1
8.15,1,3,1,0,30,23,206,7,IT,1
8.0,0,4,4,1,74,71,21,5,IT,1
9.56,5,5,4,0,75,69,260,7,ECE,1
6.2,0,4,8,3,96,59,34,4,MECH,1
6.36,1,10,6,2,70,64,110,4,MECH,1
7.45,4,9,1,1,14,38,118,2,IT,1
6.55,3,9,4,3,4,77,26,4,ECE,1
9.46,0,3,8,1,40,17,104,4,MECH,1
8.35,0,1,2,1,70,82,164,2,CIVIL,1
9.09,0,8,4,0,50,62,352,8,CIVIL,1
8.77,0,10,7,3,33,17,118,2,IT,1
9.56,6,5,2,3,77,68,225,6,IT,1
9.96,4,1,1,2,86,78,182,8,IT,1
9.36,6,9,0,1,33,32,133,8,CSE,1
7.02,2,10,0,2,20,82,490,8,CIVIL,1
9.93,3,2,6,3,16,11,427,4,CIVIL,1
9.34,2,10,8,1,82,29,176,8,CIVIL,1
9.26,3,8,4,3,32,29,106,7,IT,1
7.64,3,1,4,2,36,99,317,5,IT,1
9.59,0,7,6,3,43,22,158,1,CIVIL,1
6.88,5,8,1,0,10,21,24,5,ECE,1
9.06,2,6,6,3,83,54,147,8,MECH,1
8.34,0,10,3,0,100,27,137,2,IT,1
7.07,3,7,8,1,1,68,486,2,CIVIL,1
7.76,2,4,2,3,17,32,225,8,CSE,1
9.71,1,7,5,0,5,87,376,6,ECE,1
6.95,2,3,8,1,100,70,53,6,IT,1
8.02,3,10,8,1,83,78,359,4,MECH,1
7.45,6,5,5,2,0,40,102,2,CIVIL,1
7.35,6,4,4,1,55,77,163,6,IT,1
7.59,1,10,0,1,51,83,338,4,ECE,1
7.45,4,2,7,0,76,76,49,2,CIVIL,1
9.72,3,3,2,0,20,77,152,6,CSE,1
8.1,4,3,6,3,27,61,365,6,CSE,1
6.13,1,4,6,0,89,57,380,8,IT,1
8.01,1,6,8,2,74,57,170,1,ECE,1
7.06,0,8,4,1,92,41,133,7,MECH,1
7.05,3,4,7,2,74,100,163,3,CSE,1
6.86,0,2,5,3,3,84,149,5,ECE,1
7.14,6,5,6,2,12,16,58,4,IT,1
6.96,3,8,0,3,66,23,269,5,MECH,1
7.97,6,0,7,1,78,84,269,7,IT,1
5.88,5,0,2,0,19,92,395,1,ECE,1
8.73,3,0,4,3,94,12,469,5,ECE,1
9.78,3,2,3,1,56,65,9,1,MECH,1
7.5,5,6,0,2,55,65,104,8,IT,1
9.28,5,7,2,3,96,54,158,8,IT,1
8.28,3,9,0,3,32,54,99,3,CSE,1
6.11,2,5,5,1,94,31,417,3,CIVIL,1
7.49,3,4,8,2,22,5,99,6,CIVIL,1
9.23,6,6,2,1,61,18,105,1,IT,1
5.51,4,6,5,3,42,2,7,6,CIVIL,1
9.17,0,4,1,3,55,80,368,6,CIVIL,1
6.32,4,3,4,0,6,73,435,7,CSE,1
7.03,6,5,4,0,22,54,97,4,CSE,1
8.81,4,3,6,3,10,81,166,6,CIVIL,1
6.93,1,7,4,0,52,43,207,5,MECH,1
8.49,1,4,8,2,85,76,467,5,CIVIL,1
8.46,6,0,3,1,46,83,291,5,CIVIL,1
8.95,2,5,6,0,30,32,417,5,CSE,1
6.01,0,0,6,0,15,81,429,2,ECE,0
6.95,3,3,8,2,33,8,3,3,CSE,1
6.32,4,1,0,1,26,99,62,8,ECE,1
8.96,5,2,3,3,90,13,204,7,ECE,1
7.05,5,1,7,2,3,59,42,2,CIVIL,1
7.88,0,2,7,2,29,15,148,2,IT,1
6.42,5,10,8,2,68,41,64,5,MECH,1
6.2,3,6,3,3,10,46,290,8,CIVIL,1
7.47,6,2,6,1,38,93,425,2,IT,1
7.14,5,3,3,1,29,60,37,2,ECE,1
5.89,0,7,5,3,82,34,490,7,ECE,1
8.12,5,4,4,1,72,70,135,5,MECH,1
6.54,1,10,8,2,36,63,29,5,CIVIL,1
6.71,2,6,5,2,86,31,80,3,IT,1
9.31,1,7,6,2,81,83,373,2,ECE,1
8.67,1,8,4,0,16,40,147,7,IT,1
6.81,6,10,3,2,38,89,3,2,CIVIL,1
8.74,5,3,5,2,1,22,104,7,CSE,1
7.65,4,2,8,1,100,37,131,1,CIVIL,1
8.71,2,1,0,1,68,69,180,6,MECH,0
8.31,4,7,4,3,33,76,371,3,CSE,1
9.16,4,9,8,2,16,100,277,6,CIVIL,1
8.97,0,8,2,1,98,2,282,7,ECE,1
8.98,6,2,1,0,50,68,374,7,ECE,1
6.27,2,3,1,0,27,39,143,6,ECE,1
6.24,3,6,8,2,16,89,236,6,CSE,1
7.99,4,2,6,1,46,24,169,4,CIVIL,1
9.18,4,6,6,3,91,41,115,4,IT,1
5.62,1,1,2,2,2,84,246,8,CIVIL,1
8.7,1,10,3,2,85,19,2,4,CIVIL,1
8.31,6,6,0,3,47,60,66,6,IT,1
6.65,0,5,1,0,18,73,476,8,CIVIL,1
8.66,0,9,3,0,24,54,44,8,IT,1
5.67,3,4,2,2,76,62,309,8,CSE,1
6.19,1,7,1,2,80,40,248,7,CIVIL,1
8.86,4,10,4,1,56,10,465,8,CIVIL,1
6.34,0,7,7,2,84,4,19,6,CIVIL,1
6.77,5,4,2,3,14,99,320,5,IT,1
7.05,4,0,3,1,0,90,188,4,CIVIL,1
7.08,3,2,1,0,34,96,107,3,ECE,0
5.66,3,2,8,2,98,41,159,3,IT,1
6.58,1,9,5,0,27,29,321,8,IT,1
9.14,1,2,3,3,86,51,149,1,MECH,1
6.26,2,2,4,3,66,34,466,5,ECE,1
8.73,4,0,7,1,64,64,458,4,ECE,1
7.51,0,3,7,1,25,41,424,6,ECE,1
9.77,0,8,4,2,82,54,298,6,IT,1
9.84,3,8,2,1,100,58,235,6,CIVIL,1
9.39,0,6,4,0,68,50,418,2,ECE,1
9.97,1,6,1,3,43,26,197,5,IT,1
8.79,1,4,3,1,66,33,405,2,CIVIL,1
5.73,5,7,5,3,44,15,231,8,CSE,1
5.96,5,4,2,3,30,100,332,4,MECH,1
6.83,3,3,6,0,74,96,440,1,ECE,1
7.1,4,2,5,2,99,30,232,8,MECH,1
8.86,0,10,7,0,88,19,489,5,IT,1
7.03,2,6,4,2,83,52,372,3,CIVIL,1
8.93,1,1,7,2,25,92,153,4,CIVIL,1
7.13,4,3,1,0,3,54,55,2,CIVIL,1
9.28,1,3,6,3,96,54,219,2,CIVIL,1
8.52,3,1,8,1,78,16,20,1,CIVIL,1
9.53,2,5,8,2,81,10,181,3,ECE,1
8.37,1,3,1,1,66,66,338,2,IT,1
8.14,0,1,6,3,27,21,116,5,IT,1
6.6,4,0,2,0,24,73,240,7,CIVIL,1
7.91,5,1,1,0,26,24,2,1,ECE,1
9.92,4,3,3,0,63,26,28,1,CSE,1
6.93,3,10,6,1,65,5,253,3,CSE,1
6.41,0,0,1,3,16,81,290,7,MECH,1
9.75,6,6,1,3,27,77,409,7,ECE,1
6.73,3,5,3,2,63,63,63,6,ECE,1
6.99,1,7,4,1,83,78,127,5,CIVIL,1
7.48,2,1,8,2,22,39,485,3,MECH,1
8.14,4,6,0,1,31,2,151,5,IT,1
8.51,5,3,1,2,93,88,286,2,CIVIL,1
9.68,4,10,3,2,49,79,456,3,CSE,1
9.5,6,6,2,1,4,67,27,7,MECH,1
7.07,2,9,1,0,46,9,344,6,ECE,1
8.57,5,9,5,3,73,12,417,2,CSE,1
9.0,1,5,6,3,92,50,56,6,CIVIL,1
9.56,6,6,0,1,18,67,4,6,MECH,1
8.77,3,9,0,2,14,33,32,4,MECH,1
5.56,4,7,3,3,30,18,276,6,MECH,1
7.14,2,6,2,1,99,62,213,8,ECE,1
8.09,3,10,0,0,34,36,295,7,CSE,1
7.79,2,0,2,3,80,76,57,3,MECH,1
9.04,2,9,0,0,93,31,184,3,CIVIL,1
9.24,2,7,5,2,34,76,465,8,CIVIL,1
7.68,2,10,8,3,83,48,173,4,ECE,1
7.32,5,0,7,1,70,78,153,6,CIVIL,1
6.88,6,8,4,1,12,78,443,3,CSE,1
8.18,0,9,7,2,33,13,176,1,CIVIL,1
6.99,2,10,4,2,94,9,278,2,CIVIL,1
6.09,0,2,6,3,15,2,426,5,CIVIL,1
7.01,5,8,6,3,0,92,88,1,ECE,1
8.91,0,8,8,1,64,3,220,2,CIVIL,1
7.91,4,5,7,0,5,99,191,7,MECH,1
6.86,1,6,1,1,85,50,477,6,ECE,1
7.57,4,5,1,1,9,83,12,2,CIVIL,1
9.79,6,4,8,1,6,33,372,2,MECH,1
8.2,3,6,4,2,61,98,39,5,IT,1
7.48,1,9,6,0,63,3,247,4,IT,1
7.5,0,4,3,0,87,4,353,2,ECE,1
8.7,2,7,5,3,72,78,389,3,CIVIL,1
6.81,6,5,2,1,79,6,94,7,MECH,1
5.79,2,0,0,3,95,81,40,8,IT,1
9.68,5,3,6,3,69,18,308,5,ECE,1
5.86,4,10,3,3,61,82,130,4,CIVIL,1
9.44,1,2,2,2,93,97,270,6,IT,1
7.98,3,9,6,2,17,94,107,2,CIVIL,1
7.16,5,7,3,1,83,61,228,8,ECE,1
6.7,2,4,2,3,9,55,367,2,CSE,1
7.53,3,0,0,1,27,12,283,6,IT,1
8.99,4,3,4,3,55,50,5,3,MECH,1
7.73,1,8,2,2,67,46,115,1,CSE,1
7.37,0,9,7,1,69,5,184,4,CIVIL,1
6.71,0,4,0,1,71,49,487,5,ECE,1
8.06,3,4,0,0,9,98,104,4,MECH,1
5.77,3,8,1,2,14,52,22,6,CIVIL,1
6.36,4,9,6,2,88,5,87,7,ECE,1
8.82,0,5,3,1,8,58,366,4,ECE,1
7.83,3,8,6,2,60,68,278,8,CIVIL,1
9.84,1,10,2,1,73,9,398,8,CSE,1
6.73,4,7,2,1,76,55,73,5,ECE,1
7.55,6,10,2,1,95,62,341,7,CSE,1
9.69,5,9,7,3,59,64,337,1,MECH,1
9.73,3,8,1,3,89,60,383,5,CSE,1
7.61,5,2,1,0,93,40,97,7,CSE,1
9.77,4,3,6,2,2,5,413,3,CIVIL,1
9.67,1,2,3,1,82,87,403,4,MECH,1
8.93,6,3,4,0,82,26,86,8,ECE,1
9.85,5,0,0,1,2,54,119,2,IT,1
6.85,1,7,5,3,100,45,368,3,MECH,1
6.58,6,6,2,3,81,9,269,5,MECH,1
7.89,0,7,4,3,35,19,190,4,IT,1
9.54,0,3,6,1,49,69,90,3,CIVIL,1
5.59,3,5,5,3,95,77,235,8,IT,1
8.69,0,4,3,0,22,76,299,1,IT,1
9.18,2,6,3,2,13,70,389,2,CIVIL,1
6.75,1,3,2,0,41,65,44,2,MECH,1
7.75,0,5,2,2,89,26,281,5,ECE,1
6.35,0,5,8,2,63,77,106,7,CSE,1
6.81,0,0,8,1,64,31,335,5,CIVIL,1
6.11,2,1,8,0,44,95,31,5,CIVIL,1
9.57,5,2,0,0,53,69,126,3,IT,1
5.73,1,1,0,3,18,27,81,5,IT,0
9.09,2,2,1,3,59,3,201,7,CSE,1
5.9,5,8,2,2,62,51,256,2,MECH,1
8.44,2,0,5,0,41,69,453,6,CIVIL,1
8.24,4,6,7,0,29,95,93,5,CSE,1
6.48,2,6,7,2,63,22,414,4,CIVIL,1
9.98,5,8,5,3,68,91,36,7,ECE,1
9.59,5,5,5,0,7,59,185,6,IT,1
8.02,5,3,8,3,96,25,462,5,CSE,1
5.64,2,10,5,2,84,49,120,6,IT,1
6.52,4,3,2,3,20,12,126,4,MECH,1
6.16,3,6,6,2,57,22,447,6,ECE,1
5.57,2,6,1,2,85,25,156,2,CSE,1
9.42,1,3,8,0,41,51,6,5,CIVIL,1
9.89,1,6,5,3,66,29,283,4,CSE,1
6.99,0,10,4,2,23,34,239,8,ECE,1
8.73,1,8,2,1,73,5,367,8,MECH,1
9.86,1,5,8,3,7,44,176,3,CSE,1
7.94,3,1,3,2,21,98,221,7,MECH,1
9.68,0,9,2,2,16,58,164,1,MECH,1
7.48,2,2,6,1,60,97,183,5,CSE,1
7.5,0,0,4,3,98,88,78,8,CIVIL,1
8.08,0,10,4,2,47,85,112,1,CSE,1
9.39,6,1,2,3,97,55,346,5,CIVIL,1
7.38,6,3,6,0,56,18,428,8,CSE,1
6.29,5,0,2,2,52,35,241,6,MECH,1
9.1,6,10,8,2,19,65,235,4,CIVIL,1
5.64,3,7,5,1,29,34,384,4,IT,1
8.22,1,9,4,3,48,3,295,6,ECE,1
7.53,0,9,4,1,72,74,258,1,ECE,1
6.29,0,4,5,2,77,73,54,6,CSE,1
8.56,4,5,4,3,29,13,33,6,ECE,1
5.65,4,0,0,3,26,1,352,4,MECH,1
9.48,2,9,6,3,54,77,20,2,ECE,1
7.7,0,3,7,1,41,76,272,6,ECE,1
5.79,2,5,7,3,5,78,484,2,IT,1
9.46,1,5,3,1,18,56,375,8,IT,1
8.06,4,5,1,3,47,94,269,5,CIVIL,1
6.95,1,6,8,2,45,7,58,5,CSE,1
6.69,4,8,3,2,44,85,178,5,IT,1
8.28,5,0,0,3,15,0,342,5,CIVIL,1
6.68,6,5,0,2,25,66,412,5,CIVIL,1
6.82,5,1,4,3,94,6,275,5,CSE,1
7.84,4,3,7,2,75,55,19,1,CSE,1
9.26,6,9,3,2,14,10,386,7,ECE,1
8.64,1,0,7,0,30,66,17,8,IT,1
8.86,0,7,5,3,71,84,311,6,IT,1
7.15,6,8,0,3,79,7,496,4,CSE,1
7.51,6,8,4,2,69,52,291,1,IT,1
7.62,5,0,2,0,54,8,292,3,CSE,1
5.99,4,4,0,2,12,93,41,2,CIVIL,1
7.11,3,3,7,3,94,55,389,6,CIVIL,1
8.7,4,7,2,2,42,94,303,6,ECE,1
9.62,4,6,6,1,68,1,46,3,IT,1
8.43,2,7,4,2,63,49,141,1,CSE,1
7.19,1,4,1,0,39,9,67,6,ECE,1
6.83,4,3,2,2,63,85,88,8,CIVIL,1
7.45,4,10,3,1,56,3,105,8,IT,1
6.41,5,10,2,2,24,56,362,1,ECE,1
6.29,3,0,4,0,55,5,70,1,ECE,1
9.6,0,6,5,2,92,83,166,4,CIVIL,1
6.32,0,1,7,0,17,1,489,8,MECH,1
7.69,0,7,4,1,42,2,320,8,IT,1
9.84,5,3,6,1,3,23,229,1,CIVIL,1
8.96,5,3,2,1,70,4,19,7,CIVIL,1
8.41,2,7,8,0,42,25,496,4,MECH,1
9.15,0,8,4,2,43,15,223,5,CIVIL,1
9.09,1,6,1,2,100,0,316,6,IT,1
9.12,3,3,0,3,42,26,122,4,ECE,1
8.93,6,10,0,1,36,82,330,5,MECH,1
9.49,6,1,1,0,91,93,242,6,MECH,1
9.93,0,1,6,3,77,50,207,3,MECH,1
7.05,4,7,0,3,74,87,59,2,CIVIL,1
9.66,3,9,8,0,20,85,137,7,ECE,1
6.21,2,0,7,2,66,75,165,1,MECH,1
9.57,0,9,6,1,98,25,121,6,MECH,1
7.39,6,4,3,0,93,74,213,4,MECH,1
9.64,4,5,8,2,22,10,32,7,ECE,1
7.11,1,5,0,2,73,88,59,3,MECH,1
6.46,5,3,2,3,77,38,249,2,CIVIL,1
8.16,1,0,8,2,23,98,174,5,CIVIL,1
7.24,6,2,7,1,12,57,405,1,MECH,1
9.65,3,3,1,0,93,97,465,8,ECE,1
7.66,3,6,4,0,30,92,492,4,CSE,1
5.77,4,6,0,2,89,3,199,8,CIVIL,1
9.01,2,8,6,1,95,16,143,5,MECH,1
6.11,4,7,3,3,61,68,96,5,IT,1
9.02,6,8,1,1,43,99,409,7,MECH,1
6.74,3,5,1,3,3,74,329,6,ECE,1
7.32,6,3,1,3,35,100,46,7,ECE,1
5.64,5,7,4,2,89,21,110,7,ECE,1
9.79,1,6,8,2,89,65,13,5,IT,1
7.38,1,4,5,2,41,98,148,5,CSE,1
7.15,3,0,3,0,13,24,291,7,CSE,1
9.2,5,6,3,3,94,88,39,7,CSE,1
9.94,3,8,3,0,34,10,431,3,ECE,1
8.03,4,9,2,1,90,66,134,7,IT,1
10.0,6,7,0,0,16,49,446,8,ECE,1
9.1,2,10,5,3,84,55,212,1,ECE,1
8.18,2,3,7,1,67,99,359,7,IT,1
7.1,6,2,2,2,25,36,206,8,ECE,1
6.13,3,8,4,0,71,16,369,4,CSE,1
6.37,1,6,7,2,52,61,265,6,CIVIL,1
6.41,0,9,2,1,64,60,477,4,CIVIL,1
6.13,4,5,7,1,12,35,208,8,CIVIL,1
6.47,6,0,3,1,23,9,408,8,CIVIL,1
6.42,0,9,8,0,31,79,115,2,ECE,1
6.1,1,4,8,0,83,35,47,3,CSE,1
6.82,1,0,5,3,90,17,421,7,MECH,1
5.76,6,9,8,3,57,8,43,1,IT,1
5.86,4,8,3,0,17,93,31,3,IT,1
6.38,3,1,6,2,77,67,16,6,ECE,1
9.57,3,6,2,3,18,57,68,2,MECH,1
9.16,6,4,1,1,28,55,254,2,ECE,1
6.11,2,8,6,0,46,96,324,5,CSE,1
8.85,3,1,1,3,92,23,205,6,IT,1
9.41,4,0,6,3,8,15,300,7,CIVIL,1
6.17,4,9,6,1,23,82,238,6,CSE,1
7.02,1,3,0,3,61,1,211,3,IT,1
6.51,4,1,2,0,55,100,308,3,CSE,1
8.57,4,6,7,1,6,32,400,2,MECH,1
6.89,3,1,2,1,22,78,470,5,CIVIL,1
8.29,1,7,8,3,7,38,318,7,ECE,1
7.12,2,3,6,3,21,15,106,7,CSE,1
7.01,3,4,5,0,43,77,194,8,MECH,1
7.6,4,3,1,0,5,54,163,5,CIVIL,1
9.46,5,4,4,1,44,15,252,7,MECH,1
9.23,0,2,8,1,32,84,430,2,MECH,1
9.36,0,0,0,2,41,93,180,4,CIVIL,1
8.14,3,8,0,2,85,8,67,7,IT,1
9.86,0,0,8,1,38,42,483,3,CIVIL,1
8.16,0,9,5,0,22,91,320,3,CSE,1
6.71,4,8,3,1,28,15,152,1,CSE,1
9.09,0,1,7,2,32,8,135,2,CIVIL,1
7.83,3,5,3,1,38,32,330,8,CIVIL,1
7.37,0,5,5,2,3,76,357,5,ECE,1
6.05,6,2,5,0,30,94,407,2,MECH,1
7.21,3,6,4,3,19,95,234,6,CSE,1
9.73,0,2,0,2,90,74,319,4,IT,1
7.69,6,5,2,1,13,44,14,6,ECE,1
5.79,2,10,0,0,32,13,236,7,MECH,1
8.37,3,9,8,3,62,44,413,1,IT,1
7.87,1,3,5,3,81,18,390,4,CSE,1
6.12,2,7,0,2,17,32,169,8,MECH,1
7.86,3,0,7,1,90,85,76,2,CSE,1
9.47,6,5,0,3,2,80,207,4,IT,1
8.4,1,7,6,3,58,51,446,3,ECE,1
7.73,6,1,7,0,85,63,25,1,IT,1
8.74,6,6,6,3,76,68,181,5,IT,1
5.65,6,2,2,0,15,78,361,5,IT,1
7.05,2,7,8,3,26,66,215,6,ECE,1
7.76,3,5,1,1,11,87,30,7,CIVIL,1
7.88,4,6,6,2,44,76,358,1,ECE,1
6.49,4,0,6,0,69,20,448,6,IT,1
6.32,3,1,4,0,38,3,52,4,CSE,1
8.55,5,9,3,2,27,37,138,2,CSE,1
8.14,6,7,5,1,6,58,138,2,IT,1
6.68,5,7,7,1,71,60,72,2,CSE,1
9.85,1,8,6,2,8,9,275,5,MECH,1
9.2,2,0,3,0,57,84,70,1,CIVIL,1
9.34,0,5,0,3,18,79,351,7,MECH,1
9.77,1,6,8,0,19,24,53,8,ECE,1
9.32,2,6,4,3,22,13,345,6,ECE,1
6.63,6,8,5,2,87,10,444,6,CIVIL,1
6.76,3,3,4,0,51,12,98,8,ECE,1
6.03,5,4,7,3,4,61,3,3,CIVIL,1
5.61,3,2,3,3,8,11,484,1,CSE,0
9.24,3,7,0,1,41,76,402,3,CIVIL,1
7.11,2,8,8,1,52,89,42,2,CSE,1
5.98,2,2,8,0,16,70,486,4,CIVIL,1
8.93,5,1,3,1,3,16,113,2,CSE,1
8.07,4,0,7,3,5,60,296,1,MECH,1
8.95,0,2,1,2,24,88,350,5,CIVIL,1
7.99,0,2,2,3,58,48,73,2,MECH,1
7.02,3,0,6,2,88,11,313,1,CSE,1
8.64,0,0,0,3,85,73,288,4,IT,1
7.05,6,1,5,1,98,3,107,2,ECE,1
7.83,6,7,5,2,36,58,335,8,MECH,1
5.85,2,6,8,3,26,87,259,3,CIVIL,1
7.86,0,2,2,3,34,18,416,4,CIVIL,0
8.02,6,10,1,0,12,7,103,4,MECH,1
8.62,0,1,6,2,38,66,173,6,CIVIL,1
7.35,1,10,2,3,77,79,482,8,CIVIL,1
9.82,4,4,8,3,28,56,60,3,CSE,1
6.08,0,1,1,3,18,71,55,3,IT,1
7.69,0,5,3,3,35,6,61,4,CIVIL,1
7.22,2,3,5,3,32,20,186,8,CSE,1
7.82,0,0,6,0,48,67,416,4,MECH,1
6.41,4,5,4,3,72,93,371,7,ECE,1
8.77,3,1,7,2,21,61,377,3,MECH,1
9.1,4,6,1,0,91,91,89,2,CSE,1
5.55,6,10,7,3,2,53,60,2,ECE,1
8.63,2,0,8,2,92,0,394,4,MECH,1
9.53,2,10,7,3,62,55,270,3,CSE,1
9.05,5,3,1,2,73,17,464,5,CIVIL,1
8.92,5,4,4,1,91,87,295,2,IT,1
8.98,0,1,2,2,24,65,108,7,MECH,1
8.42,4,8,4,2,60,59,457,3,MECH,1
8.39,4,5,7,2,29,61,214,6,MECH,1
6.36,1,5,2,1,94,72,429,2,IT,1
7.4,5,0,4,0,53,64,483,3,CSE,1
6.18,1,2,7,0,60,2,430,4,CSE,1
8.82,4,5,3,0,26,15,357,1,CSE,1
8.93,4,0,3,0,50,32,399,4,CIVIL,1
6.03,3,9,7,0,47,4,149,5,ECE,1
9.85,2,9,4,0,64,95,134,7,ECE,1
8.44,5,2,2,3,46,65,463,1,ECE,1
6.71,6,10,7,0,46,28,466,4,CIVIL,1
7.94,1,4,7,1,28,91,58,8,MECH,1
5.93,3,9,0,2,75,15,244,1,MECH,1
8.28,2,8,4,1,26,61,226,2,CSE,1
5.73,4,10,3,2,33,60,338,3,MECH,1
9.22,4,0,3,3,33,31,241,4,MECH,1
8.53,3,5,7,1,47,82,488,7,IT,1
9.64,4,1,6,2,48,75,119,4,CIVIL,1
9.45,0,4,7,3,15,63,138,6,MECH,1
7.5,5,9,3,0,52,67,168,7,CSE,1
6.35,0,3,0,0,75,90,359,7,CSE,1
7.85,4,8,8,1,84,80,331,1,CSE,1
7.54,6,9,6,0,34,87,96,1,IT,1
6.59,3,5,5,1,49,89,369,6,CSE,1
6.01,6,4,1,2,73,24,462,6,IT,1
8.25,5,1,0,1,37,47,376,4,MECH,1
5.72,5,1,4,3,44,26,399,2,ECE,1
7.43,5,3,2,3,21,41,34,1,CSE,1
9.07,2,4,7,2,67,85,66,3,ECE,1
6.46,3,6,7,1,42,19,368,3,IT,1
8.92,1,2,8,0,62,0,98,1,CIVIL,1
7.44,6,7,8,0,67,28,281,5,CSE,1
7.94,2,5,2,2,91,42,260,3,CSE,1
8.21,3,5,5,3,61,43,177,1,MECH,1
9.11,3,8,0,3,53,54,348,6,ECE,1
9.18,5,0,3,1,2,64,84,6,CIVIL,1
7.91,0,10,8,2,70,64,288,8,IT,1
6.71,5,8,3,0,87,8,9,6,ECE,1
9.88,4,8,7,2,25,99,441,5,ECE,1
8.36,0,3,8,0,4,22,421,4,IT,1
8.24,6,5,5,3,44,91,297,2,CIVIL,1
8.08,5,4,8,2,68,21,398,5,MECH,1
7.69,5,9,1,0,48,94,162,8,MECH,1
5.9,5,1,7,3,26,84,365,7,CSE,1
7.81,6,10,4,1,48,77,47,1,ECE,1
8.46,0,1,3,0,54,4,142,2,CIVIL,1
9.15,6,7,7,3,17,36,385,7,IT,1
7.02,2,0,1,2,51,72,295,6,IT,1
8.88,4,9,2,2,90,87,481,5,CIVIL,1
5.65,3,5,5,2,80,21,240,3,CIVIL,1
9.97,2,4,4,1,3,52,479,6,ECE,1
9.39,4,0,2,2,53,43,258,1,MECH,0
7.17,1,10,8,1,98,97,404,2,ECE,1
7.58,1,0,4,3,49,49,322,4,CSE,1
7.32,1,8,4,2,51,75,180,8,CSE,1
7.4,4,7,1,1,67,12,375,1,CIVIL,1
8.16,6,0,5,1,56,48,381,6,IT,1
6.17,5,9,3,2,57,66,220,2,CIVIL,1
6.38,4,2,2,3,55,93,310,7,ECE,1
6.96,2,9,4,0,64,61,429,3,ECE,1
6.69,1,5,7,1,50,0,138,3,IT,1
9.11,4,2,7,2,100,41,242,4,ECE,1
7.61,0,1,5,3,34,37,481,1,CIVIL,1
6.58,6,2,8,0,55,47,127,7,CSE,1
6.17,5,4,2,1,94,45,180,3,CSE,1
7.46,6,8,1,3,54,2,316,8,MECH,1
5.66,2,1,8,1,35,66,297,5,CSE,1
7.33,4,4,3,2,96,56,26,5,IT,1
7.36,6,0,6,0,90,93,379,1,ECE,1
7.59,5,2,1,0,13,75,463,7,CIVIL,1
6.89,5,10,2,1,48,15,279,2,ECE,1
7.2,1,3,8,0,93,14,8,4,CSE,1
6.47,6,1,3,0,62,68,298,5,IT,1
6.81,1,4,8,2,8,54,487,5,CIVIL,1
8.85,2,8,0,0,3,53,441,4,CIVIL,0
8.28,6,4,6,1,26,26,94,4,CIVIL,1
7.54,1,3,3,2,90,82,395,5,CIVIL,1
6.29,1,3,4,2,0,84,120,1,ECE,1
5.54,0,8,5,3,88,82,84,1,CSE,1
7.75,0,10,7,0,11,40,126,3,MECH,1
6.5,0,5,0,1,5,18,424,5,ECE,0
8.98,3,4,1,1,95,73,113,2,IT,1
5.62,4,2,6,1,60,54,283,1,MECH,1
9.44,3,9,8,3,18,32,269,2,MECH,1
8.66,3,5,1,3,0,42,413,5,CSE,1
8.43,2,6,3,0,7,86,265,8,CSE,0
9.45,1,0,5,2,69,99,248,5,CSE,1
7.37,6,9,6,0,83,16,241,2,CSE,1
7.8,4,3,7,3,10,20,50,6,CSE,1
9.69,3,5,6,0,26,55,380,5,ECE,1
5.93,6,3,6,1,7,31,210,8,ECE,1
6.63,4,7,2,1,13,68,185,8,CSE,1
8.11,0,7,2,2,15,51,274,4,IT,1
9.06,0,4,4,1,62,3,97,3,IT,1
8.91,2,6,3,0,49,70,135,6,MECH,1
9.07,2,2,3,1,77,1,45,8,MECH,1
9.13,0,2,5,3,27,46,124,1,ECE,1
5.52,0,6,4,2,28,16,306,2,ECE,1
9.52,0,3,4,2,78,42,55,2,CSE,1
8.84,3,9,2,3,26,20,299,8,CSE,1
7.61,5,5,7,2,51,56,173,8,MECH,1
6.31,5,2,4,2,82,54,151,1,CIVIL,1
5.9,1,4,5,3,34,35,100,8,ECE,1
9.8,4,2,5,3,32,80,491,1,MECH,1
6.07,0,0,3,2,54,60,319,6,CSE,1
6.25,4,2,8,3,6,24,223,3,CSE,1
8.05,4,8,7,0,99,16,0,6,MECH,1
6.03,4,9,7,0,89,85,80,3,ECE,1
6.86,0,9,4,1,9,1,128,3,CIVIL,1
7.51,4,10,3,3,97,67,447,1,CIVIL,1
8.19,0,10,0,0,16,100,408,7,IT,1
8.08,0,4,2,2,91,81,97,5,ECE,1
5.87,5,5,8,3,76,30,156,8,CSE,1
7.42,2,4,6,1,24,59,476,4,CIVIL,1
5.82,5,8,6,2,14,90,192,8,MECH,1
5.67,3,4,7,1,97,48,297,4,CSE,1
8.45,2,10,6,1,0,36,483,8,IT,1
8.14,2,1,2,3,45,4,441,7,CIVIL,1
9.8,2,3,6,2,78,26,383,3,CIVIL,1
6.71,4,10,4,2,91,35,471,4,MECH,1
9.55,1,0,1,1,2,75,499,5,ECE,1
9.09,0,3,2,0,74,6,323,3,MECH,1
8.71,0,1,7,2,40,10,147,4,CIVIL,1
7.59,3,6,1,3,76,50,298,4,CIVIL,1
7.25,3,8,0,1,45,61,303,1,ECE,1
7.05,1,1,4,2,69,45,312,5,ECE,1
7.71,4,8,7,3,50,15,227,5,CIVIL,1
7.04,0,0,0,2,50,78,139,4,CSE,1
7.42,4,2,4,0,11,69,259,5,MECH,1
9.08,0,4,2,1,59,57,97,6,CIVIL,1
8.36,5,3,2,0,81,38,319,5,MECH,1
5.56,5,5,7,3,8,66,62,1,CIVIL,1
5.92,5,3,7,1,72,7,374,4,MECH,1
7.81,3,0,7,2,79,1,490,8,MECH,1
7.84,4,8,6,3,82,55,120,5,CIVIL,1
7.64,5,9,0,1,75,2,357,6,CIVIL,1
7.34,4,2,7,0,28,55,192,6,ECE,1
9.98,5,6,3,0,14,72,57,1,CSE,1
5.54,0,8,4,1,97,85,265,4,CIVIL,1
7.41,4,7,1,1,0,17,270,1,IT,1
9.39,0,1,2,0,99,15,461,8,IT,1
7.15,3,6,3,2,36,93,107,4,MECH,1
6.79,1,3,2,3,21,81,63,8,ECE,1
6.83,3,4,0,0,100,91,406,8,IT,1
7.95,1,7,1,3,18,57,84,5,IT,1
8.6,6,0,4,0,48,49,247,2,MECH,1
9.2,0,1,1,3,37,30,268,8,ECE,1
9.48,6,0,3,1,88,84,500,7,MECH,1
7.26,5,2,3,1,24,84,426,1,CSE,1
9.45,6,6,7,2,22,13,52,8,ECE,1
8.8,2,7,8,0,60,40,257,7,CSE,1
9.77,0,10,5,0,17,4,54,2,ECE,1
6.03,5,3,5,0,53,71,195,6,ECE,1
7.55,3,0,3,3,21,54,80,3,MECH,1
8.73,5,1,2,3,71,84,340,7,ECE,1
9.55,1,8,7,2,9,12,245,1,CIVIL,1
7.5,5,8,7,3,4,37,175,2,CSE,1
6.65,6,2,8,1,43,55,305,4,IT,1
7.21,3,6,5,2,34,50,100,6,CSE,1
7.01,4,3,1,1,60,42,372,1,IT,1
9.37,2,5,0,2,85,19,36,5,CIVIL,1
7.11,1,5,1,3,8,87,196,5,CSE,1
8.43,3,9,1,3,95,71,45,8,MECH,1
8.5,3,0,6,3,73,17,236,7,CIVIL,1
7.91,0,5,0,3,10,80,145,2,CSE,1
8.78,0,2,6,1,36,88,176,3,CSE,1
9.5,1,7,3,3,49,91,471,8,MECH,1
7.9,2,10,4,0,97,67,92,2,ECE,1
9.24,1,2,1,3,4,95,325,1,MECH,1
5.72,1,8,2,1,54,19,59,2,CSE,1
7.82,6,3,2,0,44,13,476,2,ECE,1
9.75,6,5,1,0,63,97,124,2,MECH,1
9.95,5,6,8,3,88,19,124,8,MECH,1
7.15,2,0,8,2,62,91,2,7,CSE,1
6.28,3,2,6,3,91,22,209,2,CIVIL,1
6.03,6,8,4,1,57,61,414,2,CSE,1
9.48,6,5,3,0,19,88,94,3,CIVIL,1
9.4,4,0,6,1,43,26,112,6,IT,1
8.63,1,5,4,2,19,11,350,8,CSE,1
9.15,1,4,0,3,31,30,66,5,MECH,1
8.91,3,3,4,2,30,27,150,4,IT,1
5.91,1,10,4,2,32,62,459,4,MECH,1
7.54,0,6,3,1,73,94,208,1,CSE,1
9.79,5,8,1,2,67,60,398,4,ECE,1
8.98,5,1,5,1,19,34,62,7,IT,1
6.07,0,6,2,2,36,27,486,7,IT,1
9.99,3,3,0,1,31,37,0,2,CIVIL,1
6.48,0,2,3,3,39,33,402,2,MECH,1
9.4,4,5,4,1,39,43,116,2,MECH,1
9.15,2,7,7,3,59,21,41,1,CIVIL,1
6.07,6,0,8,3,99,84,52,3,MECH,1
6.07,3,4,3,2,12,86,237,4,IT,1
5.71,1,9,8,1,27,69,39,6,ECE,1
9.04,5,2,3,3,92,44,60,3,ECE,1
8.28,1,7,5,1,68,49,227,4,ECE,1
7.56,0,9,6,0,1,96,212,5,CIVIL,1
8.84,1,4,6,2,56,30,485,4,CIVIL,0
6.06,0,8,6,2,98,57,431,7,CSE,1
7.92,0,10,4,1,46,11,144,4,IT,1
9.56,3,9,4,2,63,97,319,7,CSE,1
7.75,0,9,3,0,55,28,163,7,CIVIL,1
7.9,4,1,4,0,64,56,252,1,CSE,1
6.03,0,1,8,1,97,73,187,5,CIVIL,1
5.53,5,4,5,3,8,41,470,8,ECE,1
9.22,4,10,3,0,73,80,133,8,ECE,1
9.53,2,5,0,1,43,36,148,7,CIVIL,1
6.47,5,6,5,0,17,43,413,8,MECH,1
9.07,5,5,6,2,88,52,143,4,CIVIL,1
7.04,4,4,0,0,59,14,264,6,MECH,1
8.75,1,1,5,0,29,23,76,7,MECH,1
7.71,1,10,4,2,99,91,390,7,CSE,1
8.96,2,3,1,2,47,43,74,4,CIVIL,1
8.19,4,0,7,3,22,74,140,2,MECH,1
7.04,3,9,8,3,44,30,4,5,CSE,1
5.65,3,2,5,0,99,89,3,7,CSE,1
6.3,1,9,0,0,16,41,410,4,IT,1
6.01,1,3,0,1,81,24,435,6,CSE,1
9.24,1,10,7,0,36,63,206,2,CIVIL,1
5.95,2,4,3,0,91,77,12,4,CSE,1
8.32,5,5,0,0,74,35,355,5,MECH,1
8.93,4,10,1,3,73,20,181,6,CSE,1
7.66,3,4,7,2,29,14,124,5,CIVIL,1
8.29,4,10,4,3,43,2,304,6,CIVIL,1
7.09,6,6,6,1,77,26,13,6,ECE,1
6.34,2,0,5,3,91,84,380,3,ECE,1
9.33,6,6,8,3,20,34,105,6,ECE,1
6.28,4,6,0,0,46,15,100,1,MECH,1
6.65,4,5,7,3,34,54,289,2,ECE,1
5.65,2,2,1,1,31,42,61,8,ECE,1
6.97,4,10,3,3,3,67,472,3,ECE,1
6.53,2,5,4,3,71,35,364,4,CIVIL,1
7.48,6,2,1,1,50,89,51,8,CIVIL,1
7.76,4,9,7,3,88,49,90,3,CSE,1
6.3,5,10,2,1,3,24,39,1,CIVIL,1
9.0,2,1,3,2,62,87,351,2,MECH,1
7.04,5,7,2,2,43,35,208,7,ECE,1
7.91,1,5,5,3,30,74,460,4,ECE,1
9.11,4,2,2,0,24,31,337,5,ECE,1
7.12,3,0,2,2,67,52,267,8,ECE,1
5.82,3,0,2,2,78,50,371,3,CIVIL,1
9.97,5,6,8,3,29,28,374,1,MECH,1
9.9,6,6,0,2,32,92,212,1,CSE,1
5.85,0,5,8,0,22,94,99,2,IT,1
9.88,4,6,0,1,89,35,9,6,IT,1
6.42,1,3,3,2,71,48,5,7,IT,1
7.18,1,10,8,1,11,72,46,7,MECH,1
7.69,6,1,7,2,64,84,424,1,CSE,1
8.75,5,8,2,2,45,68,160,6,IT,1
8.68,6,5,6,1,41,52,172,2,CIVIL,1
6.8,3,4,0,1,81,45,380,3,CSE,1
7.83,3,0,3,1,93,55,358,1,MECH,1
9.66,6,10,2,3,45,33,410,5,ECE,1
7.38,0,6,1,3,33,57,135,7,CIVIL,1
6.16,0,5,1,3,53,20,190,3,CIVIL,1
9.92,0,8,5,0,44,6,153,2,CIVIL,1
8.68,3,2,5,0,21,73,245,8,ECE,1
9.78,6,6,2,1,5,24,458,4,MECH,1
6.33,0,1,0,2,64,20,286,5,IT,1
6.74,3,10,7,3,88,66,207,1,CIVIL,1
7.23,1,0,8,2,0,100,420,6,CSE,1
6.62,0,2,0,3,70,56,410,2,IT,1
9.76,6,5,4,1,66,54,441,2,ECE,1
6.63,5,5,3,3,33,31,48,2,IT,1
9.57,0,8,0,3,19,71,194,6,IT,1
7.78,4,10,5,1,84,93,338,2,CIVIL,1
8.15,1,8,0,2,22,50,218,5,CIVIL,1
8.01,5,4,0,2,37,0,257,5,CSE,1
8.09,2,5,0,1,38,29,87,3,IT,1
9.52,3,4,3,2,82,69,461,7,MECH,1
9.53,4,3,3,2,60,12,301,7,CIVIL,1
7.78,0,2,7,2,39,34,490,4,IT,1
5.68,4,6,0,0,43,10,176,6,ECE,0
9.16,5,2,4,2,99,18,130,8,ECE,1
9.8,2,0,8,2,78,88,76,3,MECH,1
8.73,3,5,7,3,75,7,358,5,CIVIL,1
6.4,5,9,3,1,29,3,55,8,IT,1
9.04,1,5,3,0,24,48,385,2,CIVIL,1
8.22,1,10,7,2,22,48,383,1,CIVIL,1
8.44,0,0,5,2,13,9,313,8,IT,1
7.35,2,0,5,2,5,88,264,5,CIVIL,1
9.68,2,8,4,2,51,51,55,1,IT,1
5.74,5,6,7,3,15,69,139,4,CSE,1
8.49,6,3,5,1,79,28,296,8,CIVIL,1
7.13,0,8,7,0,86,42,492,3,CIVIL,1
7.45,2,3,0,2,76,22,455,7,ECE,1
7.15,6,2,2,2,82,94,273,8,ECE,0
6.86,0,6,4,0,70,33,326,2,MECH,1
9.13,3,0,8,1,9,58,480,3,CSE,1
7.54,6,5,8,3,14,88,379,2,CIVIL,1
6.93,4,4,0,3,80,69,174,8,MECH,1
5.91,2,3,8,3,51,79,122,7,ECE,1
5.97,6,4,8,0,41,94,76,7,ECE,1
9.92,1,9,2,3,58,73,228,5,MECH,1
9.53,1,0,6,1,15,54,274,6,ECE,1
8.76,1,4,3,0,55,26,492,1,MECH,1
7.42,0,4,5,3,84,93,174,8,IT,1
9.38,4,8,4,3,71,37,52,5,IT,1
6.23,5,4,2,3,41,10,326,2,MECH,1
9.54,5,5,8,3,96,18,243,7,ECE,1
8.27,6,6,6,2,44,46,101,2,CIVIL,1
6.76,4,0,0,0,27,100,479,3,IT,1
6.97,3,9,3,2,31,16,29,3,CSE,1
9.47,6,8,6,1,63,28,174,2,IT,1
8.07,6,8,4,3,43,64,239,1,IT,1
8.01,4,1,0,3,90,98,409,1,ECE,1
7.41,0,5,5,1,58,73,36,7,IT,1
7.97,6,1,8,3,98,67,101,8,CSE,1
6.76,4,2,7,1,49,88,456,7,CIVIL,1
7.17,3,7,6,2,1,39,437,3,ECE,1
6.25,3,1,1,1,60,31,441,1,CSE,1
9.73,6,4,4,1,8,6,137,4,MECH,1
5.77,5,7,6,1,23,47,235,2,MECH,1
9.54,5,2,8,3,62,11,58,8,ECE,1
9.71,1,4,4,3,49,67,345,6,IT,1
6.44,4,1,3,2,49,12,198,1,ECE,1
7.07,2,3,3,0,77,53,266,1,CSE,1
9.66,6,8,2,1,15,28,104,7,CSE,1
6.8,2,10,3,3,32,23,418,1,MECH,1
7.41,1,7,3,2,39,42,156,3,CIVIL,1
6.05,3,6,4,2,9,51,234,2,IT,1
7.88,6,9,7,3,63,74,98,5,MECH,1
6.39,5,8,8,1,62,2,467,6,IT,1
8.05,3,7,5,2,48,17,344,2,MECH,1
6.6,5,1,4,1,55,69,245,3,CSE,1
9.55,2,2,8,2,16,53,206,7,ECE,1
8.44,3,3,2,2,52,12,35,1,CSE,1
7.81,2,3,8,2,67,5,401,6,IT,1
8.38,5,4,7,2,99,11,46,5,CSE,1
7.99,5,7,8,0,15,17,205,5,IT,1
6.13,0,10,2,3,47,91,344,1,ECE,1
7.04,3,8,6,1,73,2,446,7,CSE,1
8.53,5,10,3,2,88,67,299,7,ECE,1
8.24,2,8,2,2,15,72,444,7,MECH,1
7.32,1,7,6,3,33,51,230,5,MECH,1
7.86,6,5,2,3,83,60,397,5,IT,1
6.13,6,10,6,2,3,55,57,2,CIVIL,1
7.4,0,5,3,1,18,38,98,3,CIVIL,1
8.58,2,9,0,1,71,54,131,2,IT,1
7.72,6,7,3,2,63,32,195,2,CSE,1
6.45,2,5,3,0,77,11,206,1,CSE,1
6.67,5,5,4,0,62,11,105,5,IT,1
6.48,4,3,3,0,38,42,436,1,CSE,1
8.4,2,6,7,1,48,34,102,1,CSE,1
6.42,6,9,6,0,92,97,452,5,MECH,1
5.71,1,4,1,2,37,31,376,2,ECE,1
6.03,4,0,8,0,49,68,285,6,CSE,1
8.72,5,3,6,2,73,12,310,8,MECH,1
7.45,4,5,4,2,63,84,389,8,CSE,1
8.85,2,10,7,2,97,97,448,2,ECE,1
6.31,3,4,8,2,65,91,346,8,CIVIL,1
9.9,4,4,5,2,55,53,282,1,CSE,1
7.93,6,6,0,3,55,23,376,3,CSE,1
6.06,1,5,2,0,4,63,374,1,ECE,1
6.88,1,1,3,1,90,46,252,6,IT,1
6.51,4,5,3,1,19,52,13,3,CSE,1
6.73,2,8,2,0,25,60,85,6,IT,1
8.65,1,9,2,2,36,85,90,6,CIVIL,1
9.06,4,6,8,2,89,46,156,3,CSE,1
7.48,1,7,2,1,49,54,220,1,CIVIL,1
8.12,0,2,1,2,35,43,406,7,CIVIL,1
6.85,1,2,2,2,5,7,126,4,CIVIL,1
6.57,1,6,3,3,33,61,128,8,IT,1
6.8,3,9,1,1,96,23,26,5,CIVIL,1
7.5,4,3,5,0,18,11,473,4,MECH,1
9.1,3,9,4,0,52,45,347,3,IT,1
8.35,3,3,1,0,32,58,202,8,CSE,1
7.73,0,6,4,2,7,81,239,3,IT,1
8.81,3,8,1,1,24,30,277,6,IT,1
8.58,4,7,4,1,57,96,116,8,MECH,1
5.68,2,3,3,2,39,71,4,1,CSE,1
6.48,5,5,6,3,0,71,259,4,CIVIL,1
5.58,2,2,8,3,48,66,136,7,CIVIL,1
7.6,4,4,3,2,46,37,87,8,CIVIL,1
7.18,5,2,8,2,16,12,104,8,CIVIL,1
7.2,4,10,5,1,26,81,230,3,CIVIL,1
6.06,5,0,8,3,34,82,343,3,IT,1
9.74,0,5,5,1,6,94,38,1,MECH,1
7.5,0,2,1,3,9,51,295,5,ECE,1
7.04,1,9,1,3,19,20,125,2,IT,1
8.8,0,8,0,0,35,9,383,1,CSE,1
7.14,5,8,2,3,97,91,351,6,CSE,1
9.12,1,10,3,3,36,36,405,1,MECH,1
7.28,2,4,3,2,0,39,192,4,CIVIL,1
7.34,3,2,8,0,2,28,382,8,IT,1
6.55,2,4,3,3,64,57,285,7,IT,1
8.75,2,9,8,1,15,2,26,8,MECH,1
6.6,6,4,3,1,6,60,307,4,ECE,1
5.8,5,10,4,1,17,70,233,7,CIVIL,1
6.29,1,2,8,1,55,41,342,1,IT,1
7.28,4,2,4,2,35,70,221,4,ECE,1
6.57,1,0,0,3,45,17,232,5,CSE,1
5.53,4,4,7,0,30,33,319,4,MECH,1
9.55,4,4,0,2,2,20,280,7,IT,1
8.77,0,6,0,1,28,53,425,6,MECH,1
6.28,5,4,5,3,44,13,365,1,CIVIL,1
8.16,6,1,8,1,7,35,192,2,ECE,1
6.04,1,0,8,3,83,88,444,5,CSE,1
7.75,3,1,3,2,50,0,425,7,CIVIL,1
9.95,3,8,3,0,38,26,266,4,ECE,1
7.77,2,8,5,3,30,61,303,2,IT,1
9.5,5,2,6,0,57,77,488,7,MECH,1
7.27,0,1,2,2,27,5,221,1,MECH,1
8.46,4,5,6,1,95,87,304,8,MECH,1
7.16,5,0,4,0,0,34,316,3,MECH,1
6.96,1,6,5,0,11,34,31,2,CIVIL,1
9.67,0,1,0,0,11,62,63,6,ECE,0
6.91,4,1,0,0,66,2,381,6,CSE,1
9.07,0,1,5,0,4,81,471,3,IT,1
6.02,6,3,4,2,81,11,69,2,CIVIL,1
5.9,6,4,8,1,6,5,17,8,CSE,1
6.6,5,6,2,3,20,6,226,5,CSE,1
8.72,4,7,6,2,73,81,166,7,MECH,1
6.08,1,10,6,1,96,75,436,3,CSE,1
9.7,2,10,7,0,49,51,349,4,CSE,1
5.87,6,8,1,0,26,0,55,1,CSE,1
5.57,0,7,2,2,32,64,352,8,ECE,1
5.79,1,4,8,0,47,36,177,6,CIVIL,1
9.71,3,9,1,3,94,86,406,6,CSE,1
9.68,2,0,5,3,71,8,283,2,ECE,1
5.69,5,8,5,3,59,37,312,3,CSE,1
9.68,4,10,4,1,88,19,22,3,IT,1
8.56,3,9,7,3,97,47,421,8,CIVIL,1
6.48,4,2,6,0,37,51,60,6,IT,1
5.59,6,6,4,0,99,66,12,5,IT,1
7.23,2,2,6,1,100,98,451,4,CIVIL,1
6.85,1,1,7,1,34,23,224,5,ECE,1
6.36,3,10,8,3,94,68,197,5,CIVIL,1
9.5,4,4,7,2,54,8,465,8,ECE,1
9.41,2,3,5,1,97,3,23,7,CSE,1
8.3,0,2,3,3,43,19,397,5,CIVIL,1
8.48,4,0,2,1,5,15,389,1,CIVIL,1
5.67,1,4,2,0,60,67,270,8,CSE,0
9.35,3,4,0,0,3,78,0,3,MECH,1
7.26,4,6,4,3,15,100,421,6,ECE,1
7.09,4,1,8,2,60,74,331,5,IT,1
5.52,5,10,4,1,69,88,35,6,CSE,1
5.54,3,6,3,0,99,37,11,7,MECH,1
8.14,5,3,0,0,95,4,381,5,CIVIL,1
7.03,0,9,0,3,76,65,416,5,IT,1
9.46,5,6,0,0,82,44,66,6,ECE,1
6.05,6,0,4,2,73,37,344,7,IT,1
5.54,2,7,5,1,74,7,450,8,CIVIL,1
5.76,3,4,5,0,95,69,17,8,ECE,1
7.39,0,2,1,2,53,96,313,5,MECH,1
8.05,2,7,2,2,4,81,59,3,IT,1
7.44,0,4,8,2,13,36,379,1,IT,1
7.18,2,1,1,1,34,75,489,4,CIVIL,1
9.64,0,4,7,1,53,63,272,3,CIVIL,1
6.63,2,3,4,2,63,64,210,1,ECE,1
9.42,4,9,0,1,45,73,206,3,MECH,1
6.52,0,2,3,3,95,64,395,1,CIVIL,1
7.79,3,0,6,3,73,93,338,7,CIVIL,1
9.43,2,10,5,1,96,17,176,8,MECH,1
9.86,6,8,2,3,0,79,17,3,MECH,1
9.53,1,3,1,2,20,100,489,4,IT,1
9.93,0,0,5,3,90,63,165,3,IT,1
5.56,2,10,0,0,72,70,319,1,IT,1
8.33,1,1,3,1,41,26,360,4,ECE,1
7.3,5,2,4,3,93,58,27,8,IT,1
9.34,1,2,7,3,17,4,374,8,IT,1
7.16,5,0,1,1,75,74,64,5,CSE,1
7.25,1,7,3,3,59,27,121,1,CIVIL,1
8.67,5,9,0,1,57,53,207,7,MECH,1
9.58,5,8,3,3,67,28,377,7,IT,1
9.08,2,2,7,0,96,8,103,6,CIVIL,1
9.85,0,0,1,1,68,75,343,7,ECE,1
9.42,0,10,0,3,16,2,473,4,CSE,1
8.22,4,5,1,1,82,13,143,8,CSE,1
6.29,4,8,6,0,95,77,469,2,IT,1
7.89,3,1,7,2,23,22,254,4,CSE,1
8.52,6,10,3,2,93,22,392,6,ECE,1
8.61,3,9,3,1,98,25,66,4,CSE,1
6.65,1,6,5,1,79,3,50,3,CIVIL,1
9.77,0,3,6,3,41,15,387,6,ECE,1
8.96,1,10,2,1,6,62,210,7,MECH,1
9.46,1,9,4,2,9,7,106,4,CIVIL,1
5.84,5,9,1,1,49,32,136,2,ECE,1
9.12,1,10,3,0,21,91,7,1,CIVIL,1
6.07,0,6,5,1,89,0,331,2,ECE,1
6.07,6,9,8,0,38,99,324,4,ECE,1
8.85,0,3,3,2,61,4,110,5,CSE,1
5.69,0,1,8,1,55,67,203,5,CSE,1
6.9,5,7,5,0,69,67,395,7,IT,1
5.99,0,9,2,1,53,85,49,3,IT,1
5.6,6,5,2,0,11,50,119,4,MECH,1
6.15,2,3,3,3,0,33,201,6,CIVIL,1
7.89,6,2,7,2,8,4,426,6,IT,1
7.79,6,3,4,1,14,16,454,8,CSE,1
6.49,1,8,4,2,22,47,435,2,IT,1
6.57,4,1,5,1,91,88,345,6,MECH,0
6.65,2,6,0,2,55,43,122,6,CSE,1
7.03,3,0,8,2,26,42,227,5,CSE,1
6.13,5,7,7,3,16,30,11,2,IT,1
6.16,1,2,1,1,35,56,28,5,MECH,1
6.52,3,3,7,2,50,29,38,6,CSE,1
7.9,1,9,6,0,46,27,52,8,CIVIL,1
9.92,6,3,8,1,92,5,348,1,MECH,1
7.49,5,6,5,2,46,93,122,6,CSE,1
9.76,3,1,3,3,13,96,11,5,ECE,1
6.94,6,6,8,1,38,86,89,5,ECE,1
5.8,3,6,1,3,32,92,401,4,CIVIL,1
9.61,0,1,2,3,19,58,490,2,MECH,1
9.28,4,10,3,1,22,37,175,5,CIVIL,1
9.23,3,10,7,1,52,71,247,1,MECH,1
6.69,2,8,5,3,81,18,491,2,CIVIL,1
8.49,4,6,4,3,88,85,304,7,IT,1
7.83,2,8,1,1,62,95,250,4,CSE,1
8.97,6,8,6,3,41,5,259,7,CIVIL,1
7.15,1,8,3,1,14,41,408,5,CIVIL,1
5.87,5,2,7,0,8,89,194,7,CSE,1
6.0,0,2,5,2,9,75,447,5,CIVIL,1
7.25,6,1,6,2,68,97,48,5,IT,1
5.85,3,10,1,2,88,61,493,2,IT,1
9.85,6,1,3,2,41,7,180,1,CSE,1
7.81,3,10,7,3,53,44,33,1,IT,1
7.98,1,1,4,3,15,53,213,1,IT,1
5.64,4,8,7,0,22,8,259,1,MECH,1
7.77,4,1,7,0,84,78,318,5,IT,1
6.85,6,6,1,1,12,85,367,4,IT,1
6.41,2,0,0,1,3,85,76,8,MECH,1
7.15,6,0,5,2,32,84,377,5,IT,1
9.95,1,6,7,1,42,98,28,8,CSE,1
6.22,2,1,4,0,39,47,336,3,CIVIL,1
9.14,1,5,5,2,69,33,248,6,IT,1
6.76,3,2,0,0,81,48,363,4,ECE,1
9.4,5,10,7,1,12,71,47,6,CIVIL,1
7.81,5,4,6,0,36,34,363,3,CSE,1
7.72,0,1,0,1,22,55,203,7,CSE,1
8.91,2,7,2,1,33,58,334,5,MECH,1
9.23,3,6,5,0,25,66,307,5,IT,1
8.15,3,2,5,1,0,43,17,6,CIVIL,1
6.3,0,1,4,1,41,25,462,7,CSE,1
7.57,1,0,6,0,99,31,404,2,MECH,1
5.58,3,8,0,3,80,15,83,8,ECE,1
7.99,6,0,3,1,38,17,282,1,CIVIL,1
7.53,3,5,7,0,85,59,422,7,CIVIL,1
8.6,5,6,5,1,29,47,89,7,CIVIL,1
8.19,6,7,5,0,12,72,432,6,IT,1
7.93,1,10,0,0,15,98,499,5,ECE,1
9.75,5,8,5,2,67,100,478,4,ECE,1
7.47,5,1,3,2,58,36,203,5,ECE,1
6.01,6,5,6,1,7,0,236,8,MECH,1
9.12,5,4,8,0,8,32,138,8,IT,1
7.96,3,9,7,1,10,0,496,6,CSE,1
8.45,1,0,4,0,78,58,8,1,ECE,1
8.8,0,3,8,2,17,28,48,5,CIVIL,1
7.75,2,5,3,1,74,70,33,5,IT,1
8.5,2,8,7,1,83,38,109,4,MECH,1
5.6,1,2,7,0,77,72,451,3,MECH,1
5.86,2,4,2,2,58,30,251,4,IT,1
7.41,6,6,8,2,90,48,101,3,ECE,1
5.64,4,6,4,1,41,43,420,6,CSE,1
6.25,1,10,6,1,20,69,424,6,IT,1
7.15,2,9,4,1,31,4,132,1,IT,1
9.53,1,9,2,1,1,44,400,2,CSE,1
6.91,1,4,2,0,13,59,39,4,ECE,1
6.19,2,9,0,1,16,30,443,3,CSE,1
9.85,0,5,8,0,15,35,130,4,IT,1
7.36,6,9,4,0,27,17,52,2,CSE,1
7.79,6,0,3,0,49,28,74,7,MECH,1
7.79,0,10,0,3,16,33,31,4,ECE,1
9.11,4,8,5,2,61,44,293,8,ECE,1
7.82,1,8,3,2,90,89,51,6,CIVIL,1
7.64,3,4,2,2,83,22,280,7,CSE,1
6.2,2,1,1,1,80,100,325,8,ECE,1
7.76,6,9,2,3,11,22,85,8,MECH,1
6.56,2,4,4,3,43,36,247,5,ECE,1
6.12,6,7,0,3,26,72,475,6,CSE,1
6.03,3,0,8,2,27,35,342,6,CIVIL,1
6.18,0,7,0,3,92,47,16,3,CSE,1
7.9,2,1,2,1,58,20,98,4,CIVIL,1
6.39,0,7,8,0,50,74,70,2,CIVIL,1
9.28,2,6,2,1,51,38,231,8,MECH,1
7.59,5,6,0,2,87,82,305,2,CSE,1
7.39,6,5,1,3,66,65,423,1,CSE,1
6.1,1,8,7,3,3,28,157,8,CSE,1
8.76,5,3,2,1,82,35,258,3,MECH,1
7.9,6,3,6,1,17,63,109,6,ECE,1
8.88,5,5,8,1,97,23,473,4,IT,1
6.96,5,3,3,0,28,15,277,6,CSE,1
8.68,2,8,3,1,49,28,228,8,CIVIL,1
9.84,5,8,2,3,57,48,403,7,ECE,1
6.47,6,10,3,1,46,40,218,8,CSE,1
6.7,6,9,5,2,47,12,202,2,CIVIL,1
5.98,2,3,6,1,23,78,364,4,CIVIL,1
6.39,1,6,1,1,19,66,135,3,CSE,1
6.71,3,4,5,3,87,29,309,6,MECH,1
7.23,0,9,1,3,0,47,419,1,ECE,1
9.9,2,1,1,2,88,92,105,1,ECE,1
7.63,0,5,2,2,67,10,321,5,CIVIL,1
7.78,4,2,7,0,33,3,392,4,IT,1
7.2,3,2,5,1,77,96,427,2,CSE,1
9.25,1,7,2,2,95,96,471,6,ECE,1
6.41,1,6,2,3,70,64,120,8,CSE,1
7.75,3,7,3,2,41,59,451,7,CSE,1
8.53,3,4,5,3,19,72,481,6,ECE,1
7.17,6,3,1,0,100,88,208,2,IT,1
9.42,4,3,0,3,15,92,29,8,ECE,1
6.24,4,2,1,3,55,8,289,8,CSE,1
6.57,1,8,5,3,78,2,338,8,CIVIL,1
8.4,0,6,2,1,56,8,151,7,ECE,1
7.55,5,7,3,3,40,77,400,7,CIVIL,1
8.52,3,9,3,2,33,4,467,2,CSE,1
9.64,6,8,3,2,38,12,245,6,IT,1
9.18,5,5,8,1,95,8,318,4,IT,1
6.53,6,3,3,0,32,100,99,7,CSE,1
7.75,6,1,5,3,84,33,424,7,IT,1
9.79,6,7,5,0,2,62,18,3,MECH,1
7.3,5,7,6,0,88,50,231,4,MECH,1
9.26,1,10,0,2,79,27,410,3,CSE,1
5.7,1,0,3,1,41,27,194,7,MECH,0
9.33,1,6,1,1,10,9,389,6,CSE,1
6.96,0,4,4,3,72,96,228,5,IT,1
5.54,1,10,6,0,19,94,94,8,CSE,1
9.19,3,4,8,3,87,84,256,3,CIVIL,1
9.16,6,8,5,2,97,45,167,3,CIVIL,1
8.28,1,7,6,3,22,70,357,3,MECH,1
6.87,4,1,8,2,40,48,32,1,CSE,1
6.63,1,2,8,3,29,41,414,5,ECE,1
6.38,1,7,5,3,65,51,332,7,MECH,1
9.3,2,4,4,0,47,1,426,2,MECH,1
6.99,3,4,2,3,28,92,285,4,IT,1
7.12,6,7,0,2,30,36,344,6,CSE,1
6.4,5,7,8,0,10,76,89,2,CSE,1
9.04,6,2,6,0,18,6,233,6,IT,1
8.82,6,4,4,1,6,88,369,2,IT,1
8.04,2,10,0,0,96,58,451,6,CIVIL,1
6.54,5,7,2,3,49,51,202,8,ECE,1
7.63,4,5,1,1,62,99,483,2,CSE,1
8.83,5,0,7,2,85,13,309,4,ECE,1
8.15,3,10,8,2,20,73,500,5,ECE,1
9.93,0,4,0,3,14,81,414,7,CSE,1
7.48,3,2,3,0,69,60,165,3,IT,1
6.17,3,8,8,1,43,90,81,4,IT,1
7.02,1,6,3,3,86,70,311,8,CIVIL,1
6.38,2,3,3,0,98,38,461,1,ECE,1
8.62,4,3,8,3,34,99,319,1,ECE,1
7.22,2,0,8,0,1,78,247,2,IT,1
9.31,4,6,6,3,94,94,250,1,MECH,1
7.24,5,9,0,2,93,63,456,4,CIVIL,1
8.88,2,3,8,2,66,89,368,8,CSE,1
6.58,3,4,5,3,14,91,144,5,ECE,1
6.93,0,6,6,1,74,65,274,5,CIVIL,1
8.84,1,5,6,2,60,57,386,2,CSE,1
8.39,5,4,4,0,44,63,32,7,CSE,1
7.08,2,7,4,2,59,81,312,8,IT,1
8.33,4,4,3,3,76,18,13,2,CIVIL,1
8.02,1,4,8,2,12,40,426,6,MECH,1
7.27,5,9,1,2,8,48,46,8,ECE,1
6.79,5,8,5,1,94,56,441,4,ECE,1
7.16,4,5,5,1,87,44,150,2,IT,1
5.8,5,10,4,0,87,39,485,2,CIVIL,1
6.03,4,5,7,3,37,22,19,4,ECE,1
9.1,1,8,8,2,54,2,143,6,CSE,1
6.07,2,10,8,2,10,1,84,8,ECE,1
9.65,2,0,7,3,20,64,165,7,ECE,1
9.58,4,0,7,2,93,21,9,1,ECE,1
8.19,4,8,4,0,13,98,91,1,ECE,1
6.66,2,3,2,0,100,71,478,8,CIVIL,1
7.09,3,5,2,2,75,68,60,2,ECE,1
5.68,0,4,3,0,90,60,212,1,CIVIL,1
9.68,5,3,2,3,48,52,280,6,ECE,1
6.37,4,6,4,2,60,8,202,5,IT,1
6.13,4,5,1,1,4,58,252,8,IT,1
9.13,4,4,3,2,32,82,139,2,CSE,1
9.36,4,1,8,1,30,1,126,3,CSE,1
7.95,2,8,7,0,88,16,455,3,CSE,1
7.91,0,3,1,3,37,85,123,4,ECE,1
7.66,0,7,4,1,75,48,52,4,CSE,1
6.62,4,4,8,0,17,40,290,6,MECH,1
6.39,6,7,6,2,51,24,490,8,MECH,1
8.63,3,0,1,1,81,63,57,2,MECH,1
6.22,4,6,2,3,54,90,424,1,CSE,1
8.87,6,8,8,0,24,14,444,1,MECH,1
7.25,0,2,5,0,100,69,68,1,CSE,1
6.62,6,9,5,3,58,53,24,3,ECE,1
7.83,6,8,3,1,93,86,448,5,CIVIL,1
8.44,5,2,6,1,79,60,411,5,CSE,1
8.95,0,1,1,1,86,46,374,7,ECE,1
9.77,6,7,0,0,60,40,338,8,MECH,1
7.63,0,10,0,3,54,28,50,4,CIVIL,1
5.95,1,6,3,0,0,65,55,4,CIVIL,1
5.8,1,4,6,3,54,59,498,7,CIVIL,1
7.48,0,9,7,1,1,100,458,7,IT,1
8.04,4,0,6,1,40,73,482,8,CIVIL,1
8.98,1,5,2,2,97,15,60,7,MECH,1
8.24,5,7,5,0,40,53,242,7,MECH,1
6.29,1,2,7,3,87,48,157,7,CIVIL,1
8.56,3,9,8,3,49,80,411,8,IT,1
7.58,3,7,6,0,90,49,102,6,IT,1
6.2,6,5,7,3,42,65,65,4,ECE,1
8.31,6,7,1,0,78,36,225,3,ECE,1
6.65,5,10,0,0,33,45,17,2,CSE,1
8.55,4,7,1,3,51,76,441,6,ECE,1
6.31,0,10,3,3,10,1,156,1,CIVIL,1
5.6,1,8,0,1,15,20,175,4,MECH,1
6.6,2,8,6,3,27,8,228,3,IT,1
8.0,0,0,8,1,21,14,256,8,CSE,1
7.37,0,3,6,0,90,37,214,6,IT,1
6.79,6,7,7,2,3,84,153,7,MECH,1
5.59,1,8,5,1,49,10,495,2,CIVIL,1
8.4,1,9,3,1,61,5,235,1,IT,1
8.77,6,9,6,0,84,24,378,1,IT,1
9.6,2,6,0,2,22,77,220,3,ECE,1
9.3,1,8,3,2,41,54,283,2,ECE,1
7.77,1,2,4,3,5,82,245,7,CSE,1
8.49,2,2,7,1,25,50,142,1,CSE,1
5.83,4,8,1,3,13,42,124,6,IT,1
9.22,2,3,6,2,98,70,205,2,ECE,1
9.94,6,10,3,0,43,8,335,6,IT,1
8.98,0,6,8,1,19,48,422,5,CIVIL,1
7.32,3,0,0,1,41,43,266,7,IT,1
8.7,3,0,6,2,5,6,194,1,CIVIL,1
6.53,6,3,3,0,2,12,367,3,CSE,1
7.02,5,8,0,0,47,23,286,6,CSE,1
7.33,6,10,2,3,8,13,381,2,CIVIL,1
5.87,5,4,7,2,84,24,474,5,ECE,1
7.32,2,2,1,1,76,64,412,5,CSE,1
9.25,4,5,6,3,83,73,59,3,MECH,1
9.99,4,6,1,1,93,46,380,5,CIVIL,1
9.15,2,10,7,2,99,84,395,5,CIVIL,1
9.76,1,1,1,3,50,16,488,7,CIVIL,1
9.45,3,10,8,1,62,9,387,8,IT,1
9.1,1,0,4,1,0,90,425,4,IT,1
9.05,2,3,0,2,90,5,173,4,ECE,1
9.59,1,8,7,0,10,96,425,3,CSE,1
7.02,4,2,0,1,89,13,367,8,CIVIL,1
6.64,5,9,4,3,53,90,199,6,CSE,1
6.57,6,5,4,1,0,53,215,4,CSE,1
7.19,3,5,4,2,35,59,338,5,CSE,1
8.78,4,8,7,3,53,76,367,4,MECH,1
6.73,2,7,1,3,53,7,163,3,CIVIL,1
9.32,0,8,0,2,24,4,219,2,CSE,1
8.28,3,10,3,2,30,59,417,3,IT,1
7.26,5,2,7,0,39,58,202,4,MECH,1
8.93,3,0,8,0,50,73,481,8,MECH,1
5.67,0,5,7,0,45,46,494,3,MECH,1
8.39,4,1,3,0,61,89,156,8,MECH,1
9.8,1,1,2,3,48,52,344,2,CIVIL,1
7.73,6,9,6,0,58,68,415,6,CIVIL,1
8.12,0,5,4,0,11,98,133,5,ECE,1
8.98,4,9,7,1,59,36,148,6,ECE,1
8.96,5,4,5,3,37,0,42,1,CSE,1
9.76,1,6,5,3,5,70,226,1,CSE,1
9.52,2,2,6,2,55,14,360,1,MECH,1
8.37,4,3,3,2,81,58,106,8,CSE,1
7.86,4,10,3,3,62,56,185,7,MECH,1
7.9,1,5,3,3,6,0,368,6,CSE,1
7.16,4,4,8,0,92,3,66,8,ECE,1
6.03,4,3,4,0,2,50,330,3,MECH,1
9.04,0,7,1,0,8,65,466,8,IT,1
7.96,4,3,4,1,13,23,454,3,ECE,1
7.41,4,1,7,2,34,75,92,4,CIVIL,1
8.72,1,4,4,0,18,29,8,7,MECH,1
9.44,0,3,5,1,52,35,317,7,ECE,1
7.49,6,4,0,3,70,69,292,3,MECH,1
8.34,6,0,0,3,97,39,401,3,MECH,1
6.52,0,6,6,2,28,12,21,1,CSE,1
6.23,4,0,5,3,6,5,347,7,MECH,0
8.11,4,3,4,1,27,31,173,3,MECH,1
9.71,2,4,5,2,39,59,433,1,ECE,1
6.67,3,2,5,2,54,90,154,3,IT,1
9.48,6,10,7,1,69,68,115,1,CSE,1
8.87,4,10,6,0,49,13,466,2,CIVIL,1
8.71,1,6,6,0,60,58,359,4,ECE,1
9.57,4,5,1,0,58,19,283,7,CSE,1
7.04,6,6,2,1,28,66,61,6,CSE,1
8.4,4,6,6,1,5,3,56,6,CIVIL,1
6.93,5,4,3,2,48,88,93,1,ECE,1
8.65,0,3,5,2,36,80,176,8,CSE,1
5.71,5,5,3,1,54,78,94,7,MECH,1
5.69,4,9,7,3,49,62,302,2,CSE,1
8.84,1,10,1,2,47,27,444,7,IT,1
6.14,0,9,0,1,23,43,466,8,CSE,1
7.25,0,8,8,2,82,13,314,2,ECE,1
7.68,6,9,0,3,85,0,370,3,CIVIL,1
9.28,5,10,8,3,78,90,274,4,IT,1
9.77,6,9,8,2,52,34,175,2,CIVIL,1
6.79,3,2,2,3,44,8,243,7,CSE,1
6.26,1,4,0,0,73,48,221,2,CIVIL,1
6.5,3,3,0,3,19,41,85,1,CSE,1
8.31,6,10,2,0,49,52,435,2,MECH,1
7.39,2,10,3,1,1,52,258,4,ECE,1
9.97,0,5,3,3,69,41,459,2,MECH,1
8.33,3,5,0,2,62,98,262,6,IT,1
5.79,6,9,2,2,5,41,117,2,ECE,1
8.11,0,8,0,0,39,51,37,1,MECH,1
6.95,6,7,0,1,65,2,239,4,IT,1
7.0,2,8,5,3,75,43,92,4,CIVIL,1
9.38,3,7,1,1,12,35,473,4,MECH,1
6.59,0,6,8,0,41,63,251,8,ECE,1
8.57,4,0,8,0,55,23,314,4,CIVIL,1
6.34,4,8,0,3,49,14,135,4,ECE,1
5.81,2,8,0,3,67,13,428,3,ECE,1
5.97,6,4,4,1,56,80,460,7,ECE,1
8.16,6,6,1,2,3,18,252,5,ECE,1
9.82,0,8,4,3,36,67,497,6,CIVIL,1
7.61,4,1,3,0,45,36,222,8,MECH,1
8.5,2,8,6,0,100,30,479,1,IT,1
5.97,2,3,8,0,16,64,332,2,CIVIL,1
7.6,6,9,4,0,75,62,340,8,ECE,1
5.94,1,4,2,0,67,89,355,7,ECE,1
6.59,2,10,1,1,16,72,291,3,CSE,1
6.67,0,8,7,1,91,37,76,2,ECE,1
8.23,3,3,6,2,53,74,445,6,IT,1
8.86,1,4,5,3,14,61,307,1,IT,1
7.15,3,4,5,1,20,79,50,5,CSE,1
8.25,0,6,2,0,80,25,7,7,ECE,1
7.54,6,1,1,1,62,96,406,6,CIVIL,1
6.62,1,1,2,0,92,38,385,7,IT,1
5.65,0,2,6,3,79,65,9,5,IT,1
6.14,4,9,6,1,66,37,320,2,IT,1
6.94,4,2,7,0,40,98,94,2,CSE,1
8.16,5,9,4,3,27,84,166,1,IT,1
8.82,4,10,1,1,21,57,425,1,IT,1
9.1,3,9,6,0,72,79,364,8,IT,1
8.84,3,6,2,2,37,57,91,3,CIVIL,1
8.63,3,1,2,3,15,40,482,2,MECH,1
8.63,0,8,8,2,15,80,118,1,CIVIL,0
8.61,1,3,0,1,77,92,404,1,IT,1
6.23,6,3,1,2,100,28,447,7,CIVIL,1
7.14,0,1,1,3,77,57,217,1,CIVIL,1
6.98,1,7,5,3,66,35,83,3,IT,1
5.89,0,2,3,2,36,99,302,1,CIVIL,1
9.55,1,4,0,1,77,1,429,6,CIVIL,1
7.11,1,0,6,1,62,47,19,8,MECH,1
6.64,4,4,7,0,10,52,66,1,CIVIL,1
8.35,4,1,2,3,77,29,151,4,MECH,1
9.59,1,8,3,3,38,8,12,1,CIVIL,1
5.91,2,9,0,0,2,68,379,2,ECE,1
7.5,2,5,6,1,91,74,236,2,IT,1
5.59,1,5,0,2,1,37,378,5,ECE,1
6.45,3,4,1,2,45,82,291,7,CSE,1
7.32,0,6,6,0,85,68,490,8,CIVIL,1
6.89,2,10,0,3,87,96,114,5,CIVIL,1
9.27,2,3,0,3,57,2,198,4,IT,1
9.69,6,7,3,0,54,98,456,6,ECE,1
9.2,2,8,5,1,39,5,334,8,CSE,1
6.62,0,4,4,0,54,88,478,3,MECH,1
7.0,0,4,6,3,86,37,426,4,CSE,1
8.34,1,8,5,1,84,85,386,3,CSE,1
7.84,2,10,6,2,10,6,199,1,CSE,1
9.64,5,2,7,3,39,40,47,7,ECE,1
9.85,6,1,3,3,6,33,13,3,IT,1
7.14,1,7,1,1,85,92,117,3,CIVIL,1
9.52,4,9,6,3,32,7,222,8,ECE,1
8.89,2,9,2,0,20,83,347,6,ECE,1
6.15,5,2,4,0,86,93,408,6,CIVIL,1
7.8,1,0,3,2,25,8,276,2,ECE,1
6.36,1,8,8,0,14,39,219,7,ECE,1
8.18,0,8,3,0,26,50,345,8,IT,1
7.87,4,10,1,2,13,55,479,8,MECH,1
7.88,1,8,7,0,14,13,349,1,ECE,1
7.66,5,10,1,0,89,21,104,7,ECE,1
5.66,4,6,1,0,41,82,335,1,ECE,1
7.94,1,6,6,3,20,45,393,3,MECH,1
9.74,5,8,1,1,9,3,178,5,ECE,1
5.85,4,1,6,0,39,10,304,7,MECH,1
9.7,0,2,3,0,18,55,105,1,ECE,1
9.37,1,9,0,0,6,6,60,4,ECE,1
5.69,3,9,0,2,34,66,49,2,MECH,1
8.06,2,2,4,2,73,45,268,8,ECE,1
7.32,5,6,0,3,80,4,327,8,ECE,1
7.81,4,1,1,1,29,63,365,2,CSE,1
7.17,0,8,3,3,0,25,486,6,ECE,1
6.76,0,0,7,3,97,88,156,4,ECE,1
9.17,5,0,1,2,89,44,249,1,ECE,1
8.47,5,1,6,0,74,74,10,7,IT,1
6.61,5,8,2,3,84,5,330,2,CSE,1
7.72,5,7,3,0,3,70,263,4,CIVIL,1
7.52,1,1,4,1,31,82,338,7,ECE,1
7.89,5,3,2,0,2,32,346,5,ECE,1
6.66,4,7,4,0,33,80,388,7,IT,1
6.3,6,0,7,1,78,16,51,1,CIVIL,1
6.6,6,6,7,3,79,26,492,5,CIVIL,1
9.83,2,3,5,0,72,92,489,8,ECE,1
7.28,3,9,6,0,53,84,203,2,ECE,1
6.55,2,1,7,0,22,25,317,6,MECH,1
5.96,5,7,8,1,0,64,79,4,CIVIL,1
7.68,2,10,4,0,92,88,65,1,MECH,1
9.29,2,7,3,3,69,64,2,1,MECH,1
7.72,1,9,3,3,64,51,201,1,CIVIL,1
7.87,1,10,3,0,17,31,251,7,IT,1
7.72,2,8,5,3,3,26,8,2,ECE,1
7.79,6,0,5,2,56,85,168,2,MECH,1
9.82,3,6,6,3,38,21,215,8,CIVIL,1
5.81,5,7,4,2,61,82,494,1,ECE,1
6.21,1,10,7,0,56,75,377,1,CSE,1
7.78,0,10,4,1,77,71,245,7,CIVIL,1
6.32,6,6,6,3,47,32,309,4,IT,1
7.81,2,5,3,2,83,18,186,4,ECE,1
7.27,4,3,5,3,79,4,345,5,CSE,1
9.79,0,0,7,3,4,51,191,3,CIVIL,1
7.54,0,3,1,3,23,4,74,4,MECH,1
9.76,1,7,4,2,14,60,16,8,MECH,1
9.09,4,3,7,3,22,9,280,3,CIVIL,1
5.74,6,2,5,3,98,15,67,6,CSE,1
9.1,0,2,0,3,93,54,112,8,IT,1
9.78,2,0,2,3,57,75,373,7,MECH,1
5.78,6,7,0,0,6,60,337,6,ECE,1
8.83,5,10,3,0,37,54,430,6,MECH,1
9.7,3,5,8,1,93,58,146,8,CSE,1
7.59,0,5,4,1,14,30,365,3,IT,1
5.82,2,9,3,0,88,85,109,8,CIVIL,1
7.0,4,0,8,0,57,86,222,1,IT,1
6.16,0,9,7,1,32,89,147,6,IT,1
6.23,2,4,7,0,85,67,354,2,CIVIL,1
6.68,5,10,8,0,1,100,256,7,ECE,1
7.14,1,6,0,2,100,68,451,4,CIVIL,1
5.78,2,3,8,1,50,83,114,8,ECE,1
7.89,6,10,5,0,70,22,137,3,IT,1
9.97,1,9,0,3,84,75,52,5,CIVIL,1
6.16,3,8,0,0,82,47,77,8,MECH,1
7.77,4,7,0,3,52,17,486,3,CSE,1
7.75,4,6,6,2,97,26,343,6,MECH,1
9.22,2,3,1,2,19,64,225,8,ECE,1
9.38,2,4,8,1,12,61,457,4,CIVIL,1
7.4,6,9,0,1,94,57,290,5,IT,1
9.61,3,8,2,1,36,64,60,5,MECH,1
6.82,4,2,6,2,53,68,330,3,CSE,1
9.85,4,6,8,2,49,51,471,7,IT,1
7.5,4,2,3,2,65,48,247,4,CSE,1
8.04,5,10,4,1,75,30,165,5,CSE,1
8.75,0,2,1,0,50,99,72,6,MECH,1
7.5,2,9,8,0,51,12,333,6,MECH,1
9.86,3,1,3,3,71,26,52,4,CIVIL,1
6.08,4,6,8,2,16,56,366,4,CIVIL,1
6.96,3,0,8,2,44,37,157,1,MECH,1
9.03,2,4,6,0,78,92,155,7,IT,1
8.01,0,3,8,2,87,20,42,5,ECE,1
8.37,6,1,7,3,91,83,310,2,ECE,1
9.83,3,1,6,0,52,18,481,6,MECH,1
7.32,1,2,7,1,100,10,87,2,MECH,1
8.74,6,7,2,0,68,73,360,5,IT,1
6.39,2,0,4,1,68,23,477,6,ECE,1
9.18,2,6,8,2,11,80,49,4,CSE,1
6.6,4,10,0,2,13,62,443,6,ECE,1
6.65,2,5,6,0,32,87,220,4,CIVIL,1
7.02,6,1,2,0,11,30,177,7,MECH,1
5.57,5,2,6,1,47,39,259,7,MECH,1
5.94,1,9,7,0,100,93,425,1,IT,1
5.99,1,8,8,0,64,97,449,3,ECE,1
7.29,1,5,2,2,34,3,104,6,ECE,1
7.73,4,5,6,3,49,60,421,6,IT,1
9.92,0,9,4,0,1,83,331,6,IT,1
8.51,3,5,0,0,45,27,18,4,IT,1
8.66,6,3,5,0,11,86,161,4,MECH,1
9.89,4,9,2,2,32,24,310,6,CSE,1
9.72,4,0,6,1,49,79,9,1,IT,1
8.66,1,2,6,1,58,61,241,5,IT,1
6.35,1,1,3,2,1,29,445,1,ECE,1
7.51,4,2,3,2,52,87,112,8,ECE,0
7.91,3,8,1,1,67,76,440,8,CSE,1
9.57,4,9,4,3,92,21,46,6,ECE,1
7.29,5,5,8,3,28,18,131,3,IT,1
7.18,0,9,1,1,59,33,406,5,IT,1
8.81,1,1,3,2,88,94,396,2,ECE,1
5.91,2,7,1,0,17,90,334,5,CSE,1
8.64,2,10,8,1,81,68,440,3,CIVIL,1
5.93,6,0,8,2,82,77,471,5,ECE,1
7.63,3,8,3,1,79,65,244,3,CSE,1
7.2,0,1,5,1,26,48,222,7,CIVIL,1
9.01,1,8,1,3,43,82,71,5,IT,1
7.16,0,7,4,2,36,42,98,1,CIVIL,1
9.68,5,2,0,3,35,75,366,1,CSE,1
9.64,3,10,7,1,82,51,421,3,MECH,1
6.52,1,6,5,3,33,57,205,1,ECE,1
9.6,0,7,7,1,0,41,224,2,CIVIL,1
9.23,1,4,7,0,5,8,245,5,CSE,1
9.52,6,2,2,3,22,7,473,6,CSE,1
6.54,2,3,3,2,94,76,284,8,CSE,1
7.64,2,9,8,0,80,49,242,8,IT,1
6.36,2,3,4,3,56,18,497,4,CSE,1
6.14,5,6,8,0,96,81,367,8,CSE,1
7.03,1,3,4,1,82,88,195,7,IT,1
5.82,2,9,8,1,49,20,465,2,MECH,1
6.64,2,9,1,1,59,56,119,3,IT,1
9.39,5,3,6,0,22,28,468,8,CIVIL,1
9.69,0,1,2,2,63,32,59,7,CSE,1
6.52,3,3,8,1,36,5,400,7,CIVIL,1
7.01,1,2,5,3,32,66,126,6,MECH,1
9.81,5,4,7,0,47,93,130,5,CIVIL,1
9.19,0,10,8,2,20,8,74,5,IT,1
6.21,2,5,7,0,63,97,413,3,IT,1
6.33,5,3,4,2,6,41,260,5,CSE,1
7.91,6,5,3,0,41,68,0,7,CIVIL,1
6.45,1,4,5,3,49,64,402,5,MECH,1
6.31,5,0,8,1,75,16,71,2,CIVIL,1
9.62,6,7,7,0,27,27,45,3,ECE,1
6.24,6,5,2,0,22,65,75,5,MECH,1
6.4,2,9,4,1,77,85,284,4,CSE,1
6.59,0,8,4,3,46,92,298,3,CSE,1
8.22,3,0,0,1,48,89,335,5,MECH,1
8.27,3,3,0,1,94,80,215,4,IT,1
6.74,6,8,2,1,39,81,289,7,CIVIL,1
8.89,1,2,8,3,82,75,466,8,ECE,1
8.62,4,5,5,1,69,0,209,6,MECH,1
5.99,5,8,0,3,56,7,323,6,IT,1
8.88,0,2,5,3,46,30,215,7,MECH,1
6.49,2,4,0,0,78,39,361,2,CSE,1
6.55,0,3,5,3,27,82,386,1,CSE,1
6.64,0,4,4,0,97,94,372,4,IT,1
9.84,6,8,3,2,41,12,184,7,CSE,1
9.69,6,8,7,2,84,28,426,4,CSE,1
8.8,6,5,8,3,28,26,186,2,CIVIL,1
8.28,3,4,3,1,4,98,217,4,IT,1
5.89,2,1,6,2,19,68,429,5,IT,1
7.3,3,10,5,1,53,47,141,1,MECH,1
8.73,3,10,6,2,80,61,346,8,MECH,1
5.82,6,8,7,0,7,92,143,4,IT,1
7.58,3,3,8,1,7,36,348,4,MECH,0
8.06,2,7,0,1,39,29,397,4,IT,1
9.47,4,3,8,0,24,91,379,4,ECE,1
5.86,2,3,8,2,7,43,117,2,CIVIL,1
6.9,6,5,3,3,73,19,26,3,MECH,1
8.42,6,1,1,3,89,95,279,6,ECE,1
6.45,3,8,1,2,40,84,36,6,MECH,1
7.61,0,1,0,2,60,41,161,7,ECE,1
8.69,6,3,0,2,34,1,485,1,MECH,1
9.13,3,8,3,2,54,18,276,5,MECH,1
6.39,4,1,4,2,5,55,81,7,CSE,1
6.77,6,8,4,3,89,83,112,3,CIVIL,1
9.41,1,10,8,0,82,70,234,2,MECH,1
6.47,4,9,4,1,80,5,331,6,MECH,1
8.11,1,6,7,3,3,58,257,6,CSE,1
9.09,0,0,5,3,45,3,185,8,IT,1
7.51,5,5,7,1,70,71,321,4,MECH,1
7.2,6,1,0,0,99,100,229,7,IT,1
7.3,5,10,0,3,71,65,249,5,ECE,1
7.4,4,2,7,3,85,77,85,3,MECH,1
8.97,3,8,0,0,86,76,24,1,CSE,1
7.99,4,3,4,2,97,84,412,4,CIVIL,1
8.15,0,9,3,1,67,28,310,8,CSE,1
8.24,2,1,7,3,0,80,167,2,MECH,1
8.64,5,3,8,1,39,17,209,5,CSE,1
9.35,3,8,8,3,48,13,24,4,MECH,1
6.92,0,10,6,1,5,6,128,8,CIVIL,1
6.1,2,2,6,0,86,18,192,4,ECE,1
8.08,0,6,6,3,10,66,307,2,IT,1
7.14,6,6,4,1,56,59,317,6,IT,1
8.86,4,0,4,2,18,26,307,3,ECE,1
9.73,6,8,6,1,38,40,175,3,MECH,1
9.93,2,6,0,2,43,64,221,7,CIVIL,1
7.09,4,0,3,3,64,26,384,4,CSE,1
9.56,4,6,0,2,26,96,183,2,CIVIL,1
9.58,5,9,5,1,91,5,494,5,CSE,1
9.42,6,9,2,3,80,91,111,8,CSE,1
9.83,3,5,8,1,74,23,88,4,CIVIL,1
6.7,6,5,0,0,63,81,264,8,CIVIL,1
9.23,1,7,5,3,65,70,211,4,CSE,1
6.87,4,7,2,3,72,5,157,4,IT,1
8.31,2,10,3,3,93,53,86,5,MECH,1
7.2,1,3,4,3,31,13,147,1,CIVIL,1
6.83,2,6,8,2,98,41,350,5,CSE,1
5.82,5,5,3,0,44,86,481,4,CSE,1
6.85,3,3,3,2,8,99,228,5,CIVIL,1
9.19,5,6,2,3,62,18,232,8,ECE,1
5.74,5,8,3,3,37,51,275,2,MECH,1
7.65,6,7,6,1,19,95,82,4,MECH,1
6.29,2,7,0,0,100,89,275,7,ECE,1
9.4,2,7,0,2,18,19,324,2,CIVIL,1
6.86,1,5,0,2,24,25,31,7,CIVIL,1
8.44,5,1,6,1,37,92,288,6,MECH,1
7.64,4,6,4,1,11,29,309,6,IT,1
8.05,6,5,0,1,94,39,283,4,ECE,1
6.89,6,1,8,1,18,42,193,5,ECE,1
5.87,0,4,8,2,91,55,120,1,ECE,1
6.29,3,4,7,1,75,17,281,6,IT,1
5.55,4,2,0,0,62,59,224,8,ECE,1
7.68,2,5,5,3,3,49,137,2,ECE,1
9.05,0,4,3,0,43,34,291,8,CSE,1
6.09,2,5,2,1,87,7,412,2,IT,1
9.03,6,7,8,0,72,85,428,4,IT,1
7.93,1,8,4,1,83,6,191,5,ECE,1
7.5,3,1,6,1,61,35,187,5,ECE,1
5.69,0,5,2,2,27,28,73,7,ECE,1
9.55,4,7,5,1,34,34,498,5,CIVIL,1
8.66,5,10,8,3,75,76,218,5,CIVIL,1
9.74,1,1,1,1,26,64,468,7,ECE,1
7.53,1,4,8,0,65,9,315,4,CSE,1
7.08,5,8,2,3,33,55,1,1,ECE,1
5.62,1,2,3,2,66,0,395,8,CSE,1
8.82,5,4,6,0,6,14,363,5,MECH,1
6.5,2,8,7,0,86,97,166,2,IT,1
6.5,1,1,7,1,16,39,111,6,IT,1
8.86,5,9,2,2,13,89,141,5,ECE,1
9.37,6,5,2,1,52,96,401,3,MECH,1
7.18,2,9,8,2,84,64,403,5,CSE,1
8.66,0,3,3,0,45,72,373,6,MECH,1
8.34,6,1,2,1,17,67,261,3,CSE,1
7.15,6,8,3,0,52,5,116,8,IT,1
9.91,1,3,5,3,22,88,47,5,IT,1
6.41,1,7,2,0,50,22,129,8,MECH,1
6.44,3,8,4,1,51,52,126,6,CSE,1
8.5,0,2,1,1,100,4,190,4,ECE,1
6.38,1,8,2,1,11,94,23,7,CSE,1
5.77,6,6,7,1,86,51,280,7,ECE,1
7.73,6,6,7,2,14,36,160,8,ECE,1
8.43,5,7,6,0,33,81,207,7,MECH,1
7.41,3,3,4,2,87,4,158,6,IT,1
9.3,2,5,2,1,12,77,342,1,MECH,1
6.07,4,1,1,3,23,65,226,6,MECH,1
8.75,4,0,1,0,48,81,275,4,IT,1
7.44,4,10,1,3,61,40,343,5,CSE,1
8.23,0,4,0,2,21,72,426,8,IT,1
7.61,0,6,2,3,17,27,326,1,IT,1
7.2,6,0,4,3,45,18,217,2,IT,1
6.64,0,9,7,1,47,53,207,2,CSE,1
6.48,4,6,2,2,86,100,52,3,CSE,1
5.98,1,8,2,0,40,100,40,5,CSE,1
7.71,0,10,5,3,1,43,167,3,MECH,1
8.1,5,3,3,0,15,6,409,5,IT,1
9.12,6,10,6,2,99,64,481,2,MECH,1
6.13,4,9,2,0,8,64,161,3,MECH,1
7.9,5,8,2,3,82,75,60,1,IT,1
8.3,6,7,8,2,18,58,254,4,MECH,1
5.77,5,6,8,3,6,0,220,6,CIVIL,1
7.91,5,7,4,0,15,100,367,3,IT,1
8.88,5,7,5,2,3,55,405,2,IT,1
9.21,5,3,8,2,88,59,128,7,CIVIL,1
9.98,6,5,2,0,17,14,289,4,ECE,1
9.22,2,9,3,0,54,25,246,1,CIVIL,1
6.36,5,9,6,2,100,42,406,6,MECH,1
5.94,2,10,4,0,65,29,39,2,MECH,1
9.19,6,0,7,1,31,26,456,7,CSE,1
6.43,4,4,3,0,41,24,212,3,CIVIL,1
8.52,4,3,4,3,67,68,301,5,ECE,1
6.32,0,10,1,3,74,73,82,2,ECE,1
5.93,0,8,7,0,48,5,42,8,CSE,1
7.97,4,1,4,1,97,78,32,3,MECH,1
5.52,6,3,3,3,77,63,478,5,CSE,1
9.66,5,2,2,2,59,11,85,5,IT,1
6.95,5,7,3,0,49,33,483,3,IT,1
5.75,2,9,3,3,7,89,104,2,ECE,1
6.46,6,7,8,1,95,36,268,2,CIVIL,1
8.5,3,3,5,3,28,50,332,7,CSE,1
7.15,1,5,3,0,97,19,68,3,CSE,0
9.58,6,5,4,0,46,88,320,7,ECE,1
9.72,0,9,5,0,80,78,46,7,ECE,1
7.45,5,4,5,1,42,37,190,6,CSE,1
9.19,0,1,6,3,11,16,249,8,CSE,1
8.05,6,10,6,0,13,71,383,3,CSE,1
7.06,5,0,4,2,93,40,283,7,CSE,1
6.57,3,8,2,0,27,37,353,6,MECH,1
7.22,0,1,3,0,67,38,202,8,MECH,1
8.09,0,1,2,2,5,75,50,7,CSE,1
5.52,5,4,8,2,6,46,437,8,CIVIL,1
6.11,3,8,8,0,3,36,409,2,IT,1
5.99,3,6,7,2,61,5,296,7,IT,1
8.81,2,4,1,3,72,11,23,4,CIVIL,1
5.59,4,1,8,1,14,83,127,5,MECH,1
8.07,0,5,2,0,92,48,62,8,CIVIL,1
7.31,2,3,5,2,44,46,439,4,IT,1
7.64,1,1,0,2,61,31,78,4,MECH,1
5.72,2,0,3,0,84,5,407,8,ECE,1
6.98,6,9,2,2,56,99,428,5,CIVIL,1
8.52,2,6,4,0,45,4,100,8,CIVIL,1
8.33,5,1,5,2,18,14,482,4,CIVIL,1
6.42,0,1,2,3,7,37,42,8,CIVIL,1
9.27,0,8,4,2,0,61,467,1,MECH,1
7.74,5,5,3,3,52,70,498,4,CIVIL,1
6.3,5,3,1,0,32,36,269,5,CIVIL,1
8.33,6,0,1,1,43,56,373,8,CSE,1
8.24,6,9,7,1,16,11,321,8,MECH,1
6.43,5,3,8,0,88,28,322,3,ECE,1
8.4,3,10,7,1,83,13,57,3,MECH,1
8.01,6,6,2,1,24,70,438,5,ECE,1
9.67,6,7,6,2,60,35,319,4,CSE,1
7.51,0,6,2,1,59,70,250,7,ECE,1
9.14,0,7,3,2,21,83,5,5,ECE,1
7.1,3,5,6,1,21,40,403,7,MECH,1
7.33,3,7,1,0,70,25,172,3,ECE,1
7.74,0,5,2,2,73,20,273,6,IT,1
9.5,5,2,4,3,89,98,350,5,CSE,1
6.92,5,0,1,1,72,61,152,5,CSE,1
9.9,6,5,4,1,97,42,50,5,CIVIL,1
8.47,0,6,7,0,36,70,249,7,CIVIL,1
9.71,4,7,0,3,62,40,153,2,CSE,1
9.54,0,3,6,0,71,25,326,2,MECH,1
9.01,4,8,2,2,81,44,379,2,ECE,1
8.19,6,5,8,1,60,98,62,8,CIVIL,1
7.32,2,6,3,2,88,39,163,3,CIVIL,1
6.16,1,4,1,2,5,21,62,5,IT,1
7.81,4,1,6,0,63,14,316,8,CIVIL,1
8.24,3,0,7,0,18,22,117,5,CIVIL,1
8.02,0,5,3,0,17,38,200,2,IT,1
6.89,4,6,2,0,51,7,135,8,MECH,1
6.89,4,2,8,1,18,21,217,8,ECE,1
6.94,0,2,4,0,85,67,281,2,MECH,1
9.01,0,10,1,1,92,27,491,2,MECH,1
9.52,3,0,7,1,16,98,319,3,IT,1
9.66,5,8,3,1,74,57,41,8,ECE,1
9.16,2,5,5,0,100,56,160,5,IT,1
7.82,4,5,1,1,86,92,203,2,ECE,1
6.56,3,6,6,0,24,49,127,1,IT,1
9.65,2,4,1,3,87,32,24,8,MECH,1
8.44,2,7,1,0,57,92,73,1,CSE,1
9.99,2,8,1,0,55,90,75,7,CIVIL,1
6.31,2,3,8,1,50,69,266,7,ECE,1
8.26,3,1,7,3,61,60,467,1,ECE,1
7.09,0,2,2,0,31,40,145,6,CIVIL,1
8.88,5,7,6,1,69,75,98,4,ECE,1
8.08,3,0,6,1,32,70,438,8,CIVIL,1
6.83,1,8,4,3,51,92,421,1,IT,1
8.65,2,10,3,1,8,38,115,3,CIVIL,1
6.68,5,8,4,2,20,25,298,3,MECH,1
6.18,6,0,2,0,42,4,347,1,IT,1
6.09,4,7,3,2,2,100,385,8,CSE,1
6.3,3,6,5,2,86,97,207,1,MECH,1
9.94,2,5,8,0,22,55,113,1,CSE,1
8.81,3,4,5,2,68,70,378,4,CSE,1
6.25,1,3,7,0,12,46,221,6,CIVIL,1
5.59,5,0,4,1,18,85,78,5,CIVIL,1
9.51,4,0,5,2,49,16,11,2,ECE,1
8.0,3,7,3,3,43,33,230,1,IT,1
8.7,3,5,2,1,2,23,85,2,CIVIL,1
8.68,0,5,2,1,76,45,94,1,IT,1
6.99,5,4,8,0,69,84,410,8,ECE,1
8.17,4,1,5,2,65,48,163,8,MECH,1
8.72,1,4,7,2,36,30,415,6,ECE,1
6.88,0,8,0,3,10,1,348,3,ECE,1
5.53,3,2,8,1,88,37,431,3,ECE,1
7.72,4,1,6,1,47,72,478,1,CSE,1
8.78,0,8,8,1,8,90,24,4,CIVIL,1
9.36,0,2,0,0,69,47,409,5,IT,1
9.72,0,3,0,3,27,58,200,3,IT,1
5.72,1,10,2,2,83,34,40,6,IT,1
6.17,5,7,0,1,100,71,315,5,ECE,1
8.97,2,1,2,3,90,15,366,5,ECE,1
6.41,5,7,7,2,8,19,207,3,MECH,1
8.82,6,8,7,2,20,23,46,5,IT,1
8.62,3,2,5,3,85,56,217,4,MECH,1
7.88,6,1,7,2,76,59,2,6,IT,1
6.13,2,4,7,1,32,63,365,8,MECH,1
8.52,3,5,4,3,73,60,307,3,IT,1
7.97,4,7,0,3,82,78,428,3,ECE,1
6.15,1,4,4,3,65,84,63,8,CSE,1
9.21,6,1,0,3,52,60,155,5,ECE,1
9.91,1,4,6,3,50,55,30,7,ECE,1
8.1,2,4,5,1,58,54,113,5,IT,1
8.32,3,7,7,1,74,14,409,3,IT,1
8.74,6,5,6,3,42,89,220,8,IT,1
7.96,6,8,5,0,91,30,357,6,CIVIL,1
8.4,2,4,2,1,82,47,453,6,CIVIL,1
9.18,2,5,8,3,78,71,278,3,ECE,1
7.08,1,2,7,2,95,87,135,3,ECE,1
10.0,5,6,5,0,79,75,225,1,CIVIL,1
7.4,3,7,6,1,66,100,384,6,MECH,1
7.23,1,1,8,0,54,29,234,7,CIVIL,1
7.74,2,6,5,0,96,81,315,1,CSE,1
6.17,4,5,5,3,42,78,264,5,CSE,1
6.74,3,9,3,3,95,39,241,8,ECE,1
8.69,1,7,8,2,43,36,309,2,IT,1
9.75,3,10,2,3,76,96,124,3,IT,1
8.5,1,5,4,1,40,9,312,7,CSE,1
7.84,3,1,6,1,50,52,218,7,CSE,1
8.28,0,0,4,1,22,19,275,5,ECE,1
8.88,4,7,5,0,78,39,181,7,MECH,1
9.62,6,10,5,2,85,90,381,8,ECE,1
6.62,2,2,7,2,57,84,58,1,CSE,1
7.63,4,5,8,2,36,54,281,1,MECH,1
6.15,1,9,3,0,12,0,52,7,MECH,1
5.94,5,4,1,2,48,71,43,7,CIVIL,1
5.85,0,5,0,0,40,74,448,4,ECE,1
6.92,4,3,5,3,49,89,281,4,ECE,1
7.82,0,6,1,3,87,5,225,8,MECH,1
5.59,6,8,2,0,23,27,295,6,MECH,1
9.14,4,6,5,0,87,1,155,6,CIVIL,1
7.03,2,0,2,1,42,17,289,2,IT,1
8.42,2,1,2,2,66,80,62,6,CIVIL,1
7.85,4,3,6,3,12,68,363,8,CSE,1
9.57,0,6,3,0,82,50,480,1,CSE,1
8.63,6,4,6,1,28,20,343,4,MECH,1
7.69,1,5,5,2,38,11,317,2,IT,1
7.31,6,1,5,1,8,74,47,8,MECH,1
7.63,6,8,1,2,59,61,421,4,CIVIL,1
9.46,2,9,1,3,45,65,261,6,IT,1
9.69,1,10,7,0,41,46,499,2,IT,1
8.97,6,10,0,3,40,26,114,2,IT,1
5.82,0,2,2,2,34,1,271,3,IT,1
8.08,6,9,0,1,11,84,10,7,IT,1
9.45,2,5,1,0,83,75,430,8,CIVIL,1
9.03,0,1,8,2,43,56,284,6,CIVIL,1
7.18,4,9,1,2,2,56,110,2,CIVIL,1
9.98,5,7,4,0,92,91,209,4,CIVIL,1
9.68,6,5,8,0,49,98,423,1,CSE,1
7.74,5,4,3,0,50,25,136,3,MECH,1
7.51,2,9,8,3,71,9,43,6,MECH,1
7.22,3,3,2,2,83,37,193,2,MECH,1
7.04,0,10,6,0,87,9,65,7,CSE,1
7.15,0,7,7,3,94,92,44,2,CSE,1
6.33,4,6,2,1,14,52,404,5,CSE,1
5.94,3,8,1,2,64,79,343,6,CSE,1
5.95,0,5,7,3,0,1,153,2,ECE,1
8.67,4,4,6,3,76,100,218,8,CSE,1
6.79,4,7,1,0,47,90,227,3,IT,1
6.61,6,10,1,1,65,61,178,5,IT,1
8.52,6,1,1,2,40,4,309,3,CSE,1
5.51,6,4,5,3,95,53,24,2,CSE,1
6.95,0,7,6,2,44,79,328,4,IT,1
7.47,1,6,5,2,1,78,489,6,MECH,1
8.8,0,10,0,3,59,54,414,6,CSE,1
6.15,2,5,2,1,18,66,104,2,IT,1
9.49,3,5,4,3,90,7,87,6,CIVIL,1
8.52,4,3,1,3,73,24,274,4,IT,1
8.45,5,7,0,3,62,60,181,2,ECE,1
8.98,3,9,7,1,51,4,273,3,IT,1
6.39,1,3,0,1,48,90,354,3,IT,1
7.32,4,0,3,3,92,24,340,3,ECE,1
6.72,6,6,8,1,57,50,267,8,CIVIL,1
6.43,3,1,2,0,19,48,400,1,ECE,1
6.89,3,9,3,3,68,11,249,1,CSE,1
9.18,5,4,7,3,39,68,279,4,ECE,1
9.51,1,2,7,1,85,70,220,4,CSE,1
9.37,3,8,1,0,12,55,111,4,ECE,1
9.52,5,1,4,3,39,27,120,7,IT,1
7.61,4,0,6,2,13,0,333,4,CSE,1
8.04,5,6,8,1,30,26,50,4,IT,1
7.37,4,5,6,0,41,15,32,2,MECH,1
7.12,4,10,5,0,65,3,191,2,IT,1
6.01,3,2,3,3,45,94,440,5,MECH,1
5.52,6,9,6,3,16,90,200,2,CIVIL,1
8.41,1,9,5,2,21,84,91,1,CSE,1
7.59,4,8,1,2,9,78,244,7,IT,1
7.3,3,0,4,3,4,98,121,8,CIVIL,1
8.59,2,8,7,3,83,2,148,5,CIVIL,1
9.28,2,7,3,2,59,57,321,8,CSE,1
7.97,5,7,7,2,86,29,181,2,ECE,1
7.86,0,9,2,3,54,8,116,5,MECH,1
5.84,2,1,1,1,18,92,319,7,IT,1
7.37,4,5,0,2,53,43,54,2,ECE,1
9.92,2,9,3,1,46,45,472,2,MECH,1
9.0,4,1,4,1,51,73,206,7,CSE,1
9.66,2,7,6,3,17,43,141,6,CSE,1
8.63,5,0,5,1,46,78,125,4,CSE,1
5.79,3,5,0,1,42,93,418,8,CSE,1
7.02,5,9,2,2,49,74,479,5,IT,1
5.85,0,6,0,0,15,64,85,8,CIVIL,1
9.71,2,0,5,0,5,42,195,3,CSE,1
7.75,2,6,6,2,36,86,438,7,IT,1
9.69,5,9,2,2,40,38,230,5,CIVIL,1
9.58,0,10,1,2,77,13,107,7,IT,1
8.79,6,5,7,2,3,16,415,2,CIVIL,1
7.44,3,3,4,1,95,70,237,8,ECE,1
9.82,0,1,8,3,15,87,210,2,ECE,1
8.53,4,2,6,2,64,8,369,7,ECE,1
5.92,4,9,1,0,32,91,491,6,CIVIL,1
7.33,1,1,1,3,7,64,43,7,MECH,1
7.3,1,4,1,2,11,93,401,5,MECH,1
6.91,6,1,0,3,56,34,484,7,ECE,1
6.77,0,7,6,2,87,28,53,4,CIVIL,1
9.67,2,9,5,0,6,28,351,3,ECE,1
9.48,0,9,4,3,69,50,142,3,CIVIL,1
5.69,6,7,3,3,64,30,374,1,CSE,1
9.28,4,7,4,2,41,42,346,4,CSE,1
6.07,0,5,4,3,81,31,97,4,MECH,1
9.29,4,3,8,3,1,47,368,8,IT,1
6.63,6,6,4,2,71,25,337,1,IT,1
5.93,6,1,0,2,70,4,89,1,ECE,1
8.91,0,7,0,0,16,50,163,5,MECH,1
6.83,3,7,4,1,10,60,9,1,CSE,1
5.63,1,0,7,1,0,42,319,5,MECH,1
9.22,2,4,4,3,15,53,357,3,CSE,1
6.32,5,6,0,0,18,31,224,5,MECH,1
8.53,2,5,4,0,8,57,302,1,ECE,1
7.71,2,10,1,2,91,18,421,5,CSE,1
7.67,2,9,5,2,45,52,387,7,ECE,1
5.6,2,4,1,0,30,78,275,5,ECE,1
8.44,3,9,0,1,95,31,449,5,MECH,1
8.67,5,7,8,0,67,96,291,4,CSE,1
7.4,0,2,7,3,17,95,273,2,MECH,1
9.65,2,0,4,0,81,20,255,4,MECH,1
9.67,1,0,6,0,27,22,354,4,CSE,1
6.94,4,0,3,0,79,28,433,2,CSE,1
8.08,2,2,8,0,17,71,429,1,MECH,1
8.72,0,8,4,3,54,96,228,6,IT,1
8.14,3,10,0,1,92,21,209,8,MECH,1
6.14,6,10,6,1,10,57,475,2,CIVIL,1
7.59,3,4,1,0,40,53,349,7,MECH,1
9.93,2,2,8,1,11,19,348,4,CSE,1
9.81,2,9,6,2,94,100,433,6,CSE,1
7.42,1,5,5,0,55,97,350,8,MECH,1
6.05,0,10,0,1,22,41,51,2,ECE,1
9.83,5,0,4,1,84,7,430,2,CSE,1
9.55,4,5,5,2,89,49,328,4,ECE,1
6.95,2,10,8,0,28,12,16,1,CSE,1
8.54,6,7,0,0,86,69,442,7,CSE,1
5.55,0,2,1,1,16,52,358,6,CIVIL,1
5.93,1,4,3,2,85,77,430,6,MECH,1
9.73,3,8,2,2,78,92,13,8,CIVIL,1
9.34,1,3,7,1,48,97,313,3,IT,1
9.19,3,6,7,1,24,45,488,4,IT,1
7.35,1,3,4,2,43,49,303,3,CSE,1
6.04,5,3,3,2,86,59,170,1,IT,1
9.06,0,0,0,2,61,80,356,3,IT,1
6.29,2,7,1,3,90,2,310,8,MECH,1
6.86,3,0,2,3,19,63,214,4,MECH,1
5.58,6,0,5,1,41,14,176,1,ECE,1
8.51,0,2,4,0,23,62,386,3,ECE,1
9.0,0,1,4,3,100,40,161,7,CIVIL,1
7.71,4,0,7,2,24,76,306,1,CIVIL,1
6.22,2,1,0,1,36,71,410,8,IT,1
9.71,2,5,6,0,64,69,10,4,IT,1
7.44,4,7,5,3,77,74,475,2,MECH,1
9.44,3,4,4,0,15,67,96,4,IT,1
7.54,2,10,0,1,90,4,172,1,CSE,1
6.81,1,6,6,2,21,81,344,2,CSE,1
5.54,4,6,8,0,76,25,81,3,CIVIL,1
7.49,6,2,3,2,0,60,157,7,ECE,1
9.55,4,4,6,1,66,35,268,3,MECH,1
9.26,1,8,1,0,55,91,114,5,ECE,1
6.53,2,4,1,3,17,24,293,1,MECH,1
9.82,6,7,0,3,54,98,311,8,IT,1
6.79,0,7,6,0,51,15,326,6,CSE,1
8.41,3,5,2,1,60,80,151,5,ECE,1
9.44,3,8,2,0,71,12,141,7,CIVIL,1
8.09,6,5,7,3,19,19,473,5,CSE,1
5.62,0,5,0,1,26,84,166,4,IT,1
9.18,0,7,1,3,96,31,231,2,ECE,1
7.27,0,10,3,0,49,16,303,8,ECE,1
6.9,5,6,7,0,45,81,45,7,ECE,1
8.86,4,10,8,2,89,28,283,2,MECH,1
9.68,4,1,1,1,58,22,17,1,ECE,1
6.46,3,0,5,2,83,76,214,3,IT,1
7.68,1,10,8,0,34,3,137,2,ECE,1
6.06,6,0,1,3,27,99,149,7,MECH,1
8.04,6,4,7,3,39,29,112,8,IT,1
7.26,5,10,5,3,43,35,301,4,CSE,1
8.36,6,10,0,0,88,5,106,1,CIVIL,1
6.87,0,1,3,3,85,97,198,1,CSE,1
8.84,5,1,2,1,39,80,267,3,IT,1
8.29,1,6,5,1,57,12,8,8,IT,1
7.2,0,0,3,2,88,46,357,5,MECH,1
8.17,2,0,6,1,18,12,163,6,MECH,1
5.5,2,0,0,2,49,25,281,5,CIVIL,1
6.38,1,2,5,0,81,53,257,7,CSE,1
8.95,2,8,3,0,26,56,166,6,IT,0
8.72,3,1,3,3,20,18,377,3,MECH,1
9.75,1,0,3,1,54,44,115,3,ECE,1
7.92,5,4,7,2,59,1,61,2,IT,1
6.11,4,8,2,1,24,43,186,5,CSE,1
9.0,0,1,0,1,32,95,316,1,CIVIL,1
6.59,5,2,5,2,98,45,390,8,MECH,1
8.4,6,5,7,2,97,42,31,4,CSE,1
6.85,0,7,6,2,61,45,308,2,CSE,1
6.2,4,4,2,0,90,53,354,4,ECE,1
7.18,3,5,2,0,96,16,392,6,ECE,1
7.41,3,0,8,1,13,85,130,1,IT,1
7.46,6,2,4,1,84,27,253,6,CIVIL,1
9.43,6,3,3,3,7,68,120,4,IT,1
9.49,6,5,1,3,95,51,285,8,CSE,1
5.59,5,9,1,0,33,10,276,7,IT,1
9.63,4,9,6,3,63,79,241,1,ECE,1
6.65,6,5,6,3,94,25,315,2,ECE,1
8.44,0,2,5,0,82,3,190,1,ECE,1
5.88,5,4,4,1,72,57,45,3,CSE,1
7.51,2,3,0,2,70,87,182,8,CIVIL,1
8.59,0,0,6,2,77,96,96,1,ECE,1
8.07,2,1,7,0,24,75,262,7,ECE,1
8.83,3,5,1,0,48,7,66,4,CIVIL,1
5.79,1,3,5,2,29,23,50,8,CSE,1
9.57,3,1,1,1,30,78,49,1,IT,1
6.56,2,8,0,2,76,97,386,8,CIVIL,1
8.2,6,9,5,2,92,94,464,1,CIVIL,1
7.71,5,0,3,2,82,35,494,1,CIVIL,1
9.92,4,7,6,1,69,52,270,7,CSE,1
7.48,0,4,2,1,58,74,354,5,CSE,1
8.75,6,6,6,3,43,98,390,4,MECH,1
6.01,4,4,3,2,28,7,25,8,CIVIL,1
7.84,3,5,4,0,59,69,295,3,CIVIL,1
5.88,4,4,2,2,93,39,42,7,CSE,1
6.14,0,5,8,2,16,84,245,1,IT,1
7.34,2,7,3,0,50,70,420,1,CSE,1
7.25,6,5,7,0,87,39,452,8,IT,1
7.21,3,2,6,3,67,3,205,7,CSE,1
5.79,1,3,4,2,44,83,66,8,IT,1
7.58,1,5,6,3,92,8,10,5,ECE,1
5.78,2,9,7,0,27,39,283,7,IT,1
7.87,3,4,0,0,94,19,43,5,ECE,1
7.86,6,0,2,3,41,20,409,3,MECH,1
5.54,0,4,8,3,31,0,12,7,IT,1
9.22,3,1,5,2,40,32,483,1,CSE,1
8.82,3,4,6,0,37,87,453,7,CIVIL,1
8.83,5,8,7,1,69,83,77,6,IT,1
5.61,1,8,4,3,16,96,12,6,ECE,1
9.11,3,5,1,1,86,31,287,1,CIVIL,1
8.34,0,6,7,1,36,49,89,7,IT,1
7.68,5,10,0,0,38,59,311,7,CSE,1
5.51,0,7,4,1,97,41,417,2,ECE,1
8.25,6,6,1,3,63,7,194,7,ECE,1
5.74,4,0,0,3,86,94,363,5,IT,1
7.64,1,2,4,0,84,36,450,3,CSE,1
9.75,3,2,6,1,92,52,213,3,ECE,1
7.61,2,1,1,2,25,80,422,2,ECE,1
5.98,5,7,1,0,36,79,380,3,CIVIL,1
8.91,3,9,7,0,12,85,293,7,ECE,1
5.51,6,5,3,0,59,16,4,6,CSE,1
9.44,4,7,5,3,27,72,89,6,MECH,1
6.21,3,0,4,2,70,1,0,1,ECE,1
5.99,4,9,6,1,98,53,202,3,IT,1
9.51,3,8,8,0,25,55,112,5,CSE,1
6.98,3,7,0,0,72,47,308,8,ECE,1
8.84,4,8,0,3,22,78,23,6,ECE,1
6.7,0,6,8,0,9,94,213,3,CSE,1
6.83,5,7,2,0,82,69,438,1,MECH,1
9.81,2,8,8,3,2,66,356,1,CSE,1
6.88,2,3,3,1,20,93,414,7,CIVIL,1
6.27,5,0,7,1,48,3,366,7,CSE,1
9.32,4,0,2,2,65,24,438,6,MECH,1
6.59,5,6,5,2,36,91,425,6,CIVIL,1
6.7,0,4,0,1,29,98,44,5,ECE,1
8.76,0,9,6,3,57,11,422,2,IT,1
9.31,5,8,3,0,40,37,14,6,CIVIL,1
8.99,5,0,4,2,66,48,17,8,CSE,1
6.47,0,7,5,3,75,91,341,6,IT,1
7.96,1,10,8,1,30,16,113,8,MECH,1
9.36,3,7,8,2,86,11,236,8,CIVIL,1
7.64,3,10,6,3,13,9,470,4,IT,1
8.48,0,6,7,2,29,83,133,5,CSE,1
6.54,1,9,7,3,61,99,333,5,IT,1
6.23,3,9,2,0,43,20,131,2,IT,1
6.73,3,7,0,1,31,9,418,3,ECE,1
9.05,0,1,6,1,45,17,107,5,MECH,1
7.05,4,5,3,1,7,50,411,3,CIVIL,1
5.8,6,1,3,3,98,90,0,5,MECH,1
9.28,6,2,3,1,2,11,425,5,ECE,1
6.55,2,6,5,3,38,4,135,5,IT,1
6.44,3,10,5,3,28,34,324,1,IT,1
8.93,0,7,7,3,93,66,260,2,IT,1
6.57,1,1,6,0,57,18,92,5,CIVIL,1
9.66,6,6,1,3,9,37,332,2,MECH,1
6.01,3,8,8,0,46,65,202,4,MECH,1
8.7,4,7,7,0,18,55,221,1,MECH,1
9.01,3,0,0,2,88,43,279,5,CSE,1
5.75,0,10,2,1,99,70,37,5,IT,1
9.74,2,7,5,1,74,62,395,7,CIVIL,1
9.64,5,2,1,3,14,42,309,2,ECE,1
9.23,3,2,2,3,21,10,276,1,CSE,1
6.15,3,3,7,3,95,81,213,5,CSE,1
9.62,3,3,3,3,26,28,306,4,IT,1
5.98,3,4,4,3,74,16,96,7,ECE,1
6.68,5,8,7,3,90,79,227,5,CSE,1
5.63,2,1,2,1,18,24,179,5,MECH,1
7.56,2,5,0,2,64,0,18,4,ECE,1
9.04,6,1,8,1,82,68,49,5,ECE,1
7.59,6,9,3,0,65,91,42,5,ECE,1
5.73,3,9,6,2,72,41,366,2,CSE,1
9.98,5,9,0,2,23,37,407,2,CSE,1
6.98,4,0,7,3,26,63,35,5,CIVIL,1
8.51,4,6,2,3,89,58,336,5,CSE,1
6.9,2,2,7,2,67,66,233,3,IT,1
8.82,2,10,8,3,29,48,118,4,CIVIL,1
8.46,6,9,2,3,15,44,75,8,IT,1
7.18,6,9,0,2,70,71,94,3,MECH,1
8.37,3,2,0,1,55,31,91,4,MECH,1
9.55,0,3,6,2,90,57,207,5,MECH,1
8.4,3,4,1,3,35,44,425,1,CIVIL,1
8.93,3,10,7,1,58,37,338,1,CIVIL,0
8.14,6,6,4,1,98,45,348,2,MECH,1
9.12,4,3,6,2,26,88,55,4,IT,1
9.11,5,1,6,3,88,12,44,8,CIVIL,1
9.5,6,9,7,0,90,42,215,2,ECE,1
9.45,4,8,4,2,83,67,371,2,CSE,1
8.22,6,0,0,2,94,38,312,3,ECE,1
6.77,2,1,8,1,75,59,15,8,CIVIL,1
9.51,4,1,5,2,34,79,373,8,ECE,1
9.2,3,9,4,0,6,23,76,1,IT,1
8.49,6,2,3,1,52,81,423,2,MECH,1
6.97,4,9,0,1,89,90,363,4,ECE,1
8.56,3,2,7,1,9,70,52,8,IT,1
6.29,4,6,4,1,82,77,12,3,CSE,1
8.5,6,3,4,0,71,85,298,2,IT,1
8.7,2,5,7,1,84,56,388,4,IT,1
9.78,6,9,8,1,26,66,318,2,ECE,1
8.4,1,3,2,3,79,64,61,2,ECE,1
7.26,2,2,8,2,16,54,178,4,CIVIL,1
7.89,1,0,3,2,51,19,94,1,ECE,1
6.6,4,0,2,1,11,27,110,8,IT,1
7.06,5,7,0,2,3,16,166,3,ECE,1
8.39,4,4,8,0,68,35,2,5,CIVIL,1
7.78,6,1,0,2,87,5,484,8,IT,1
8.98,2,7,6,0,50,76,237,4,MECH,1
9.31,5,7,8,1,45,64,304,8,MECH,1
6.55,0,8,2,2,0,39,62,2,CIVIL,1
5.84,2,1,7,0,58,64,182,2,CSE,1
8.67,3,4,3,3,88,96,153,3,CSE,1
7.81,6,5,8,1,64,13,276,6,IT,1
8.95,6,1,1,1,53,21,77,3,MECH,1
7.19,4,0,1,1,0,28,23,6,IT,1
9.24,5,6,3,3,18,35,308,3,CSE,1
9.8,1,7,1,1,6,66,444,4,ECE,1
5.66,3,7,0,2,74,55,323,2,ECE,1
8.0,6,5,8,2,20,75,44,6,IT,1
8.33,4,1,4,1,96,55,55,2,IT,1
8.67,4,8,4,1,94,84,475,3,MECH,1
8.59,2,1,6,1,70,76,323,6,CIVIL,1
6.52,2,5,3,3,83,88,399,1,ECE,1
8.51,2,2,0,0,41,38,430,3,ECE,1
8.71,6,7,2,3,3,49,23,2,CSE,1
9.83,3,10,4,1,2,74,80,4,CIVIL,1
6.29,4,7,5,2,78,79,461,7,ECE,1
6.53,2,1,0,3,11,1,202,7,MECH,0
6.03,1,0,0,0,46,6,208,1,CSE,1
8.59,3,3,3,3,2,40,498,8,CIVIL,1
6.89,1,4,4,0,96,37,342,5,ECE,1
5.87,0,5,1,2,45,14,394,3,CIVIL,1
9.91,5,9,1,2,55,39,472,2,ECE,1
7.45,0,8,3,3,44,91,307,3,ECE,1
5.81,3,2,3,0,50,2,71,7,IT,1
7.21,4,9,3,3,54,19,434,1,IT,1
8.78,3,9,6,1,76,73,174,1,ECE,1
9.32,4,5,4,1,44,11,475,5,CIVIL,1
6.61,1,9,7,1,93,59,30,7,IT,1
9.94,5,3,7,1,84,52,495,5,ECE,1
9.86,6,4,7,2,37,91,303,6,CSE,1
7.59,4,4,7,3,9,8,455,4,MECH,1
9.39,1,7,0,0,6,17,326,4,MECH,1
8.29,0,6,6,0,68,86,320,4,IT,1
8.57,4,2,0,2,20,46,85,2,CSE,1
7.01,2,8,1,2,94,44,265,3,MECH,1
7.36,3,9,6,3,82,98,27,2,IT,1
6.2,2,3,4,0,66,16,89,4,MECH,1
7.07,3,5,6,3,0,89,393,5,CIVIL,1
6.46,3,4,3,1,22,21,258,4,ECE,1
6.93,5,0,7,2,53,23,152,6,CIVIL,1
8.52,1,1,8,0,11,75,17,7,CIVIL,1
6.4,2,7,4,3,21,22,160,4,IT,1
8.4,3,9,5,0,74,47,193,5,MECH,1
5.53,5,1,8,1,35,91,453,1,IT,1
9.98,2,10,8,0,95,97,194,8,ECE,1
6.54,2,3,3,1,38,53,242,4,ECE,1
9.25,4,8,3,3,84,19,344,4,ECE,1
5.7,4,7,3,1,58,43,469,1,ECE,1
9.82,1,7,7,1,44,15,230,2,MECH,1
7.24,2,0,1,3,49,75,265,5,CSE,1
5.77,4,0,0,0,95,31,154,6,ECE,1
8.33,3,0,0,1,8,43,350,3,IT,1
7.32,5,2,6,1,97,97,396,3,CIVIL,1
8.04,5,6,3,0,70,17,271,2,CSE,1
8.0,4,10,0,2,7,61,493,6,ECE,1
9.35,0,2,3,1,90,34,459,8,MECH,1
6.72,3,10,8,1,42,15,184,6,CSE,1
8.39,2,2,1,1,65,77,328,3,MECH,1
8.91,3,7,8,3,74,37,166,5,ECE,1
6.04,5,10,3,0,26,2,291,2,MECH,1
8.44,1,9,6,2,27,5,285,6,IT,1
9.89,4,3,3,0,100,49,20,4,CSE,1
6.74,6,10,5,0,98,44,36,8,ECE,1
5.72,0,4,0,0,48,46,208,7,CSE,1
6.3,3,5,8,3,100,45,328,1,CIVIL,1
7.56,3,0,3,0,81,43,17,7,ECE,1
6.24,2,9,8,2,37,95,433,7,CIVIL,1
8.46,1,4,7,1,76,43,84,8,MECH,1
7.78,5,10,1,2,19,42,432,2,MECH,1
6.35,3,4,6,1,95,61,115,7,IT,1
9.39,6,3,3,3,58,100,8,8,CIVIL,1
5.52,4,2,1,3,44,61,50,4,MECH,1
7.89,6,10,2,0,8,49,324,1,CSE,1
7.85,2,5,8,3,97,9,2,5,ECE,1
9.29,6,0,7,2,18,31,486,8,ECE,1
6.0,6,10,6,2,67,32,170,8,CIVIL,1
5.54,2,2,0,1,22,11,124,6,MECH,1
7.86,0,3,2,0,83,79,390,6,CIVIL,1
8.82,1,8,1,2,24,57,171,5,ECE,1
9.75,0,3,3,3,18,8,121,5,CIVIL,1
9.98,2,8,5,1,61,3,201,8,IT,1
6.6,3,5,3,3,83,6,251,7,CIVIL,1
6.88,6,4,5,3,89,9,400,2,CSE,1
7.31,6,6,3,2,60,62,263,3,CSE,1
5.72,3,3,7,2,89,92,76,8,MECH,1
8.7,1,7,4,2,62,14,32,8,ECE,1
9.59,0,3,2,0,42,22,35,4,CSE,1
6.69,4,2,6,3,21,52,303,1,MECH,1
6.52,6,2,2,2,24,58,116,8,MECH,1
5.78,1,6,4,2,12,70,308,7,MECH,1
6.32,6,4,2,0,50,18,353,2,CIVIL,1
7.44,0,0,4,2,54,92,107,4,CIVIL,1
9.57,6,2,5,2,5,49,281,8,CSE,1
6.77,1,4,7,3,68,19,254,8,MECH,1
7.15,5,3,6,3,72,50,428,3,CSE,1
7.4,0,10,7,1,52,7,215,6,ECE,1
8.17,2,4,7,2,94,42,169,5,IT,1
6.54,4,10,2,3,28,8,54,4,CIVIL,1
9.82,4,3,5,0,17,70,174,8,IT,1
9.51,3,0,1,2,93,78,246,7,ECE,1
8.25,3,10,1,2,33,48,476,6,CSE,1
6.76,6,8,4,1,97,11,16,1,IT,1
8.24,1,7,4,0,70,9,438,7,IT,1
5.72,0,1,8,1,72,9,193,6,CIVIL,1
6.93,4,9,1,3,50,11,463,5,IT,1
5.71,2,9,2,0,26,55,468,6,CSE,1
7.86,0,8,4,2,35,31,38,6,CIVIL,1
5.93,2,0,3,2,5,73,187,4,MECH,1
6.37,1,7,1,0,16,98,236,7,CSE,1
8.34,0,6,2,2,67,69,298,8,IT,1
8.78,2,4,6,0,30,91,145,5,MECH,1
7.39,6,9,6,2,100,16,181,2,ECE,1
6.01,1,3,4,1,55,72,160,2,CIVIL,1
8.0,2,2,4,2,57,88,40,8,CIVIL,1
9.24,0,0,7,3,51,57,206,8,MECH,1
5.8,5,4,2,3,63,74,383,6,MECH,1
6.02,3,2,2,0,93,59,55,1,IT,1
7.69,6,2,3,0,49,15,271,2,CSE,1
6.58,2,10,7,2,74,71,397,1,MECH,1
9.4,5,7,6,3,78,99,409,6,MECH,1
8.25,5,3,8,2,26,89,497,5,MECH,1
5.97,4,8,4,2,7,84,383,8,CIVIL,1
5.52,2,9,2,3,76,46,245,6,IT,1
8.65,1,3,4,1,77,96,158,7,CIVIL,1
7.54,6,4,7,3,89,69,408,6,ECE,1
9.71,1,9,6,1,86,12,178,6,ECE,1
7.34,4,4,5,2,11,54,357,4,MECH,1
6.95,1,3,5,0,26,98,296,1,MECH,1
6.77,5,9,3,2,27,34,45,2,IT,1
5.51,3,10,1,0,43,16,231,1,CIVIL,1
9.06,4,10,2,2,31,18,303,5,CSE,1
6.9,0,9,5,0,15,11,399,8,IT,1
7.19,1,8,5,1,24,63,16,7,MECH,1
6.55,2,1,6,0,67,56,49,1,CSE,1
7.1,6,1,5,2,3,13,158,8,MECH,1
7.24,0,4,0,3,98,53,411,7,CSE,1
7.4,0,8,8,2,47,95,368,4,CIVIL,1
5.84,3,9,4,2,86,30,254,1,IT,1
7.75,1,9,7,2,10,19,144,2,IT,1
8.23,0,4,0,2,91,34,393,6,CIVIL,1
5.9,5,8,4,2,88,61,77,3,CSE,1
9.08,5,1,4,0,0,95,452,7,IT,1
5.63,0,10,1,3,48,25,333,7,CIVIL,1
6.94,1,4,8,3,86,10,487,7,IT,1
7.92,5,5,0,2,50,75,345,5,MECH,1
8.35,1,9,0,2,85,8,315,1,MECH,1
8.44,3,10,2,2,57,60,30,4,CSE,1
8.67,6,9,7,0,10,64,208,3,IT,1
9.05,5,9,2,3,64,52,449,6,CSE,1
9.38,3,9,0,2,34,31,366,2,ECE,1
5.57,2,9,6,1,37,91,235,4,MECH,1
8.13,2,8,0,3,95,44,191,4,MECH,1
8.95,5,7,6,0,29,75,476,3,MECH,1
7.03,3,4,0,1,12,84,226,4,CSE,1
6.99,4,1,5,3,8,6,39,8,IT,1
7.92,6,3,2,0,23,86,8,3,IT,1
6.95,3,5,7,3,6,4,463,7,ECE,1
6.66,3,6,4,2,81,39,240,6,CSE,1
5.89,5,4,5,0,98,53,188,3,IT,1
9.1,4,0,7,2,88,46,385,4,ECE,1
6.19,2,9,0,1,57,72,227,2,CSE,1
5.51,6,9,6,0,60,100,279,4,IT,1
9.0,1,4,4,0,21,88,357,3,ECE,1
8.92,3,10,7,2,51,41,312,8,CSE,1
8.07,3,5,5,1,43,50,211,6,MECH,1
6.85,1,10,1,2,29,64,423,8,ECE,1
8.46,5,5,7,3,63,79,115,3,CIVIL,1
6.62,2,2,0,2,46,31,432,5,IT,1
8.31,3,2,4,0,87,27,237,8,MECH,1
8.19,0,1,3,1,90,30,21,4,ECE,1
5.51,0,9,1,3,92,70,443,8,CSE,1
7.96,0,3,4,1,65,9,20,3,MECH,1
9.61,6,0,4,0,45,96,164,7,CSE,1
6.34,4,7,7,2,76,81,428,7,IT,1
7.54,6,0,7,1,30,20,233,3,CSE,1
8.56,6,4,1,3,69,30,324,6,MECH,1
6.37,0,9,5,0,94,81,406,5,CIVIL,1
8.88,6,0,6,2,37,53,310,2,IT,1
9.02,0,0,6,0,25,66,387,3,IT,1
5.59,3,4,4,1,33,3,47,6,MECH,1
5.57,2,3,2,1,30,51,228,1,CIVIL,1
8.23,0,0,6,0,71,27,84,5,MECH,1
9.64,2,3,5,0,54,85,231,8,CIVIL,1
8.53,3,7,7,1,61,16,166,7,CSE,1
6.75,1,6,5,1,84,29,262,4,ECE,1
8.05,1,10,0,1,37,56,429,4,CIVIL,1
7.05,5,6,8,1,80,25,151,6,CIVIL,1
7.87,1,1,0,2,27,65,203,3,MECH,1
6.35,6,8,0,3,12,98,225,1,MECH,1
7.46,4,6,7,3,25,42,380,6,CSE,1
8.8,6,7,4,0,28,57,432,1,ECE,1
7.18,4,10,6,1,100,77,64,7,CSE,1
8.69,4,9,0,3,17,6,193,3,MECH,1
5.93,1,1,2,0,97,62,418,3,IT,0
7.26,0,9,2,2,66,93,383,6,MECH,1
5.71,1,7,5,3,48,63,225,4,CSE,1
8.48,0,0,4,2,13,69,97,6,ECE,1
8.34,1,1,7,3,48,21,56,8,MECH,1
6.53,5,4,7,1,44,6,292,3,CSE,1
9.52,0,2,1,1,0,8,292,4,IT,1
7.28,4,1,3,2,62,83,336,3,MECH,1
6.06,6,9,6,3,38,50,307,8,MECH,1
9.79,0,3,5,3,40,60,287,5,CIVIL,1
7.43,4,0,2,0,20,85,472,8,ECE,1
8.6,3,6,8,2,79,32,46,8,CIVIL,1
6.7,2,10,4,2,94,97,58,5,MECH,1
8.09,5,9,1,0,81,96,485,1,CSE,1
8.65,6,8,2,1,67,44,353,3,MECH,1
5.52,3,9,1,0,56,92,85,6,IT,1
8.37,1,9,7,1,67,22,439,1,CSE,1
8.41,4,7,6,2,20,94,400,4,CSE,1
8.67,1,3,1,0,12,27,455,1,CSE,1
8.9,0,4,6,2,69,19,98,5,IT,1
5.55,6,5,7,1,88,16,203,6,CSE,1
8.22,2,6,4,2,86,89,443,7,ECE,1
6.93,1,3,0,1,36,46,108,2,CIVIL,1
7.0,3,2,4,2,69,0,453,2,CSE,1
7.83,1,5,4,3,39,88,37,3,MECH,1
6.88,4,10,4,1,62,28,1,2,CSE,1
8.72,1,3,0,3,74,49,496,4,ECE,1
9.16,6,1,2,1,18,66,284,3,ECE,1
7.37,6,6,1,1,27,28,436,4,IT,1
9.77,0,3,1,1,92,63,55,7,CSE,1
8.57,2,6,8,0,2,89,266,4,IT,1
6.43,6,5,4,0,44,83,428,8,MECH,1
5.7,0,7,5,1,97,22,231,8,CIVIL,1
7.24,6,10,2,1,81,17,361,7,ECE,1
7.29,6,5,1,0,40,97,74,6,ECE,1
8.38,2,0,3,3,37,31,122,3,CSE,1
6.18,6,5,7,2,36,91,420,5,IT,1
7.71,2,5,7,2,43,73,301,7,MECH,1
7.03,5,9,0,1,45,12,178,3,MECH,1
7.42,0,7,4,2,34,77,273,5,CSE,1
7.52,5,8,1,1,25,56,183,5,IT,1
8.22,1,2,6,3,12,85,364,7,ECE,1
6.11,6,1,3,3,81,1,475,4,MECH,1
5.91,1,5,5,2,86,74,34,3,ECE,1
6.81,6,5,5,0,58,70,134,5,CSE,1
9.85,4,9,4,0,5,81,377,4,CIVIL,1
6.91,4,9,2,0,84,14,380,1,CSE,1
7.21,3,1,7,3,35,31,374,4,MECH,1
8.45,5,7,7,0,33,69,82,1,ECE,1
6.6,5,4,0,2,52,42,97,8,CIVIL,1
6.8,3,2,1,2,1,33,396,4,IT,1
6.68,0,0,2,0,39,65,230,6,CIVIL,1
7.97,3,10,3,0,16,97,221,6,IT,1
7.92,5,9,6,2,95,39,88,5,ECE,1
8.89,0,9,5,3,66,94,139,6,MECH,1
7.37,4,0,3,3,79,49,246,6,IT,1
9.59,1,4,2,3,50,24,383,1,IT,1
7.41,4,6,6,0,86,82,362,8,MECH,1
8.96,6,1,6,2,10,65,464,6,MECH,1
8.55,2,8,1,3,37,71,190,4,MECH,1
5.97,2,8,2,1,10,48,31,3,ECE,1
6.08,2,8,1,1,56,59,220,8,IT,1
6.62,1,9,7,3,32,4,109,1,IT,1
9.61,1,6,8,0,90,88,496,4,CSE,1
9.46,4,5,3,1,6,60,199,1,IT,1
7.56,3,7,1,3,7,37,290,8,ECE,1
5.62,0,0,3,0,91,31,31,4,IT,1
8.71,5,9,4,1,96,18,88,6,CIVIL,1
8.88,2,8,4,3,97,94,217,4,CIVIL,1
6.18,5,8,8,0,93,92,4,8,IT,1
5.87,5,3,3,2,62,65,178,4,MECH,1
6.77,2,1,1,3,78,8,173,1,MECH,1
7.31,4,0,0,2,22,57,166,8,IT,1
7.47,0,7,7,1,58,48,58,8,CIVIL,1
7.6,1,0,5,0,50,83,388,7,CSE,1
5.55,2,6,6,3,69,93,397,7,MECH,1
9.71,1,3,5,3,67,7,350,8,CSE,1
6.84,6,9,4,0,0,50,263,6,MECH,1
7.67,4,5,3,0,79,31,302,4,CIVIL,1
7.07,4,0,8,3,28,72,135,8,ECE,1
5.72,4,3,4,0,30,54,35,8,CIVIL,1
5.77,5,5,7,0,31,60,76,3,CSE,1
6.26,3,9,7,0,75,26,86,4,MECH,1
5.81,5,2,6,2,5,43,78,3,CIVIL,1
8.14,0,9,3,0,32,60,392,8,CIVIL,1
6.49,1,7,8,1,33,93,347,1,CIVIL,1
8.93,6,0,3,3,5,21,113,2,ECE,1
9.35,4,6,6,3,34,13,385,5,CIVIL,1
5.52,0,1,7,0,23,43,442,4,MECH,0
9.28,1,7,1,1,94,52,29,6,MECH,1
8.16,3,8,3,1,50,0,41,4,CSE,1
7.82,6,7,6,0,14,67,336,2,CSE,1
9.97,5,8,5,2,7,61,33,2,CSE,1
5.59,2,8,8,1,69,61,226,8,ECE,1
7.15,1,8,2,2,8,88,229,3,ECE,1
9.94,6,2,0,1,4,55,45,4,CIVIL,1
6.98,0,6,6,2,13,7,66,6,CIVIL,1
7.74,0,1,3,0,4,44,91,6,CIVIL,1
7.12,6,9,1,1,18,10,363,8,CSE,1
7.76,6,3,4,3,95,70,257,5,MECH,1
8.33,4,3,5,0,71,86,337,6,MECH,1
5.67,3,6,2,0,8,97,465,3,ECE,1
5.53,4,2,3,2,54,68,32,5,ECE,1
9.06,5,4,2,3,5,66,301,2,MECH,1
6.25,6,5,2,2,62,76,183,6,CIVIL,1
6.17,0,0,6,1,55,90,343,6,MECH,1
7.16,1,3,6,1,69,93,430,1,CIVIL,1
9.7,6,4,7,3,60,67,446,1,IT,1
8.05,4,4,6,0,11,25,381,2,ECE,1
6.41,2,5,6,1,98,12,464,7,CIVIL,1
7.94,0,8,7,0,22,12,86,1,IT,1
9.0,2,4,8,0,13,81,453,8,CIVIL,1
5.8,5,0,7,0,65,22,442,6,IT,1
7.5,3,2,6,1,68,58,406,4,CIVIL,1
7.18,4,5,1,3,13,13,176,7,ECE,1
9.51,5,2,7,0,58,41,237,5,MECH,1
7.12,3,9,4,2,67,33,331,3,CSE,1
9.08,0,8,0,1,54,68,467,6,CSE,1
9.05,6,10,1,2,74,66,40,7,MECH,1
8.42,2,8,4,3,99,57,375,8,ECE,1
7.46,5,8,0,0,66,34,449,4,MECH,1
8.88,3,5,4,2,73,28,22,5,CSE,1
7.74,4,2,2,0,3,50,179,2,IT,1
8.4,2,10,8,0,72,1,450,4,CSE,1
6.44,5,9,0,1,1,62,190,7,CIVIL,1
6.45,2,8,5,1,48,62,166,3,IT,1
7.12,4,10,4,2,90,21,100,6,CSE,1
7.0,4,5,4,2,30,14,243,7,MECH,1
5.79,2,3,1,1,81,44,302,5,MECH,1
5.84,0,3,1,2,76,50,462,4,ECE,1
8.41,6,10,0,0,58,27,348,1,ECE,1
6.13,0,2,5,0,8,48,58,1,CSE,1
6.37,4,10,3,2,11,92,400,5,CIVIL,1
7.71,3,8,1,0,100,29,22,4,IT,1
7.7,3,3,1,1,62,54,290,3,IT,1
7.74,4,5,0,1,80,29,329,3,MECH,1
7.67,6,0,4,2,32,64,118,4,IT,1
9.9,6,5,8,2,17,81,106,1,ECE,1
9.71,1,3,7,3,47,36,447,2,CSE,1
7.65,1,3,1,3,46,59,353,6,CIVIL,1
8.78,6,0,7,3,63,80,301,3,ECE,1
6.19,2,0,8,3,82,68,458,3,CSE,1
8.8,4,7,3,1,94,46,324,6,IT,1
5.94,3,4,6,0,83,20,142,3,CSE,1
6.17,2,9,2,0,68,80,390,4,IT,1
7.24,5,8,2,1,0,43,56,7,CIVIL,1
7.17,0,5,6,2,65,1,406,5,ECE,1
9.66,1,9,3,3,85,0,468,3,CIVIL,1
6.48,2,4,8,2,21,10,141,2,CIVIL,1
8.07,1,7,6,3,99,82,257,1,MECH,1
5.86,2,8,0,2,97,10,170,7,MECH,1
8.32,3,4,0,1,13,76,222,4,CIVIL,1
9.89,2,10,2,0,48,74,354,2,IT,1
5.96,6,8,3,1,96,14,409,6,CIVIL,1
7.69,0,7,5,2,82,81,456,5,CSE,1
5.52,1,4,8,0,43,10,132,4,MECH,1
7.64,2,7,1,2,43,28,416,5,IT,1
9.56,0,4,7,0,38,96,351,3,MECH,1
9.99,6,8,6,0,84,99,408,2,ECE,1
9.18,5,7,8,3,45,21,374,1,CSE,1
8.39,5,4,4,0,96,76,379,5,IT,1
7.72,1,4,5,1,99,70,345,5,CSE,1
5.88,0,0,5,0,36,59,48,1,CSE,1
6.16,1,7,8,2,40,15,497,8,CSE,1
8.41,2,10,8,0,99,69,161,2,CSE,1
5.98,1,10,4,1,29,20,437,1,CSE,1
5.55,1,2,8,3,17,96,269,5,MECH,0
7.63,4,5,5,0,95,70,292,6,ECE,1
7.38,3,2,4,2,41,61,279,8,MECH,1
8.7,5,9,7,2,15,99,233,6,MECH,1
8.9,2,3,1,0,44,51,285,7,CIVIL,1
9.29,0,7,5,1,38,52,284,4,MECH,1
8.52,6,0,2,1,48,1,68,1,MECH,1
9.01,4,3,6,2,45,76,262,3,MECH,1
8.14,2,10,6,1,87,62,341,4,CSE,1
6.89,5,7,7,2,11,35,277,1,IT,1
6.81,6,10,5,3,100,38,330,5,CSE,1
6.44,1,9,6,1,1,45,452,7,ECE,1
5.89,6,0,7,0,81,87,159,3,CIVIL,1
8.78,6,1,0,3,53,43,261,8,CIVIL,1
6.39,4,0,7,2,6,98,35,3,CSE,1
9.66,1,7,4,0,14,32,330,1,MECH,1
9.03,0,1,2,0,11,59,102,7,CSE,1
6.14,1,1,0,0,93,32,192,4,IT,1
5.69,6,9,4,2,29,98,300,7,CSE,1
6.12,5,8,0,0,37,72,397,6,MECH,0
6.15,6,0,0,2,57,2,496,6,CIVIL,1
5.82,1,5,7,2,29,38,472,6,ECE,1
5.5,5,3,4,0,26,13,435,8,IT,1
8.72,0,10,1,0,95,0,29,8,CSE,1
8.1,4,9,3,2,41,49,38,7,ECE,1
8.42,4,0,1,2,6,49,203,6,CSE,1
9.3,0,8,3,1,3,35,79,4,ECE,1
8.48,6,7,2,0,51,70,189,5,IT,1
6.9,6,7,4,0,48,70,119,4,IT,1
8.02,1,4,1,3,67,48,293,6,IT,1
5.97,6,1,0,0,15,78,51,2,IT,1
9.64,4,10,0,0,54,15,20,2,CSE,1
6.07,4,4,7,1,77,11,11,8,ECE,1
9.65,6,6,6,0,16,79,129,3,IT,1
9.14,0,4,8,1,83,6,43,7,MECH,1
8.71,5,1,2,2,21,29,197,7,IT,1
6.77,2,0,8,0,70,58,172,4,IT,1
7.15,1,5,7,2,67,57,367,2,CIVIL,1
6.74,4,1,6,2,56,24,430,3,CIVIL,1
8.32,3,5,4,0,70,32,11,6,CIVIL,1
8.96,5,6,8,2,29,25,448,1,CSE,1
9.56,0,1,5,3,82,86,79,4,ECE,1
5.76,2,7,3,2,1,28,103,6,ECE,1
6.41,6,1,3,2,70,0,8,4,IT,1
7.82,6,1,7,0,28,31,289,2,IT,1
9.03,3,6,1,0,63,50,492,4,MECH,1
6.33,4,2,1,3,8,14,57,7,CSE,1
7.12,0,9,6,3,84,9,414,5,IT,1
7.13,5,1,7,3,67,66,300,2,ECE,1
9.66,6,3,3,1,33,52,182,1,MECH,1
9.87,2,1,1,1,74,53,41,4,CSE,1
5.75,4,0,6,2,10,23,150,1,CSE,1
8.26,6,8,7,3,56,47,424,6,ECE,1
5.87,6,4,4,2,77,47,168,2,ECE,1
5.79,3,9,5,2,51,96,52,2,IT,1
8.84,2,6,6,3,43,11,185,2,IT,1
9.06,6,0,1,2,23,42,205,3,IT,1
6.54,1,6,0,1,2,2,413,6,CIVIL,1
8.58,3,2,3,0,36,40,311,6,CIVIL,1
7.28,0,6,3,2,96,67,399,6,MECH,1
5.59,6,5,7,2,10,87,35,4,IT,1
6.67,4,8,0,1,85,57,390,6,CSE,1
6.48,3,10,6,1,45,80,76,8,CIVIL,1
5.66,2,6,7,3,40,61,196,1,ECE,1
5.55,4,3,0,3,36,70,370,1,ECE,1
5.67,4,9,5,0,19,92,427,5,ECE,1
5.51,3,0,8,2,51,39,456,7,MECH,1
7.31,5,7,6,3,9,35,175,8,ECE,1
7.32,1,2,7,1,44,10,33,7,CSE,1
6.59,1,1,0,2,7,62,195,2,MECH,1
6.24,1,0,2,3,44,61,138,6,CIVIL,1
9.36,5,0,4,1,26,81,342,3,CIVIL,1
9.83,2,8,5,3,36,33,444,6,MECH,1
9.41,5,7,1,0,90,3,203,5,ECE,1
8.94,1,0,6,1,76,65,76,6,CSE,1
5.89,5,5,3,3,55,62,455,7,MECH,1
9.81,5,4,5,3,30,96,311,7,IT,1
7.39,1,4,4,1,22,34,435,5,IT,1
8.53,3,1,5,1,42,43,338,7,CSE,1
5.5,2,2,4,0,81,47,459,1,IT,1
6.59,1,2,8,0,0,82,324,1,MECH,1
9.12,6,9,2,1,43,72,121,3,ECE,1
7.07,6,4,0,3,50,30,289,7,MECH,1
7.87,0,8,3,1,56,73,205,2,ECE,1
9.52,2,5,4,1,67,16,115,1,CSE,1
6.26,0,6,4,0,100,60,261,4,IT,1
8.54,0,9,6,2,76,73,146,7,CIVIL,1
5.65,0,5,0,0,17,44,121,3,CIVIL,1
7.63,2,9,1,0,87,24,268,1,IT,1
6.42,0,7,4,1,42,79,469,7,ECE,1
9.29,3,4,6,1,41,38,318,1,MECH,1
9.9,4,7,1,3,57,82,422,6,ECE,1
9.66,5,8,6,2,16,19,500,4,IT,1
9.25,3,3,1,3,21,77,110,7,CSE,1
7.14,6,8,1,1,41,31,98,1,MECH,1
6.08,2,9,5,1,8,82,458,8,ECE,1
8.94,2,3,0,3,57,35,398,1,IT,1
7.01,2,5,2,0,0,31,462,1,IT,1
8.5,6,4,7,1,4,49,481,1,ECE,1
6.66,2,2,4,2,65,57,241,4,CSE,1
9.23,3,4,3,3,67,69,332,6,MECH,1
9.67,2,5,8,3,96,79,474,2,CSE,1
8.43,2,10,6,1,48,44,360,2,MECH,1
5.8,5,3,3,0,27,20,351,4,IT,1
8.31,6,6,8,2,54,27,359,2,MECH,1
9.86,4,7,6,1,38,52,426,1,IT,1
9.81,2,1,8,1,20,80,99,3,ECE,1
9.91,5,1,4,2,56,35,385,1,CSE,1
7.22,2,9,1,1,13,77,309,6,IT,1
6.27,6,3,2,3,42,69,452,8,ECE,1
9.57,4,10,8,3,3,22,131,5,ECE,1
9.38,3,1,5,3,58,67,83,6,MECH,1
6.93,0,6,8,3,20,56,498,8,IT,1
7.03,5,4,5,1,58,27,4,1,IT,1
6.34,6,6,0,1,47,80,262,7,MECH,1
7.79,0,0,6,2,74,19,120,3,IT,1
7.62,4,2,6,0,45,58,98,6,ECE,1
6.05,3,7,2,2,51,19,314,3,MECH,1
9.71,1,10,4,2,44,87,409,3,IT,1
8.17,6,10,6,2,24,55,62,1,ECE,1
8.83,1,1,0,3,71,64,177,5,CIVIL,1
6.18,4,9,7,3,46,73,261,1,CSE,1
7.44,5,4,2,2,24,41,497,3,MECH,1
5.75,0,5,4,3,77,37,371,3,ECE,1
7.18,3,5,6,2,20,9,302,7,CIVIL,1
9.66,1,8,6,0,71,42,211,7,IT,1
7.01,5,1,0,0,10,54,232,1,ECE,1
8.86,5,4,6,2,93,0,145,8,CIVIL,1
7.23,2,4,1,2,28,21,21,7,ECE,1
6.65,6,1,8,2,94,63,249,7,ECE,1
8.37,5,7,6,0,61,6,253,5,CIVIL,1
9.31,2,5,3,0,27,48,264,6,CIVIL,1
6.35,1,6,6,1,94,30,311,3,CSE,1
9.67,2,7,4,3,92,52,213,6,MECH,1
7.56,0,3,3,0,24,83,111,2,MECH,1
7.57,2,7,6,0,92,76,452,6,IT,1
6.92,3,5,6,1,65,89,391,7,ECE,1
7.8,2,2,8,3,57,84,189,4,MECH,1
9.15,6,4,2,3,70,50,300,4,CSE,1
7.04,5,8,5,3,86,33,445,3,MECH,1
7.77,5,6,4,3,40,32,397,3,ECE,1
9.8,4,6,2,2,21,99,300,3,ECE,1
5.93,3,3,6,1,24,14,98,8,CSE,1
7.24,2,0,2,1,17,48,40,6,MECH,1
7.44,0,6,0,2,34,70,87,6,CSE,1
9.34,3,10,1,0,65,23,139,3,CSE,1
8.1,6,1,5,0,36,99,361,5,MECH,1
6.49,3,5,3,3,50,0,463,2,ECE,1
7.09,2,0,1,3,67,27,159,8,ECE,1
7.17,4,10,0,2,56,13,135,3,ECE,1
8.84,4,6,3,2,33,77,113,5,CSE,1
6.46,5,9,6,2,97,52,262,4,MECH,1
6.41,2,8,4,0,78,52,203,7,CSE,1
6.17,5,9,6,0,26,93,117,2,ECE,1
8.52,3,2,6,0,5,52,116,6,MECH,1
9.07,0,10,4,1,16,37,473,7,ECE,1
8.09,3,2,5,1,41,72,40,3,CSE,1
7.1,0,1,0,2,10,96,90,5,IT,1
6.64,1,8,3,0,73,93,64,5,CIVIL,1
6.5,0,4,8,2,53,79,272,7,CSE,1
9.22,3,10,8,1,22,56,142,8,IT,1
6.14,4,1,3,1,22,64,160,5,CIVIL,1
9.03,3,9,1,2,68,50,80,1,ECE,1
7.18,3,3,8,2,64,46,36,2,MECH,1
9.69,1,10,6,3,84,52,79,5,IT,1
7.02,6,6,5,1,89,0,226,1,IT,1
6.56,2,2,0,3,72,21,117,3,MECH,1
8.25,4,10,1,2,56,71,467,5,ECE,1
9.63,6,0,1,2,70,31,404,8,CIVIL,1
6.49,1,4,7,2,83,85,291,1,MECH,1
7.52,1,9,5,2,90,50,494,3,ECE,1
6.7,5,5,7,0,80,80,308,7,CSE,1
9.52,0,0,1,0,36,23,348,5,CSE,1
5.83,2,8,0,1,72,38,399,1,ECE,1
6.1,4,1,5,3,2,54,124,4,ECE,1
9.49,4,8,2,0,90,98,35,5,CSE,1
7.35,0,0,7,3,47,19,17,4,ECE,1
5.97,5,2,1,1,84,45,395,7,CSE,1
7.04,1,4,0,2,23,98,354,8,IT,1
6.48,3,4,8,3,36,4,301,2,CSE,1
9.07,0,10,0,2,27,62,156,3,ECE,1
6.95,1,3,6,3,59,91,292,1,ECE,1
6.43,1,0,5,2,36,2,336,2,CIVIL,1
6.34,1,8,4,2,62,83,446,6,ECE,1
7.13,4,9,5,0,35,73,383,7,CIVIL,1
7.95,4,8,2,3,26,56,25,6,MECH,1
7.21,4,6,5,0,0,24,411,3,IT,1
9.75,1,0,4,0,28,29,371,1,IT,1
7.45,0,4,1,3,59,16,378,6,CIVIL,1
5.69,2,1,3,1,73,58,271,3,ECE,1
6.22,1,7,1,1,34,27,265,1,ECE,1
6.2,5,0,0,0,72,31,171,5,ECE,1
6.67,5,5,3,3,93,20,52,2,IT,1
8.49,6,4,0,1,93,30,318,2,ECE,1
6.64,5,1,1,1,57,39,234,4,MECH,1
6.63,2,7,8,1,5,41,226,8,MECH,1
6.18,1,10,3,1,90,30,233,2,IT,1
9.92,2,4,4,0,93,29,297,4,ECE,1
8.22,3,6,1,0,97,59,341,4,ECE,1
8.49,4,6,4,2,95,10,243,6,CIVIL,1
6.44,1,0,4,1,78,17,109,4,ECE,1
9.12,4,1,0,0,68,80,242,6,CIVIL,1
5.77,4,10,0,2,48,1,437,1,MECH,1
7.76,3,5,6,3,6,65,238,3,ECE,1
9.16,3,10,0,2,2,1,415,6,ECE,1
7.06,6,2,1,0,100,12,200,5,CSE,1
7.99,1,1,5,1,97,28,342,3,CSE,1
6.29,0,0,7,2,15,68,482,7,ECE,1
8.9,1,6,2,1,27,88,50,6,CIVIL,1
5.7,4,0,8,1,93,81,20,6,MECH,1
5.93,5,6,3,3,96,8,368,1,CIVIL,1
8.34,3,1,8,2,48,20,407,3,IT,1
6.18,4,9,7,2,91,81,289,3,CSE,1
9.45,1,0,3,0,71,74,300,2,CIVIL,1
5.85,2,6,5,2,37,37,22,8,ECE,1
6.77,1,0,3,0,32,76,80,2,CSE,1
5.6,4,3,0,2,93,27,47,8,CSE,1
6.22,5,3,0,1,94,27,4,3,CSE,1
8.31,4,5,6,2,78,92,196,7,CSE,1
7.03,5,4,6,0,68,90,49,2,MECH,1
6.21,1,8,1,1,94,97,382,2,IT,1
9.83,3,2,7,2,23,75,14,8,IT,0
8.42,6,9,8,1,91,8,398,3,IT,1
7.83,4,5,3,0,83,13,327,3,MECH,1
9.38,1,0,5,2,51,4,9,3,IT,1
6.32,4,2,1,0,100,99,465,6,MECH,1
6.85,5,1,8,2,54,58,213,5,CSE,1
9.18,1,2,6,3,64,43,156,6,MECH,1
9.77,0,10,0,2,92,52,481,8,CSE,1
6.99,1,1,8,1,39,42,235,3,ECE,1
9.72,3,9,4,0,34,66,375,4,ECE,1
8.32,4,6,6,2,74,99,234,8,CSE,1
8.91,3,7,7,0,89,53,399,1,CIVIL,1
9.72,3,8,8,2,43,7,328,6,CSE,1
7.11,0,4,7,3,59,20,40,8,CIVIL,1
6.2,0,1,0,3,7,99,262,6,MECH,1
8.41,0,1,8,2,47,2,204,4,CSE,1
9.26,3,5,5,2,76,84,94,8,IT,1
8.41,2,4,8,0,65,73,165,4,IT,1
8.66,0,10,3,3,52,48,422,6,IT,1
6.9,0,3,5,3,7,21,130,6,ECE,1
5.63,0,0,2,3,18,13,307,1,CSE,1
6.77,5,1,3,0,39,92,255,6,IT,1
6.41,3,6,1,0,40,32,170,2,ECE,1
8.35,6,2,8,3,49,0,270,5,IT,1
8.37,6,7,3,0,52,45,353,7,CIVIL,1
5.88,2,2,8,0,43,21,380,4,CSE,1
7.15,5,8,6,3,15,34,119,8,ECE,1
7.01,2,0,8,3,25,33,68,6,IT,1
6.79,4,2,4,0,100,25,75,8,CSE,1
7.11,6,0,1,2,36,96,180,4,IT,1
9.17,3,3,1,3,0,3,352,1,IT,1
6.66,2,0,4,3,8,67,146,2,CIVIL,1
5.82,2,9,1,2,12,15,409,5,CIVIL,1
7.12,3,6,0,1,0,35,54,8,IT,1
6.7,1,5,6,3,85,48,255,4,IT,1
9.18,1,7,5,3,12,20,120,5,CIVIL,1
8.86,3,10,3,2,50,76,329,3,ECE,1
8.61,5,10,0,0,60,80,487,6,MECH,1
8.82,4,2,7,1,93,63,171,7,CSE,1
8.4,1,7,0,1,42,9,350,8,CSE,1
9.08,0,1,3,0,47,11,46,8,CSE,1
8.97,2,9,1,2,64,34,451,7,CSE,1
6.76,5,0,1,3,55,33,44,7,MECH,1
8.36,3,9,1,0,39,2,319,1,CIVIL,1
7.82,0,8,8,2,53,35,216,6,MECH,1
7.98,6,5,3,3,69,55,238,3,IT,1
8.41,0,6,2,3,33,74,446,2,ECE,1
6.09,1,4,2,0,4,18,62,5,CSE,1
6.5,0,9,5,1,30,52,346,8,MECH,1
7.44,2,1,7,2,3,67,466,7,ECE,1
9.51,0,4,6,1,4,35,247,4,MECH,1
5.59,3,6,8,0,68,27,283,8,ECE,1
6.39,5,7,3,1,8,83,217,2,CSE,1
7.27,2,10,5,1,10,30,411,2,MECH,1
7.56,1,7,4,2,71,26,315,6,IT,1
8.94,1,8,6,2,21,63,229,7,IT,1
6.83,2,4,1,0,51,68,301,2,MECH,1
6.23,6,3,7,2,14,64,14,2,CIVIL,1
6.01,6,4,2,3,86,59,223,5,MECH,1
9.59,5,0,3,0,36,74,472,6,ECE,1
8.4,5,1,4,3,75,57,400,8,CSE,1
7.2,2,10,5,2,24,99,313,5,MECH,1
7.68,5,1,1,0,95,77,477,6,CIVIL,1
6.52,3,9,6,0,7,22,416,8,MECH,1
5.75,1,5,8,1,77,43,431,4,CSE,1
9.47,4,3,6,3,69,84,442,8,IT,1
7.86,2,5,0,0,58,22,235,6,IT,1
7.8,2,4,1,1,98,34,482,7,IT,1
9.8,0,10,2,1,88,60,274,2,MECH,1
9.79,2,4,6,1,94,79,57,8,MECH,1
8.92,6,8,3,3,41,42,437,4,CSE,1
9.26,4,9,3,1,89,8,431,5,CIVIL,1
5.58,0,9,4,3,27,56,283,7,MECH,1
8.38,1,3,6,1,58,18,319,4,ECE,1
9.33,2,9,8,0,55,48,172,4,CSE,1
5.76,4,6,2,3,16,79,91,6,IT,1
9.68,3,7,7,2,82,91,221,4,CIVIL,1
6.14,0,7,5,2,81,26,396,3,CSE,1
9.3,4,5,4,0,35,10,42,4,CSE,1
9.85,5,1,1,3,67,92,201,6,ECE,1
8.55,2,4,8,2,15,99,435,2,CIVIL,1
5.56,2,6,6,2,58,9,117,2,ECE,1
5.95,6,5,1,3,98,81,353,8,CIVIL,1
6.47,0,7,3,0,92,5,477,3,CSE,1
5.93,2,8,4,0,79,17,438,2,CSE,1
9.88,0,0,6,1,33,21,325,6,CIVIL,1
6.63,6,7,5,0,30,14,407,8,MECH,1
9.96,1,5,6,0,92,24,422,4,CIVIL,1
9.51,4,0,7,0,76,13,409,1,ECE,1
9.05,0,4,1,1,29,17,473,7,CSE,1
5.92,1,10,7,1,4,63,88,4,IT,1
6.85,6,9,4,1,76,17,197,8,IT,1
8.29,5,10,6,0,79,53,497,2,ECE,1
8.74,2,7,4,1,54,25,482,2,ECE,1
9.24,3,1,4,2,43,12,470,1,CSE,1
6.6,6,8,7,3,28,3,474,1,MECH,1
5.92,0,2,8,1,88,66,319,8,CSE,1
6.67,2,1,4,0,89,99,60,4,IT,1
6.92,5,8,5,1,24,46,182,1,ECE,1
8.01,1,8,6,1,50,84,393,3,IT,1
6.53,1,0,0,1,52,100,211,7,CIVIL,1
9.51,6,1,3,0,10,97,275,5,CIVIL,1
6.31,1,5,6,2,59,41,122,1,CSE,1
8.41,4,6,1,1,36,88,230,5,MECH,1
6.57,0,7,1,3,88,19,120,2,CIVIL,1
8.6,4,8,7,1,10,17,101,8,ECE,1
9.92,2,1,8,2,33,36,230,1,CSE,1
7.1,6,2,6,1,69,62,46,3,IT,1
9.15,6,10,6,1,66,23,396,5,CSE,1
8.88,2,6,5,0,21,56,257,4,CSE,1
6.2,1,5,1,2,18,98,475,7,ECE,1
7.33,3,2,3,1,64,76,128,3,CSE,1
8.36,3,3,8,0,72,8,244,3,ECE,1
8.17,3,2,3,2,65,77,451,3,CSE,1
8.08,0,4,2,0,99,50,315,5,MECH,1
6.84,4,5,3,3,31,42,78,4,IT,1
5.95,0,7,0,3,2,19,194,2,IT,1
9.28,0,7,1,0,15,55,126,3,IT,1
6.04,2,3,0,0,88,97,494,8,ECE,1
7.68,4,5,0,2,13,62,112,4,MECH,1
7.16,6,5,3,0,92,4,499,8,CSE,1
9.81,3,0,8,1,99,55,404,3,CSE,1
9.3,5,7,1,1,74,20,261,2,MECH,1
8.58,1,0,7,3,11,31,161,3,CIVIL,1
9.38,6,9,2,1,5,96,455,4,MECH,1
7.49,3,8,3,3,77,73,458,8,MECH,1
7.27,2,0,5,0,0,80,399,8,IT,1
8.07,5,3,0,2,31,26,20,6,ECE,1
6.49,0,7,2,1,46,89,217,4,IT,1
5.95,6,9,7,0,91,21,36,6,MECH,1
7.51,6,2,0,1,30,66,157,4,ECE,1
5.77,5,1,3,0,95,22,215,1,IT,1
7.53,2,0,7,1,59,56,68,1,MECH,1
7.65,1,3,3,0,61,6,482,5,ECE,0
6.48,3,7,6,3,43,24,161,7,CSE,1
9.34,4,7,1,1,22,68,134,7,IT,1
7.07,1,5,8,0,73,6,354,5,ECE,1
5.67,3,8,1,0,58,59,430,1,MECH,1
9.08,1,7,1,0,65,6,187,5,IT,1
7.82,6,6,5,0,89,96,53,8,IT,1
9.26,1,7,3,3,37,43,51,1,ECE,1
6.66,2,3,3,0,37,16,405,7,ECE,1
7.07,5,4,6,3,53,1,498,4,CSE,1
9.59,5,0,4,0,88,94,500,4,IT,1
9.31,6,10,8,1,83,90,228,2,CIVIL,1
6.42,2,1,6,2,97,17,254,6,IT,1
9.35,4,9,5,3,28,5,379,5,ECE,1
7.51,6,3,3,1,41,81,60,1,CIVIL,1
9.73,0,0,4,1,71,13,104,4,CIVIL,1
6.01,5,10,8,3,88,62,80,3,IT,1
7.44,4,6,0,1,97,41,445,7,MECH,1
9.41,1,10,8,3,32,4,222,3,CIVIL,1
9.04,6,3,3,0,77,94,463,3,CIVIL,1
8.65,2,10,7,1,17,37,20,1,IT,1
8.44,3,10,1,3,34,40,343,1,ECE,1
7.78,6,4,1,1,88,3,187,2,CSE,1
7.62,1,4,1,0,15,21,305,1,MECH,1
8.23,6,4,3,2,80,15,334,5,CIVIL,1
9.31,1,7,0,3,27,58,394,5,MECH,1
9.37,5,10,7,1,73,43,359,7,IT,1
7.62,0,10,5,2,61,35,257,2,CIVIL,1
8.09,3,9,6,3,74,55,437,3,MECH,1
8.45,6,4,1,3,80,51,8,2,MECH,1
8.15,4,3,7,2,46,46,445,4,CSE,1
9.7,3,0,7,1,19,94,357,5,IT,1
9.29,6,8,7,2,80,4,454,2,MECH,1
6.81,0,7,2,2,86,64,350,3,IT,1
9.59,5,4,4,2,65,87,127,3,MECH,1
6.53,2,3,8,1,51,43,128,1,MECH,1
7.23,5,0,5,1,14,32,8,8,CSE,1
6.26,1,7,5,1,28,6,171,5,IT,1
8.21,6,0,3,3,65,22,212,1,ECE,1
8.02,3,1,4,3,37,6,430,2,ECE,1
5.62,6,2,5,3,70,81,129,1,IT,1
6.26,0,5,8,3,68,85,415,7,CIVIL,1
8.76,3,9,2,0,44,0,478,5,MECH,1
8.27,2,8,7,0,50,70,244,6,CSE,1
7.47,1,0,5,3,11,42,462,3,CIVIL,1
9.82,3,5,1,1,24,92,39,1,IT,1
6.45,6,8,7,2,57,55,414,8,MECH,1
7.43,4,7,2,1,4,11,410,1,CSE,1
7.1,3,3,3,1,36,23,145,7,CIVIL,1
8.32,2,0,2,3,60,66,290,8,CIVIL,1
7.89,4,7,4,0,17,53,20,8,ECE,1
7.74,3,3,3,0,62,5,72,4,CSE,1
8.06,2,5,4,2,28,80,195,1,CSE,1
5.52,4,2,2,2,52,58,10,8,ECE,1
6.08,1,7,8,1,62,14,499,8,CIVIL,1
9.96,6,4,2,2,42,86,236,7,CIVIL,1
6.05,6,2,0,2,68,89,271,1,MECH,1
7.32,4,1,3,1,1,79,81,5,MECH,1
5.62,0,6,3,2,6,35,204,1,MECH,1
9.68,0,6,2,3,96,5,364,6,CIVIL,1
8.68,6,1,8,2,35,16,45,3,ECE,1
6.19,1,3,5,2,83,8,477,6,CSE,1
6.6,0,6,1,2,6,82,169,5,CSE,1
9.52,1,7,0,1,36,10,110,7,CIVIL,1
8.37,2,4,0,1,30,92,289,3,IT,1
9.26,5,5,1,0,52,68,330,4,CSE,1
6.83,1,4,2,3,50,13,393,3,CIVIL,1
7.71,6,5,4,2,5,28,136,6,CSE,1
7.28,5,7,5,1,51,11,18,7,ECE,1
6.08,2,1,8,3,26,66,250,2,ECE,1
8.37,5,7,3,0,59,24,435,3,CSE,1
7.38,0,2,4,0,44,34,226,3,CIVIL,1
5.6,6,2,4,0,56,77,468,6,ECE,1
9.98,5,6,4,1,39,89,20,3,IT,1
8.59,6,9,6,3,51,88,198,1,IT,1
9.47,0,1,0,1,11,69,380,4,ECE,1
8.15,2,10,2,2,42,11,130,8,IT,1
7.86,2,1,1,1,76,70,137,4,IT,1
9.04,2,4,3,1,40,15,286,1,CIVIL,1
5.69,3,1,3,2,21,14,184,6,MECH,1
9.83,6,2,2,0,29,78,435,5,IT,1
8.09,4,4,4,1,53,42,158,7,ECE,1
8.85,4,4,6,0,86,78,164,7,IT,1
8.59,1,5,0,0,80,53,431,3,MECH,1
9.11,1,6,6,2,29,58,484,1,MECH,1
6.83,6,2,1,1,35,46,352,5,CIVIL,1
9.06,6,1,7,0,96,21,64,2,CSE,1
8.52,2,4,4,3,5,58,443,8,ECE,1
7.19,5,10,0,1,15,44,7,6,CIVIL,1
9.47,2,1,7,3,22,32,194,8,ECE,1
6.74,2,6,0,1,50,38,6,3,CIVIL,1
6.17,6,6,5,1,70,70,391,1,ECE,1
9.84,2,0,2,1,49,100,351,7,CIVIL,1
6.91,0,4,3,1,2,30,124,7,CSE,1
7.78,2,2,0,2,56,40,495,6,IT,1
8.15,2,1,5,1,50,95,319,2,ECE,1
6.37,1,6,3,0,1,15,313,1,CIVIL,1
8.15,5,3,1,3,12,100,197,2,IT,1
5.71,3,8,8,1,34,10,446,5,ECE,1
6.07,2,9,3,0,78,97,378,2,IT,1
6.87,0,8,7,0,50,83,487,3,CIVIL,1
6.28,4,3,8,3,36,32,438,2,IT,1
9.51,3,1,8,1,22,52,89,4,ECE,1
5.67,0,2,7,1,26,59,0,5,ECE,1
8.77,3,3,6,2,83,21,184,1,CSE,1
6.99,2,8,1,3,64,51,317,2,IT,1
8.09,1,3,8,2,79,68,399,8,CIVIL,1
8.92,4,0,5,0,88,81,415,8,ECE,1
8.97,4,5,8,2,13,3,142,7,CSE,1
8.88,1,3,8,0,64,14,450,1,CSE,1
7.05,0,9,3,2,29,23,111,5,MECH,0
7.27,0,2,1,2,38,46,166,2,CSE,1
5.79,0,2,4,0,38,21,121,4,ECE,1
7.86,0,3,2,1,3,17,224,1,IT,1
7.03,3,5,8,2,19,44,324,1,CSE,1
8.57,1,6,1,0,82,11,62,3,CIVIL,1
8.31,6,5,5,1,15,48,395,2,CIVIL,1
8.48,0,10,0,2,58,30,379,4,CIVIL,1
9.77,6,8,1,3,67,100,91,8,CIVIL,1
8.62,6,7,1,2,62,81,300,6,ECE,1
6.48,5,10,7,3,46,42,7,6,CIVIL,1
7.65,5,7,4,2,77,48,302,4,IT,1
8.43,2,9,5,2,89,73,238,2,ECE,1
9.17,5,0,1,2,12,64,479,7,ECE,1
5.58,3,10,3,3,55,39,77,3,MECH,1
9.88,4,6,4,0,6,45,459,2,CSE,1
9.26,4,5,0,2,6,38,240,1,ECE,1
7.04,1,6,7,0,78,9,387,3,IT,1
6.88,2,8,6,3,13,32,187,8,CIVIL,1
7.44,0,2,0,1,99,24,152,5,CIVIL,1
7.83,6,4,6,1,93,21,189,3,CSE,1
8.69,2,4,3,1,2,61,386,3,CIVIL,1
5.97,2,8,0,0,72,7,487,2,CIVIL,1
9.9,0,8,5,1,74,50,238,3,IT,1
9.34,0,2,6,0,62,4,176,2,CIVIL,1
9.3,5,5,6,2,5,50,36,2,CIVIL,1
6.23,0,5,3,2,16,30,175,6,IT,1
9.8,4,6,0,0,59,87,150,2,ECE,1
6.63,4,9,6,0,69,80,464,4,IT,1
6.69,1,7,3,1,1,8,36,6,ECE,1
8.15,4,5,8,0,73,72,188,8,ECE,1
5.83,4,3,1,3,59,10,378,7,CIVIL,1
6.43,5,0,8,3,1,51,71,6,CIVIL,1
7.36,5,9,2,0,77,6,35,8,CIVIL,1
7.64,4,9,8,0,92,27,417,3,CIVIL,1
8.14,6,7,2,0,35,81,153,3,ECE,1
8.48,0,9,7,2,47,24,365,7,CIVIL,1
9.81,3,7,1,2,44,40,136,7,IT,1
8.14,5,3,3,2,52,68,409,3,IT,1
8.62,3,2,7,3,58,84,224,5,ECE,1
7.34,5,9,6,1,80,0,109,2,ECE,1
8.94,0,0,6,3,100,50,190,8,CIVIL,1
6.04,5,8,0,3,18,93,87,2,CSE,1
7.41,2,7,2,3,24,88,263,3,CIVIL,1
9.12,6,9,8,2,57,8,176,5,IT,1
9.86,4,6,5,1,17,10,451,1,ECE,1
8.49,6,5,5,3,96,10,109,2,MECH,1
6.54,1,10,0,0,21,80,92,6,ECE,1
9.58,6,8,6,0,75,26,101,7,MECH,1
5.67,1,3,2,1,17,1,477,3,CSE,1
7.04,2,0,3,2,46,76,336,8,IT,1
9.16,2,10,7,1,100,87,332,7,CIVIL,1
6.68,4,10,0,2,58,78,48,3,ECE,1
6.94,6,5,3,3,2,33,500,5,IT,1
8.59,2,3,7,0,61,18,467,6,MECH,1
7.92,2,5,2,3,76,93,364,8,ECE,1
9.41,5,3,3,0,50,74,145,1,ECE,1
5.56,5,3,2,3,66,91,56,3,CIVIL,1
8.4,3,1,6,2,42,38,162,7,MECH,1
9.2,1,10,0,3,42,77,439,7,CSE,1
5.91,0,1,7,1,18,19,349,7,IT,1
8.55,3,10,3,3,25,75,101,3,ECE,1
8.97,5,0,3,2,68,78,376,3,CSE,1
9.93,5,7,2,0,77,1,170,1,ECE,1
7.43,0,9,0,0,77,6,11,1,ECE,1
5.83,4,8,5,3,28,6,325,8,MECH,1
6.64,0,7,7,3,30,27,31,5,ECE,1
6.15,5,4,4,0,38,36,142,4,CIVIL,1
6.73,6,3,0,2,31,62,326,8,IT,1
9.74,1,1,8,0,30,36,492,1,IT,1
8.71,6,9,1,3,70,17,442,8,MECH,1
8.36,1,9,2,1,94,30,75,5,CSE,1
6.74,0,6,7,1,5,97,185,4,IT,1
5.88,3,7,4,1,8,57,17,3,MECH,1
8.02,6,10,5,1,26,97,109,5,CSE,1
9.67,4,2,3,1,22,84,368,1,MECH,1
7.42,6,10,2,3,27,54,252,4,IT,1
7.65,6,5,5,2,83,90,92,6,IT,1
6.22,6,3,3,2,57,86,466,5,IT,1
6.27,5,7,2,3,81,70,64,6,ECE,1
6.21,4,9,2,3,95,85,168,4,CSE,1
6.15,2,9,1,0,60,26,250,5,MECH,1
9.1,2,8,5,2,7,71,473,4,CSE,1
6.08,2,0,2,3,94,35,66,1,IT,1
5.61,2,2,1,3,32,18,490,6,MECH,1
8.88,3,3,4,0,39,75,293,3,CSE,1
6.48,6,1,7,1,48,23,488,7,IT,1
9.42,0,2,8,3,65,3,273,7,MECH,1
6.72,3,3,8,3,13,89,35,4,CSE,1
9.02,6,9,5,0,44,26,373,4,MECH,1
7.98,5,9,7,3,91,87,88,5,CIVIL,1
9.89,1,2,1,2,45,6,109,1,MECH,1
6.4,6,9,7,2,49,19,348,7,IT,1
5.9,4,6,1,0,29,52,194,4,ECE,1
5.97,3,9,8,2,27,87,341,5,CIVIL,1
5.54,5,4,7,0,82,66,200,8,CIVIL,1
7.76,6,0,5,2,40,7,277,1,CIVIL,1
7.78,3,1,6,3,72,59,128,3,CSE,1
5.7,6,2,0,3,56,74,498,5,CSE,1
9.9,2,3,2,0,85,33,93,2,MECH,1
6.96,5,9,2,1,38,73,195,5,MECH,1
6.63,2,0,3,2,29,12,98,1,CSE,1
9.97,2,1,8,0,30,34,468,3,IT,1
8.93,0,4,0,0,6,100,166,5,CSE,1
7.09,4,4,1,0,44,45,37,8,MECH,1
5.92,3,4,3,2,49,2,286,2,CSE,1
8.2,2,9,5,1,19,66,166,7,MECH,1
9.37,1,3,5,0,69,37,32,8,CIVIL,1
8.59,2,0,0,1,16,84,242,1,CSE,1
7.3,2,10,6,1,21,50,176,2,CIVIL,1
7.63,5,1,1,2,98,77,439,1,IT,1
7.69,4,6,6,1,20,64,48,4,CIVIL,1
7.31,4,6,0,3,11,92,98,2,CIVIL,1
6.7,4,9,4,0,2,42,258,5,ECE,1
8.52,2,3,8,3,41,66,461,3,CSE,1
6.64,3,0,5,2,70,11,15,3,MECH,1
8.83,4,4,2,1,44,81,333,2,IT,1
8.4,2,3,2,0,20,98,407,1,MECH,1
6.46,4,10,1,0,93,26,406,6,ECE,1
8.22,6,10,1,3,34,35,259,5,CIVIL,1
8.3,6,2,1,3,88,79,390,5,IT,1
6.11,6,1,7,1,13,71,117,4,IT,1
6.0,2,7,4,3,90,92,284,8,ECE,1
7.2,5,9,5,2,14,8,121,7,CSE,1
6.3,4,3,2,3,55,93,410,3,ECE,1
6.39,3,3,8,2,43,86,67,7,CSE,1
6.92,6,6,6,2,85,66,203,6,CIVIL,1
9.78,0,6,6,3,32,95,279,2,ECE,1
8.1,6,8,1,2,87,26,147,8,IT,1
8.48,0,8,2,0,71,52,344,8,ECE,1
9.14,0,0,0,0,28,4,86,4,MECH,1
6.43,5,9,5,3,73,41,325,6,CIVIL,1
6.89,4,4,5,3,22,3,143,5,ECE,1
6.39,0,7,0,2,59,7,112,3,IT,1
6.24,2,0,4,3,90,62,30,1,IT,1
8.48,5,10,6,2,5,96,216,5,ECE,1
6.65,6,0,8,2,81,91,169,7,CSE,1
8.12,1,9,6,3,2,38,447,8,ECE,1
8.07,5,0,5,2,24,84,470,7,IT,1
7.7,5,0,7,2,80,36,199,1,CIVIL,1
9.56,5,6,8,0,77,43,349,2,IT,1
9.87,0,7,4,3,38,19,291,6,IT,1
8.95,4,8,2,3,85,21,403,6,CSE,1
8.15,0,9,7,3,56,66,27,5,ECE,1
9.2,3,3,4,2,93,53,156,6,ECE,1
6.4,2,10,1,1,40,76,297,8,CIVIL,1
6.66,5,6,4,1,12,34,51,8,MECH,1
8.56,5,8,8,1,73,34,39,6,ECE,1
8.01,0,0,4,1,33,32,319,4,MECH,1
9.81,0,2,8,0,84,30,225,4,CIVIL,1
6.74,6,5,0,0,70,90,472,7,ECE,1
7.24,4,8,8,3,64,3,50,7,CIVIL,1
5.98,3,10,8,2,90,28,436,3,CIVIL,1
7.47,3,7,0,3,71,94,79,4,CSE,1
7.19,5,2,8,2,92,89,491,5,MECH,1
9.55,3,9,3,1,46,99,257,7,MECH,1
6.01,4,9,8,3,76,52,237,3,CIVIL,1
8.19,4,6,3,0,12,2,442,8,ECE,1
9.9,2,0,4,0,47,78,80,4,IT,1
9.62,2,4,4,2,84,35,371,5,MECH,1
6.99,6,4,6,3,81,68,334,6,IT,1
5.91,1,8,2,0,63,62,168,8,ECE,1
7.07,3,5,1,3,25,48,295,1,IT,1
8.96,4,8,4,0,15,73,149,4,MECH,1
6.15,5,4,7,1,24,53,300,2,CIVIL,1
6.27,3,6,8,3,97,34,159,1,MECH,1
8.97,1,10,3,0,40,9,43,5,MECH,1
9.16,6,1,2,0,7,84,400,4,ECE,1
6.73,0,3,3,0,76,51,133,4,MECH,1
5.85,2,9,2,0,55,22,48,7,IT,1
6.64,5,3,7,3,34,21,124,1,IT,1
6.02,6,2,0,0,30,15,375,5,CSE,1
9.43,1,4,3,2,83,57,356,1,MECH,1
7.7,0,6,3,3,76,71,283,1,CSE,1
6.66,0,1,8,3,87,59,213,3,CIVIL,1
8.41,3,2,6,1,18,21,99,4,IT,1
6.09,3,8,3,3,82,14,388,4,CSE,0
7.94,4,4,2,3,31,21,381,3,ECE,1
8.45,2,6,2,3,10,41,225,2,MECH,1
6.46,5,10,3,2,58,94,460,3,ECE,1
9.44,2,8,4,3,95,70,106,3,ECE,1
6.76,2,2,3,1,67,52,431,8,CIVIL,0
9.67,3,3,7,3,24,2,353,4,ECE,1
8.17,2,10,4,2,48,35,159,7,MECH,1
5.87,5,8,8,3,91,47,413,7,CIVIL,1
8.32,6,8,3,2,84,55,371,6,MECH,1
9.22,6,1,3,1,72,94,436,5,MECH,1
6.44,0,9,5,3,53,62,460,2,IT,1
8.89,3,9,2,0,43,10,248,1,ECE,1
5.9,2,2,1,1,45,3,89,7,MECH,1
9.31,2,5,1,2,81,35,316,4,CIVIL,1
9.83,5,9,8,0,72,89,226,6,ECE,1
7.55,2,2,3,0,60,60,7,1,IT,1
7.59,6,9,1,3,68,86,205,3,CSE,1
5.93,3,7,8,3,37,83,228,4,ECE,1
9.82,4,4,0,3,83,93,348,3,CSE,1
6.4,4,5,7,2,81,43,103,5,ECE,1
9.85,6,5,0,0,65,27,406,7,IT,1
9.55,4,3,6,3,6,78,208,5,CIVIL,1
5.72,5,10,6,0,32,18,470,5,CSE,1
6.56,6,8,5,3,29,22,264,1,MECH,1
8.65,4,8,0,1,17,7,235,6,MECH,1
6.3,2,0,4,1,62,79,212,3,ECE,1
9.04,2,9,0,3,81,51,474,1,ECE,1
8.31,6,5,0,0,48,76,344,6,IT,1
5.91,6,4,5,1,60,80,156,7,ECE,1
6.96,2,4,6,1,39,37,115,6,ECE,1
6.44,1,7,3,2,40,57,364,8,MECH,1
8.98,4,5,8,2,9,7,290,4,ECE,1
9.53,5,10,1,0,59,85,343,5,CIVIL,1
7.16,2,5,2,0,34,87,96,2,MECH,1
5.77,6,9,6,0,48,2,173,3,IT,1
9.81,5,8,7,3,19,88,213,1,ECE,1
8.9,3,0,7,2,8,74,447,5,IT,1
9.74,0,1,6,0,96,52,274,1,MECH,1
8.11,6,5,1,2,88,76,316,7,MECH,1
9.63,3,4,4,1,51,53,168,6,IT,1
8.88,5,3,7,0,35,9,106,6,CIVIL,1
6.49,1,4,6,2,49,70,294,6,ECE,1
8.76,0,2,4,2,3,24,203,3,ECE,1
6.85,6,6,4,3,41,4,38,2,CIVIL,1
6.59,2,7,0,1,79,28,46,5,IT,1
7.29,1,2,4,3,84,72,301,3,IT,1
9.87,0,2,6,2,12,34,33,2,MECH,1
9.68,4,4,1,2,14,49,231,5,ECE,1
8.98,4,2,7,3,45,11,48,7,ECE,1
9.3,4,7,2,1,6,76,420,2,CSE,1
7.62,2,8,4,2,1,16,167,4,ECE,1
5.93,5,3,3,0,4,36,254,2,CIVIL,1
9.35,3,4,2,2,15,71,63,2,CSE,1
8.64,3,3,0,1,59,11,221,5,CIVIL,1
8.81,6,10,4,0,77,19,106,6,ECE,1
6.55,4,0,3,2,29,29,470,4,MECH,1
5.86,3,3,7,2,37,73,174,2,CSE,1
5.75,4,2,6,0,69,65,345,7,MECH,1
5.51,4,4,1,0,72,13,392,7,IT,1
7.12,4,6,4,1,97,28,145,8,MECH,1
7.98,1,6,4,2,92,29,372,5,CSE,1
6.37,1,2,0,2,0,46,18,5,MECH,1
8.59,0,0,6,1,24,93,86,6,MECH,1
6.4,1,3,5,2,10,51,226,2,IT,1
6.18,0,6,2,0,37,88,135,8,CSE,1
8.31,4,9,1,2,26,89,40,4,IT,1
5.74,0,2,8,1,71,86,356,6,IT,1
7.42,0,1,8,0,48,97,53,1,MECH,1
9.92,2,6,7,3,22,66,453,3,IT,1
5.59,4,3,6,3,100,68,424,1,IT,1
8.23,4,5,3,3,75,12,160,6,ECE,1
6.86,5,4,6,2,63,57,393,7,MECH,1
5.55,1,7,6,0,51,90,196,6,ECE,1
9.03,6,8,0,3,13,69,11,5,IT,1
6.82,5,0,5,0,60,56,86,5,IT,1
8.17,1,2,0,3,30,4,383,2,CIVIL,0
7.58,2,0,2,1,79,40,214,3,CSE,1
8.21,5,5,4,3,54,57,441,3,ECE,1
6.87,0,4,2,2,59,64,226,6,CSE,1
6.46,4,5,7,2,63,82,251,2,CSE,1
8.35,1,10,2,0,59,53,460,5,ECE,1
9.08,6,7,0,0,29,58,155,8,ECE,1
5.68,1,0,0,3,75,85,126,1,MECH,1
5.79,2,1,6,3,12,78,285,1,ECE,1
8.66,3,1,6,3,39,24,419,6,IT,1
7.3,1,10,3,3,65,34,440,8,CIVIL,1
7.14,6,6,7,2,22,80,84,1,CSE,1
8.55,2,5,3,0,46,26,135,3,IT,1
7.12,1,5,7,0,22,58,486,1,MECH,1
7.42,4,8,5,2,79,83,299,5,ECE,1
8.84,0,5,8,1,63,20,485,2,MECH,1
8.46,3,10,7,1,36,73,190,2,IT,1
8.74,6,5,5,3,11,94,41,6,CSE,1
9.68,5,9,4,0,28,67,273,1,ECE,1
6.49,4,9,0,1,69,46,249,6,CSE,1
5.67,0,5,3,1,45,12,269,4,MECH,1
7.54,1,4,3,3,1,60,147,2,CSE,1
7.61,4,5,0,0,88,11,379,7,CSE,1
9.29,0,0,4,0,54,58,177,3,CIVIL,1
8.96,2,6,0,2,74,8,311,8,CIVIL,1
6.39,5,7,7,1,36,89,253,8,ECE,1
7.9,3,10,2,1,7,74,491,5,CSE,1
6.71,6,1,4,1,30,19,468,5,ECE,1
9.08,0,3,4,2,74,35,176,2,MECH,1
5.77,0,8,8,3,23,15,254,1,MECH,1
6.58,5,10,3,2,82,4,301,4,CIVIL,1
8.06,5,10,8,3,47,42,66,3,ECE,1
8.57,4,10,2,2,0,10,285,2,ECE,1
9.94,2,0,2,0,97,37,310,7,ECE,1
5.8,2,8,8,0,4,79,157,4,CIVIL,1
9.76,0,4,8,2,49,32,345,7,MECH,1
8.07,2,2,2,2,47,60,146,3,CIVIL,1
6.77,3,5,3,1,36,31,454,1,CSE,1
8.07,6,7,6,3,73,64,160,6,CIVIL,1
9.61,3,9,1,3,99,44,293,3,CIVIL,1
6.58,2,10,0,0,31,66,199,5,IT,1
6.13,0,10,1,2,86,46,192,3,MECH,1
5.63,5,9,5,0,38,18,126,4,ECE,1
7.93,0,2,5,2,95,67,390,3,MECH,1
5.55,3,0,2,3,40,42,143,3,IT,1
8.45,4,10,8,0,20,0,21,8,IT,1
7.65,0,1,4,0,52,70,495,1,IT,1
7.4,5,5,8,0,30,27,363,5,IT,1
7.6,5,7,3,2,62,13,307,4,CIVIL,1
8.76,3,2,8,3,60,77,322,1,CSE,1
6.82,3,0,7,1,78,44,397,4,MECH,1
9.78,2,2,1,0,35,55,186,6,CIVIL,1
8.61,5,6,6,2,1,82,495,3,CIVIL,1
6.27,3,3,2,3,38,80,379,3,IT,1
8.85,1,9,6,2,39,89,421,5,CIVIL,1
5.98,6,6,2,0,24,20,208,8,IT,1
9.83,6,8,4,3,73,39,499,2,CSE,1
7.79,6,3,2,1,42,31,442,4,CSE,1
5.6,6,9,0,0,57,24,346,6,IT,1
8.43,3,6,5,3,87,83,279,2,MECH,1
9.91,1,3,8,0,49,42,279,8,CIVIL,1
5.53,0,7,6,3,38,60,316,8,ECE,1
7.33,2,3,1,1,43,24,408,6,MECH,1
7.12,3,9,4,1,92,53,60,5,IT,1
9.36,3,1,2,1,7,10,219,3,CIVIL,1
6.06,3,8,8,3,50,90,79,3,CIVIL,1
6.71,5,9,2,2,35,25,290,3,ECE,1
7.51,0,10,3,1,47,68,91,2,MECH,1
8.96,1,6,1,0,7,53,22,7,CIVIL,1
5.74,3,8,5,3,68,77,313,4,MECH,1
7.87,5,2,7,0,68,92,62,5,ECE,1
6.32,5,6,8,3,6,67,303,2,ECE,1
8.89,5,4,1,3,0,62,327,3,CIVIL,1
6.31,6,7,3,0,6,72,288,1,IT,1
6.85,2,10,7,1,9,22,354,8,IT,1
9.68,0,6,5,0,67,70,287,8,ECE,1
5.87,4,9,0,2,29,85,215,1,CSE,1
9.08,0,1,1,3,14,25,443,2,IT,1
8.05,4,4,1,1,1,72,156,8,CSE,1
9.09,5,4,6,2,51,15,416,7,CSE,1
9.42,0,7,2,3,29,15,328,2,MECH,1
6.83,3,1,3,1,66,62,380,5,ECE,1
5.63,0,10,5,3,13,27,324,8,MECH,1
9.46,4,1,6,3,70,36,191,1,CSE,1
8.96,6,5,6,2,34,29,340,4,MECH,1
8.45,1,7,5,3,77,86,398,4,MECH,1
6.01,3,7,6,0,82,37,92,7,MECH,1
6.07,6,3,2,0,31,12,18,7,ECE,1
5.67,4,5,8,0,35,73,48,5,CIVIL,1
5.54,3,7,4,3,20,3,4,2,CSE,1
9.86,4,2,3,2,46,92,251,8,MECH,1
5.88,6,8,6,1,95,90,428,6,MECH,1
7.38,3,5,7,0,94,58,281,2,CSE,1
8.03,0,3,4,3,9,94,117,7,MECH,1
8.46,1,5,8,1,77,97,363,7,MECH,1
6.55,2,7,7,2,73,84,6,5,MECH,1
9.73,6,2,6,2,58,85,78,4,CSE,1
7.38,5,8,5,0,45,36,186,1,CIVIL,1
6.7,5,0,2,1,86,52,230,6,ECE,1
9.82,6,10,5,3,21,66,22,5,ECE,1
7.11,0,7,1,2,14,11,32,2,IT,1
5.99,0,0,3,2,39,77,294,6,MECH,1
7.74,1,1,1,3,9,76,188,6,ECE,1
5.75,4,7,0,2,19,3,415,7,CSE,1
8.36,0,7,6,1,99,19,4,5,CIVIL,1
8.22,6,7,2,0,49,58,425,7,CSE,1
7.94,6,9,2,2,55,27,339,6,ECE,1
7.96,0,1,8,1,68,63,371,4,IT,1
6.42,0,10,1,1,9,24,122,4,IT,1
6.94,1,8,7,2,88,57,45,4,MECH,1
7.04,4,1,8,0,62,12,85,8,ECE,1
5.83,4,0,0,1,11,19,385,7,CIVIL,1
8.9,5,3,1,2,89,47,143,5,CSE,1
9.09,6,6,8,2,46,88,199,8,CSE,1
6.36,5,0,3,3,78,80,485,1,CIVIL,1
5.74,1,3,2,2,25,14,263,6,ECE,1
7.89,2,1,8,3,31,15,353,2,IT,1
5.94,4,2,0,1,95,94,170,5,MECH,1
6.0,5,9,3,2,18,25,490,8,CIVIL,1
7.06,2,6,4,0,22,69,242,5,CSE,1
6.64,0,7,8,2,67,94,423,4,ECE,1
7.02,4,6,5,1,8,70,377,4,CSE,1
7.75,5,1,1,3,59,38,58,7,MECH,1
5.61,0,5,1,3,4,60,116,8,CSE,1
8.18,1,7,5,1,68,51,338,3,ECE,1
9.62,1,3,4,3,12,23,137,1,ECE,1
8.38,4,2,4,3,30,1,102,3,MECH,1
8.87,0,0,1,1,90,57,273,5,CSE,1
6.07,5,2,7,3,26,48,119,4,CSE,1
7.2,5,4,8,2,28,69,395,8,IT,1
7.05,1,2,8,0,39,90,175,2,IT,1
9.77,3,6,5,1,22,62,344,6,MECH,1
7.52,3,7,0,1,25,29,29,1,CIVIL,1
9.86,4,1,8,0,22,16,102,3,CSE,1
5.85,1,5,5,2,58,12,386,3,MECH,1
6.22,0,7,2,2,62,66,26,6,ECE,1
7.99,3,7,8,2,21,82,90,3,CIVIL,1
8.23,5,9,4,1,86,85,63,4,MECH,1
5.98,0,0,6,0,8,41,319,4,MECH,1
6.82,0,10,3,2,56,24,490,6,CIVIL,1
8.04,2,7,6,3,10,54,15,2,MECH,1
8.25,0,9,1,2,18,10,328,8,CIVIL,1
8.94,3,0,4,3,84,70,225,1,CIVIL,1
5.96,4,5,2,0,87,70,43,4,IT,1
7.9,5,4,1,0,92,18,99,8,IT,1
9.72,5,9,6,2,16,60,378,5,CSE,1
7.39,4,10,3,2,2,89,345,4,CSE,1
9.07,0,1,8,0,59,54,391,3,MECH,1
7.37,1,0,5,3,70,41,260,8,CSE,1
5.75,0,6,8,2,6,14,173,6,CSE,1
8.83,1,4,2,3,26,4,15,4,ECE,1
9.79,0,2,0,3,6,34,394,6,MECH,1
6.27,4,9,8,3,74,100,22,5,MECH,1
9.88,0,2,0,3,40,60,228,7,IT,1
7.39,1,4,4,3,51,67,40,6,CIVIL,1
7.51,2,8,8,0,32,78,175,6,CIVIL,1
5.73,0,7,6,3,34,71,256,2,CSE,1
7.31,3,10,7,0,59,32,164,3,MECH,1
5.89,5,1,3,1,96,21,295,1,MECH,1
7.84,3,8,4,0,7,44,249,5,MECH,1
6.69,5,2,0,2,14,16,39,8,ECE,1
6.7,4,6,0,0,24,78,67,3,IT,1
7.33,5,1,3,1,54,39,288,6,CIVIL,1
7.53,4,6,6,3,4,34,363,7,IT,1
5.61,2,5,5,0,55,36,59,3,MECH,0
7.29,1,9,5,0,95,60,67,7,IT,1
9.95,1,2,5,2,74,14,39,2,MECH,1
8.19,4,5,0,1,77,0,94,1,MECH,1
9.57,3,7,3,1,27,92,409,4,CSE,1
9.33,1,3,4,2,44,44,265,5,IT,1
6.66,4,5,6,1,12,63,212,2,ECE,1
8.55,4,2,6,1,5,82,96,6,IT,1
6.73,0,9,2,2,10,99,315,2,CIVIL,0
7.85,5,7,2,1,55,59,403,4,IT,1
8.08,0,5,4,2,57,56,70,4,IT,1
7.82,1,6,4,0,76,33,410,5,MECH,0
8.11,0,9,1,1,15,13,135,6,IT,1
6.26,1,0,1,2,10,26,402,8,ECE,1
6.13,2,10,0,3,27,41,290,8,MECH,1
6.56,4,0,0,3,54,58,83,4,ECE,1
6.91,1,4,0,0,1,39,87,2,MECH,1
9.17,3,5,5,3,24,64,131,2,CIVIL,1
7.0,3,4,5,1,29,23,366,8,MECH,1
8.97,1,3,4,2,36,25,132,5,IT,1
9.83,3,1,8,3,29,13,197,3,ECE,1
9.31,6,4,0,1,34,90,373,3,MECH,1
9.09,6,8,0,3,33,0,203,1,CSE,1
9.76,4,1,1,1,68,83,182,7,MECH,1
6.55,3,0,6,0,44,45,17,5,ECE,1
8.69,4,7,2,0,77,33,161,2,CIVIL,1
8.16,1,3,6,0,14,42,216,4,MECH,1
6.19,0,7,1,3,9,9,322,1,IT,1
7.15,0,8,1,1,64,69,305,2,ECE,1
7.1,2,0,1,1,51,77,46,1,CSE,1
9.4,6,4,2,2,2,63,449,6,MECH,1
6.07,2,0,3,1,85,92,325,4,IT,1
5.72,6,8,8,1,10,73,435,4,MECH,1
9.05,1,5,6,3,21,95,258,6,MECH,1
5.84,5,10,6,2,35,44,419,7,ECE,1
8.86,5,1,1,2,12,92,69,6,MECH,1
8.7,0,7,6,3,45,95,379,2,MECH,1
9.78,5,9,5,1,17,0,128,6,MECH,1
8.86,1,6,6,2,95,66,460,7,CIVIL,1
6.13,6,3,8,0,42,20,168,2,IT,1
9.19,3,10,0,1,47,43,359,3,IT,1
8.63,5,10,1,2,8,25,203,8,MECH,1
8.5,5,5,2,2,34,40,255,6,ECE,1
5.71,2,6,6,1,38,67,346,2,CIVIL,1
6.35,1,6,0,2,90,77,274,3,CIVIL,1
7.91,5,5,2,0,55,6,357,4,CIVIL,1
9.25,6,0,5,3,31,95,354,2,CSE,1
6.54,1,0,3,1,88,46,94,6,MECH,1
7.15,0,0,4,2,13,11,374,4,MECH,1
8.43,1,3,8,0,29,23,280,5,MECH,1
7.28,0,9,2,0,29,39,422,6,IT,1
8.28,5,3,0,1,71,52,137,4,IT,1
8.86,1,6,6,0,99,39,104,1,CSE,1
8.88,5,6,1,0,4,73,352,8,MECH,1
7.45,3,5,2,3,19,2,141,7,ECE,1
5.75,5,6,3,2,58,48,57,7,IT,1
9.5,1,10,0,0,81,5,250,6,CIVIL,1
5.77,3,6,2,2,17,5,202,2,IT,1
7.18,1,8,8,1,75,69,362,4,CIVIL,1
6.74,0,5,3,0,78,76,216,7,MECH,1
5.51,0,1,0,0,14,39,395,7,CIVIL,1
6.0,3,4,3,2,37,38,475,7,IT,1
9.27,2,9,0,0,3,12,470,5,CIVIL,1
8.79,0,1,4,0,59,81,432,7,CIVIL,1
6.58,2,3,4,3,14,65,394,8,MECH,1
8.05,0,0,3,0,14,75,153,4,ECE,1
9.17,0,9,8,1,12,12,209,3,MECH,1
9.18,1,10,5,0,28,9,46,1,CIVIL,1
8.8,5,5,1,0,54,73,177,4,ECE,1
7.92,2,8,8,3,38,43,84,3,CIVIL,1
8.95,6,1,6,3,4,62,438,2,CIVIL,1
9.88,0,3,2,3,53,100,446,7,CIVIL,1
8.27,4,4,6,1,56,52,260,7,CIVIL,1
9.3,1,2,4,0,54,64,284,4,MECH,1
6.64,5,8,7,3,16,0,144,6,CSE,1
6.66,4,1,6,2,89,36,9,2,CSE,1
6.77,3,8,8,0,53,94,159,7,MECH,1
7.52,3,3,7,2,63,99,344,1,MECH,1
7.58,3,5,8,2,75,18,25,2,MECH,1
9.28,4,3,0,2,39,24,239,4,IT,1
7.84,3,4,3,0,14,76,175,7,CIVIL,1
6.95,6,5,6,1,34,51,400,6,ECE,1
8.26,2,9,2,2,33,13,253,2,IT,1
8.84,1,5,1,3,3,79,276,2,MECH,1
6.41,6,0,0,1,89,52,323,1,MECH,1
9.8,0,9,8,1,51,39,140,6,CIVIL,1
6.06,6,9,1,1,65,75,25,2,MECH,1
6.26,0,10,8,2,61,63,184,2,ECE,1
7.26,1,8,3,3,57,46,388,4,ECE,1
6.16,0,7,5,0,2,29,129,1,CIVIL,1
7.87,4,0,1,0,7,76,25,4,CIVIL,1
8.75,3,4,6,1,81,42,119,8,CSE,1
7.45,6,3,7,0,20,13,410,5,MECH,1
8.61,1,8,7,2,83,57,371,5,CSE,1
6.85,5,5,1,3,17,29,150,6,CIVIL,1
5.61,1,5,0,0,31,42,475,4,IT,1
9.87,0,10,4,3,10,76,4,1,MECH,1
9.2,1,8,3,1,12,31,218,4,MECH,1
7.31,0,2,2,1,20,17,138,6,ECE,1
9.31,3,10,2,0,16,72,171,1,MECH,1
7.31,1,3,1,1,92,38,114,5,IT,1
8.56,0,4,3,1,53,85,47,5,MECH,1
7.1,3,3,5,2,59,16,183,2,CSE,1
9.76,0,0,1,3,100,21,373,6,IT,1
5.87,3,2,0,1,79,77,267,1,CSE,1
6.08,3,0,5,3,51,53,295,4,IT,1
9.99,5,3,6,3,73,55,83,7,CSE,1
6.34,5,0,4,1,25,46,410,1,CSE,1
8.32,3,0,3,1,42,56,359,3,CSE,1
9.59,4,2,2,0,26,88,190,6,IT,1
5.95,1,10,0,1,53,39,186,2,CIVIL,1
6.52,3,4,5,3,97,17,189,2,IT,1
5.63,4,9,3,0,16,9,11,8,ECE,1
9.86,1,8,0,3,23,4,122,8,ECE,1
7.1,3,10,8,3,34,19,469,2,ECE,1
6.04,4,5,4,3,22,35,463,7,MECH,1
6.32,1,5,5,2,69,73,224,7,IT,1
8.97,3,6,5,3,31,53,479,7,MECH,1
7.68,4,2,4,1,8,59,434,8,CIVIL,1
5.59,2,8,8,0,78,13,220,7,ECE,1
8.96,3,8,3,0,30,85,103,2,CIVIL,1
6.54,2,7,3,0,75,3,375,8,IT,1
5.56,0,2,2,1,70,20,483,1,CSE,1
6.96,6,0,3,2,54,60,14,7,CSE,1
8.29,2,4,1,1,33,37,300,4,MECH,1
7.07,6,0,5,3,33,10,321,1,MECH,1
8.27,4,9,5,1,34,14,149,3,IT,1
9.5,1,2,8,0,7,40,323,8,MECH,1
7.05,0,3,3,3,29,14,126,1,ECE,1
9.81,0,10,6,3,74,32,467,7,MECH,1
5.89,0,4,8,3,71,3,338,6,IT,0
6.15,2,5,4,1,1,51,65,6,MECH,1
8.13,5,9,4,1,42,3,426,5,MECH,1
7.18,0,4,4,2,90,4,432,2,CIVIL,1
5.54,2,10,3,0,75,54,309,6,ECE,1
9.66,5,7,8,0,44,36,59,7,IT,1
6.97,1,0,0,0,38,70,446,4,CIVIL,0
7.26,4,8,6,0,53,80,367,6,MECH,1
7.42,4,8,7,3,65,6,344,8,MECH,1
9.79,0,7,1,0,26,41,4,7,ECE,1
6.3,4,7,5,2,1,61,74,7,ECE,1
6.6,4,9,2,3,79,81,308,1,MECH,1
8.55,2,8,0,1,98,81,428,4,CSE,1
8.72,2,7,4,2,15,57,221,1,MECH,1
7.95,1,1,5,2,14,71,302,1,CSE,0
6.96,2,7,1,0,20,0,359,6,CIVIL,1
8.29,4,6,1,1,40,7,239,4,IT,1
7.0,1,1,6,3,31,100,144,3,IT,1
6.6,4,8,7,2,87,14,218,1,IT,1
6.26,3,1,4,2,99,9,256,3,CIVIL,1
9.84,5,5,1,2,77,93,287,8,CSE,1
6.3,1,5,0,1,39,67,444,5,MECH,0
8.18,0,10,3,2,20,15,162,8,CSE,1
6.58,3,7,0,3,50,34,418,2,ECE,1
6.92,0,9,3,0,69,92,42,5,CSE,1
6.86,3,8,8,0,3,44,157,4,ECE,1
7.34,6,2,6,1,81,23,186,2,IT,1
9.15,3,9,5,0,29,44,300,4,CSE,1
9.0,2,10,0,0,13,87,499,4,IT,1
7.17,0,9,2,1,79,16,3,1,ECE,1
9.67,3,6,3,1,26,92,57,5,ECE,1
5.94,0,7,0,1,15,21,191,5,MECH,1
6.04,3,4,1,1,8,16,193,3,IT,1
8.78,3,3,0,2,23,39,159,2,ECE,1
7.88,3,4,7,0,57,28,397,6,ECE,1
5.7,1,10,8,1,52,75,437,6,CIVIL,1
8.96,5,5,6,1,61,94,469,7,IT,1
8.88,3,2,4,1,6,16,96,7,CSE,1
5.6,6,3,1,0,88,24,472,7,MECH,1
6.21,1,1,6,1,27,97,496,2,IT,1
5.85,5,5,0,2,55,36,451,6,CIVIL,1
7.83,5,6,3,3,95,40,437,1,IT,1
7.62,4,8,4,1,98,43,224,8,IT,1
7.88,4,5,6,0,30,41,453,1,IT,1
8.44,2,8,1,3,1,29,322,3,CIVIL,1
6.98,0,6,2,1,2,32,425,1,ECE,1
6.98,3,2,8,3,46,1,327,5,MECH,1
9.04,5,9,2,3,14,54,485,5,IT,1
6.67,5,2,6,0,52,71,148,1,CIVIL,1
7.98,1,8,8,3,24,64,31,1,IT,1
7.92,3,3,4,2,80,61,236,1,MECH,1
8.59,3,2,8,3,87,32,405,6,IT,1
5.62,5,8,6,3,30,90,431,4,MECH,1
9.98,4,7,2,3,81,1,236,7,CSE,1
6.59,1,6,1,2,60,100,18,4,MECH,1
6.14,6,5,0,0,27,57,310,7,CSE,1
7.55,4,5,3,1,38,44,303,2,CSE,1
6.4,2,5,7,2,14,57,359,5,CIVIL,1
7.88,2,0,4,3,29,23,294,3,MECH,1
7.52,2,5,2,3,2,24,194,4,IT,1
9.69,1,5,6,2,12,22,357,6,CIVIL,1
8.56,3,6,3,1,3,7,136,1,CSE,1
9.82,3,4,1,2,4,26,397,5,CIVIL,1
7.66,2,8,1,0,88,9,489,6,CIVIL,1
9.54,0,1,8,0,23,89,479,4,CIVIL,1
5.65,6,3,7,3,32,85,117,5,ECE,1
9.43,2,7,2,0,59,33,287,5,ECE,1
5.82,5,2,4,2,99,78,365,5,ECE,1
9.94,1,4,2,2,45,72,418,4,MECH,1
9.92,3,1,0,3,59,73,48,7,ECE,1
5.82,5,2,1,1,98,5,116,8,CIVIL,1
7.45,4,1,8,2,65,83,194,6,IT,1
6.51,3,4,2,3,29,66,406,6,IT,1
6.49,3,7,0,3,100,1,371,5,ECE,1
7.27,6,6,5,0,77,41,101,5,MECH,1
7.86,3,4,4,0,60,99,152,7,MECH,1
6.94,0,6,1,1,80,80,58,8,CSE,1
6.57,2,6,3,2,7,49,409,8,ECE,1
5.67,0,7,3,1,78,49,60,4,ECE,1
6.29,3,2,8,1,87,17,378,3,IT,1
5.93,1,8,6,3,67,78,356,7,ECE,1
9.99,1,7,3,2,34,94,137,6,IT,1
6.55,5,10,2,0,79,24,239,6,ECE,1
7.5,2,2,8,0,92,25,127,4,MECH,1
9.36,6,2,8,1,80,24,5,4,CSE,1
7.03,5,5,3,3,69,33,104,4,MECH,1
7.72,6,10,2,0,100,67,467,1,IT,1
8.55,4,5,6,0,84,8,315,6,ECE,1
5.83,0,5,0,0,92,27,293,5,CSE,1
9.68,2,9,6,0,80,92,275,7,CIVIL,1
9.74,0,2,6,2,45,29,121,4,MECH,1
6.21,2,1,7,2,67,89,87,7,MECH,1
7.96,0,7,6,2,19,63,63,2,IT,1
6.71,3,2,3,1,3,33,35,3,MECH,1
8.61,4,5,5,1,19,17,321,5,MECH,1
7.05,3,9,2,3,71,1,296,3,CIVIL,1
7.73,6,4,4,2,91,63,148,4,MECH,1
7.07,4,5,6,3,61,63,330,5,MECH,1
7.59,0,6,5,2,0,14,474,5,CIVIL,1
6.12,2,7,4,0,67,3,295,8,IT,1
6.43,6,4,0,0,2,19,247,1,CSE,1
6.07,6,7,8,3,71,8,340,8,ECE,1
5.98,0,2,0,1,84,10,210,3,MECH,1
8.6,0,8,1,3,56,8,23,8,IT,1
8.19,6,0,1,3,38,29,332,8,ECE,1
9.99,5,2,4,2,13,67,397,8,IT,1
6.22,2,5,8,0,36,75,431,7,IT,1
7.96,3,3,0,1,99,99,323,7,MECH,1
5.6,0,3,5,1,5,58,160,5,CIVIL,1
9.84,2,7,8,1,79,92,144,6,IT,1
7.68,4,0,7,0,97,8,412,2,CIVIL,1
7.04,1,6,1,1,77,95,108,8,CSE,1
8.31,0,1,7,2,92,82,382,8,MECH,1
8.63,1,3,0,2,40,49,224,1,CSE,1
8.1,4,0,1,1,56,54,404,5,CSE,1
6.69,3,2,2,2,87,16,73,1,MECH,1
8.52,3,10,5,2,61,99,145,1,IT,1
8.46,4,8,7,0,92,62,371,5,CSE,1
5.66,4,7,4,3,33,92,318,6,MECH,1
7.73,4,10,7,1,20,58,273,6,CSE,1
6.47,2,1,0,1,98,34,243,6,MECH,1
7.11,3,6,4,1,17,5,206,7,ECE,1
6.32,2,3,8,3,68,47,334,2,IT,1
8.75,4,10,0,3,66,9,163,3,CIVIL,1
6.71,2,8,1,3,66,41,342,7,CSE,1
7.62,3,3,0,0,91,26,384,7,IT,1
8.76,0,0,7,2,59,96,164,4,IT,1
7.22,0,8,3,0,56,87,131,3,MECH,1
5.64,1,0,5,2,7,96,337,7,CIVIL,1
6.57,1,0,0,1,70,22,484,6,ECE,1
7.4,3,7,1,3,34,77,340,7,ECE,1
7.42,3,1,7,3,88,17,168,2,IT,1
7.98,2,6,2,1,86,93,375,3,IT,1
6.62,3,3,8,3,41,53,189,8,CIVIL,1
9.54,4,6,5,3,65,24,369,8,CSE,1
9.51,3,3,5,1,40,5,289,8,IT,1
7.03,6,3,1,2,45,29,210,5,MECH,1
9.88,1,10,2,0,14,29,118,1,MECH,1
7.59,4,6,3,3,47,98,486,1,CSE,1
7.11,3,8,8,2,40,89,290,8,IT,1
5.71,4,5,1,3,20,13,220,4,ECE,1
6.02,1,1,7,0,65,68,268,8,IT,1
7.89,5,10,2,0,51,85,465,8,IT,1
8.63,0,4,3,3,66,59,434,3,ECE,1
8.3,2,0,4,1,55,27,148,2,ECE,1
7.95,2,0,1,2,47,98,433,8,CIVIL,1
6.16,4,7,2,3,97,16,275,4,CSE,1
6.77,6,0,0,2,75,40,49,8,CIVIL,1
9.24,3,9,0,1,84,78,366,6,CIVIL,1
7.03,3,8,3,2,67,56,99,4,MECH,1
6.9,4,10,7,1,57,70,15,4,IT,1
5.54,3,0,5,3,53,66,472,5,ECE,1
7.99,1,7,6,0,0,63,100,6,CIVIL,1
8.29,5,1,4,0,100,67,275,1,CIVIL,1
6.87,2,7,7,0,48,85,5,5,CIVIL,1
6.12,5,3,0,1,96,73,376,7,MECH,1
8.68,0,3,6,1,19,5,387,6,MECH,1
9.79,2,7,1,1,36,48,213,6,IT,1
7.11,2,9,5,2,48,64,63,7,MECH,1
5.66,2,10,3,1,87,78,101,8,MECH,1
6.12,4,10,3,0,93,54,87,8,CIVIL,1
7.59,0,10,7,3,83,51,441,3,CSE,1
8.31,2,3,3,3,89,58,473,3,CSE,1
9.63,3,10,4,2,47,75,180,5,ECE,1
9.79,2,2,2,2,99,98,149,4,MECH,1
7.19,5,3,0,3,16,87,214,2,ECE,1
8.8,3,7,6,2,29,59,348,1,MECH,1
9.1,3,1,5,0,71,2,53,3,CIVIL,1
9.4,1,2,7,0,84,65,22,5,CSE,1
8.51,4,9,5,0,89,83,447,3,CSE,1
5.99,3,0,6,2,34,55,160,5,CSE,1
7.18,4,2,3,2,26,33,178,4,IT,1
7.29,1,5,6,1,71,67,239,7,ECE,1
5.53,6,2,4,3,18,36,72,2,IT,1
6.19,5,9,0,3,1,75,42,2,IT,1
6.05,0,2,0,1,52,55,283,3,ECE,1
9.03,3,0,8,2,93,88,244,8,CIVIL,1
7.79,0,5,8,2,77,66,99,8,CSE,1
8.86,3,5,0,0,27,17,390,5,MECH,1
7.91,6,9,4,3,11,63,454,4,ECE,1
8.23,2,2,2,3,7,24,237,1,IT,1
7.9,5,0,5,3,45,18,471,4,MECH,1
6.88,4,7,7,1,45,56,479,6,CSE,1
5.74,2,3,2,2,65,3,272,5,ECE,1
6.07,1,8,4,0,38,29,485,1,CSE,1
8.4,4,5,8,1,85,15,400,3,MECH,1
7.57,3,0,8,2,43,28,411,6,CSE,1
5.55,3,7,3,3,64,17,368,4,CIVIL,1
6.78,5,4,2,3,82,54,100,1,IT,1
6.06,3,1,3,0,87,48,73,8,CSE,1
5.65,1,6,1,1,72,83,215,5,ECE,1
8.84,6,9,8,1,7,0,166,4,CIVIL,1
5.52,0,1,5,1,84,60,117,5,CSE,1
9.16,6,4,8,3,10,79,133,3,IT,1
7.04,3,1,6,1,85,71,266,3,MECH,1
7.19,3,5,2,1,66,87,169,2,IT,1
7.65,4,8,1,1,95,57,225,7,CIVIL,1
5.59,6,1,4,0,22,100,280,1,CSE,1
9.45,0,0,6,3,3,2,159,1,ECE,1
7.12,1,10,7,3,19,81,469,4,CSE,1
9.08,1,10,6,2,72,27,348,1,MECH,1
9.86,6,10,6,2,32,79,145,7,MECH,1
5.78,6,4,5,0,52,93,107,4,CIVIL,1
7.92,1,5,7,3,32,15,213,6,MECH,1
6.56,2,6,7,1,60,82,266,5,ECE,1
5.84,0,4,7,2,97,89,481,5,IT,1
7.49,3,4,6,1,56,14,61,6,IT,1
9.61,6,6,3,2,4,12,26,7,IT,1
8.08,0,1,3,0,73,59,90,2,CSE,1
6.97,2,0,5,3,1,75,403,1,CIVIL,1
5.67,5,9,2,1,86,75,412,7,IT,1
7.89,0,1,1,2,36,44,211,6,CSE,1
7.84,5,8,2,1,68,92,87,1,IT,1
5.69,4,3,5,1,65,79,98,8,IT,1
5.8,6,7,6,2,35,35,361,6,IT,1
6.89,6,0,3,1,8,39,84,7,MECH,1
6.63,3,0,1,1,33,40,59,5,IT,1
9.09,4,5,4,2,41,74,269,4,CIVIL,1
6.98,3,9,2,3,32,82,151,4,MECH,1
7.8,2,5,7,2,18,87,248,3,CIVIL,1
6.41,2,4,3,1,33,65,79,7,CSE,1
9.33,3,9,7,0,90,70,359,4,ECE,1
8.01,3,2,8,0,88,82,342,5,IT,1
8.55,4,0,4,1,87,55,285,7,IT,1
7.4,3,9,4,0,61,19,273,1,IT,0
7.5,6,9,2,0,48,2,351,4,CIVIL,1
5.7,5,3,6,2,76,30,333,2,ECE,1
9.53,3,10,7,2,69,17,353,8,MECH,1
7.64,5,1,4,3,2,31,226,5,ECE,1
5.53,3,0,5,0,0,93,46,5,CIVIL,1
8.33,0,8,7,0,54,69,301,4,ECE,1
7.21,2,9,1,0,81,84,397,7,MECH,1
7.51,1,2,8,0,44,19,93,7,CSE,1
6.04,6,10,1,2,70,64,273,7,CIVIL,1
6.46,2,5,3,3,20,89,86,6,MECH,1
5.69,1,2,3,3,25,31,400,4,MECH,1
6.67,0,10,4,0,8,82,483,1,IT,1
7.37,3,2,5,0,100,87,277,2,CSE,1
8.96,3,2,6,0,46,27,154,1,IT,1
5.8,0,4,0,0,53,50,389,2,CIVIL,1
9.83,4,1,0,0,60,32,33,5,CSE,1
6.82,6,8,3,1,36,68,239,1,ECE,1
8.8,6,0,4,1,45,39,208,2,ECE,1
5.98,6,3,7,2,52,65,320,7,ECE,1
6.95,3,9,1,1,59,66,252,7,IT,1
5.61,5,3,7,0,64,9,366,4,CIVIL,1
7.43,0,9,6,3,44,51,174,8,CIVIL,1
9.2,0,6,6,2,34,91,484,1,IT,1
6.63,4,0,1,0,9,82,493,4,CSE,1
7.14,3,5,0,3,83,53,436,2,ECE,1
8.98,5,9,2,0,84,99,50,1,CIVIL,1
9.1,3,5,6,2,14,95,285,7,ECE,1
9.53,3,3,5,2,56,52,317,6,ECE,1
6.97,0,5,6,0,71,2,24,4,ECE,1
6.21,2,1,4,2,63,29,282,3,CIVIL,1
7.45,0,2,0,3,20,9,134,6,MECH,1
7.42,0,4,4,1,83,43,349,8,ECE,1
9.16,4,2,5,1,84,40,222,5,MECH,1
6.76,2,1,6,0,11,44,24,6,MECH,1
7.31,2,4,0,2,19,100,35,2,MECH,1
8.72,3,8,6,1,56,38,311,7,MECH,1
5.6,6,0,6,0,48,13,54,6,IT,1
7.45,0,3,0,1,45,61,204,3,MECH,1
7.66,3,9,8,3,22,66,154,8,CIVIL,1
5.99,0,5,3,2,50,92,253,8,ECE,1
7.39,6,8,4,2,16,64,255,1,ECE,1
9.46,1,7,4,3,91,50,296,2,CSE,1
6.32,2,8,3,1,56,70,348,1,CIVIL,1
8.76,3,5,8,3,29,17,268,5,ECE,1
8.3,2,1,2,1,33,79,15,2,CIVIL,1
6.41,6,7,8,3,62,82,133,7,CIVIL,1
9.12,0,5,5,3,24,47,479,3,IT,1
6.59,3,3,1,2,19,76,486,3,IT,1
9.7,6,3,7,1,84,72,115,6,CSE,1
5.6,0,0,7,2,9,22,11,6,MECH,1
8.94,5,3,2,1,42,85,312,2,CSE,1
9.95,4,1,2,3,93,32,282,2,MECH,1
6.31,4,1,2,0,57,90,486,4,ECE,1
6.1,1,5,6,3,0,58,44,5,ECE,1
7.96,3,3,6,2,65,70,398,3,IT,1
7.68,6,9,0,2,93,50,287,8,ECE,1
8.96,6,2,8,2,26,38,201,5,CIVIL,1
6.72,6,5,0,1,80,84,335,8,CSE,1
9.17,6,2,0,3,36,84,112,4,IT,1
8.54,5,8,7,1,35,20,55,8,IT,1
6.44,3,2,4,2,24,76,82,8,MECH,1
5.95,6,8,4,1,46,64,61,2,CSE,1
5.92,0,7,3,0,53,88,449,3,MECH,1
9.17,1,1,5,2,4,83,426,8,MECH,1
5.54,3,1,7,0,22,43,34,4,MECH,1
8.95,1,6,4,0,80,95,388,8,MECH,1
5.7,5,1,0,0,13,38,247,7,IT,1
7.66,1,0,7,3,66,63,183,6,ECE,1
9.26,1,8,0,3,91,4,421,8,CSE,1
9.46,6,9,7,3,20,93,197,4,IT,1
7.96,5,4,2,2,88,48,102,8,MECH,1
6.46,4,9,7,1,10,83,163,7,MECH,1
7.22,2,0,2,0,41,94,372,7,IT,1
9.76,4,5,4,3,31,8,103,4,CIVIL,1
5.55,5,9,0,1,84,83,133,3,ECE,1
7.43,3,6,3,2,28,94,474,2,CIVIL,1
8.59,1,3,1,3,98,15,214,5,CIVIL,1
9.51,1,7,4,3,49,50,432,5,CSE,1
8.15,0,8,7,3,59,2,430,8,CIVIL,1
9.4,6,6,1,2,17,46,491,4,IT,1
7.36,4,1,1,1,92,47,12,5,IT,1
9.39,6,0,3,0,83,46,403,1,MECH,1
7.71,6,7,3,3,99,37,127,5,CSE,1
7.85,5,4,8,0,62,90,125,8,MECH,1
6.24,2,9,6,2,68,89,296,1,CSE,1
9.34,3,10,6,0,70,23,114,6,MECH,1
8.73,6,2,0,3,7,66,428,4,IT,1
7.47,4,4,1,1,17,31,466,5,IT,1
7.47,5,4,0,1,4,71,66,1,IT,1
8.34,2,1,7,2,76,96,469,8,CSE,1
6.59,3,2,4,1,56,11,423,6,CSE,1
9.51,5,10,5,0,97,70,500,1,CSE,1
7.86,1,5,8,1,10,78,99,1,CIVIL,1
6.45,0,2,2,0,85,78,58,8,ECE,1
5.63,0,5,8,3,100,15,114,6,MECH,1
6.77,4,5,1,0,44,45,262,6,ECE,1
8.87,3,8,2,1,90,86,377,6,MECH,1
7.17,5,8,3,0,65,82,140,4,ECE,1
7.49,4,4,0,3,56,68,362,3,CSE,1
7.31,4,1,7,1,28,54,211,4,ECE,1
9.1,3,9,4,3,49,1,304,2,CIVIL,1
8.28,3,4,0,1,33,51,330,1,CIVIL,1
7.36,3,3,6,3,2,31,176,3,CSE,1
8.85,3,4,8,2,4,91,165,7,CSE,1
8.07,6,7,2,1,72,93,131,7,CIVIL,1
6.04,5,9,8,3,51,25,141,8,CSE,1
9.01,3,2,1,3,90,30,199,5,CIVIL,1
6.02,1,9,8,2,92,19,138,4,IT,1
8.72,1,3,2,0,43,76,266,5,CIVIL,1
9.48,0,5,7,0,26,34,352,4,CIVIL,1
7.01,0,6,0,0,29,74,127,2,ECE,1
6.64,0,1,8,0,64,54,430,1,ECE,1
9.5,6,6,8,0,21,43,8,2,MECH,1
9.18,2,2,0,2,14,45,86,4,CSE,1
8.49,0,8,6,2,1,42,243,2,CIVIL,1
6.68,1,4,5,1,61,4,108,5,IT,1
7.92,1,5,4,0,96,23,271,5,CSE,1
6.88,3,0,8,2,75,9,181,1,IT,1
6.97,5,4,7,2,78,25,83,1,MECH,1
8.12,3,0,5,2,26,13,163,8,MECH,1
7.24,2,8,0,2,3,24,73,7,ECE,1
5.74,1,8,6,1,51,23,468,7,CIVIL,1
8.82,4,9,8,0,93,91,190,7,CIVIL,1
5.94,5,3,6,2,97,86,164,1,MECH,1
6.3,0,0,6,1,55,60,284,6,ECE,1
8.94,1,10,7,1,50,3,452,1,MECH,1
6.96,2,8,4,3,31,23,254,7,IT,1
7.89,5,6,4,3,65,18,360,3,ECE,1
6.86,2,1,0,1,60,7,332,8,MECH,1
6.32,2,5,6,0,62,86,123,5,ECE,1
5.64,6,6,0,1,30,10,370,7,ECE,1
7.78,3,0,8,3,38,7,326,3,ECE,1
9.73,0,9,3,0,61,64,438,5,MECH,1
9.85,0,1,1,0,40,40,477,2,CIVIL,1
7.52,3,7,8,0,93,18,196,2,MECH,1
6.27,0,1,4,0,13,38,251,3,MECH,0
5.67,4,10,8,3,95,54,67,3,CSE,1
7.96,6,4,4,0,21,5,189,5,CIVIL,1
7.97,0,8,6,3,100,40,500,2,IT,1
7.14,2,9,0,0,12,62,28,1,CIVIL,1
8.75,5,10,4,2,72,37,208,5,ECE,1
6.18,5,5,2,1,10,37,366,2,CSE,1
6.45,1,7,4,3,58,83,16,5,IT,1
5.59,4,2,4,3,77,95,267,7,ECE,1
9.27,3,0,5,3,25,14,187,6,IT,1
8.83,0,9,2,1,79,51,404,5,CSE,1
7.38,3,1,0,1,56,50,21,8,CIVIL,1
9.08,1,1,1,3,17,21,343,2,CSE,1
6.15,6,0,8,2,21,25,495,3,ECE,1
7.33,2,10,1,3,90,47,202,1,MECH,1
6.08,3,5,5,2,29,42,477,8,CIVIL,1
6.26,1,5,2,1,97,68,156,7,ECE,1
8.62,6,0,0,3,61,84,143,1,MECH,1
8.23,0,6,3,1,87,53,35,5,CIVIL,1
7.49,5,5,0,0,43,43,494,5,IT,1
9.62,4,6,8,2,85,78,149,7,CIVIL,1
6.64,6,6,2,3,56,66,360,1,CSE,1
7.65,6,0,4,2,99,27,392,8,CSE,1
8.65,6,9,2,1,65,28,177,8,IT,1
6.86,4,0,2,0,80,43,264,8,ECE,1
5.96,0,7,4,3,20,68,317,5,CSE,1
7.24,4,1,4,0,96,30,94,2,IT,1
9.15,1,8,7,1,86,47,417,2,MECH,1
7.29,6,6,4,1,82,44,35,8,ECE,1
9.56,6,9,6,0,58,89,425,3,IT,1
6.41,0,9,5,3,23,79,206,4,CSE,1
5.77,4,8,7,1,39,79,88,7,ECE,1
8.04,0,1,8,3,49,30,423,3,IT,1
9.6,1,4,4,1,5,78,342,2,ECE,1
5.7,0,10,8,2,50,36,385,5,ECE,1
8.59,2,9,3,3,95,33,179,6,IT,1
5.67,5,4,3,3,86,97,399,3,IT,1
7.75,4,4,6,0,60,47,11,7,MECH,1
8.55,6,8,5,2,83,70,430,3,CIVIL,1
8.2,6,0,5,0,10,5,301,1,MECH,1
5.53,3,10,2,2,62,98,21,8,CSE,1
6.75,3,4,4,1,77,53,179,3,ECE,1
9.56,0,3,4,3,94,42,31,3,ECE,1
7.7,0,2,2,3,53,91,259,4,ECE,1
6.93,6,10,3,0,99,19,316,2,CSE,1
6.6,0,5,8,3,83,43,192,1,CSE,1
7.0,6,1,0,1,5,85,307,6,IT,1
8.75,3,4,6,1,26,58,62,2,CSE,1
5.79,4,4,2,3,28,17,466,3,ECE,1
9.55,5,1,6,2,51,57,195,7,CIVIL,1
9.94,4,3,6,0,51,82,341,1,CSE,1
7.28,3,4,6,3,51,21,70,2,CSE,1
9.33,5,4,6,2,74,8,294,8,MECH,1
6.48,3,6,6,0,70,35,393,5,CIVIL,1
8.71,5,0,4,0,31,80,195,2,IT,1
7.09,0,0,8,2,71,24,335,2,CSE,1
7.37,4,10,3,2,47,68,289,8,MECH,1
9.89,6,1,8,1,66,21,413,2,CIVIL,1
9.72,4,1,7,1,69,40,94,5,MECH,1
8.94,3,0,2,2,74,99,434,6,ECE,1
8.58,4,7,8,1,1,6,296,7,IT,1
6.47,4,4,6,1,68,69,282,7,MECH,1
8.62,3,3,2,2,54,23,415,5,CIVIL,1
9.14,5,4,4,0,27,93,405,8,CSE,1
5.63,5,5,3,3,64,39,191,1,MECH,1
7.8,5,0,6,3,79,41,454,3,CSE,1
8.06,2,9,1,1,90,48,296,8,IT,1
6.05,5,10,1,2,92,94,98,5,CSE,1
9.04,5,2,6,1,64,32,178,3,IT,1
8.57,6,7,1,2,63,64,369,4,MECH,1
6.6,6,0,3,0,41,54,19,3,CSE,1
7.37,5,10,5,1,68,42,218,1,IT,1
8.17,5,1,2,2,99,48,196,5,IT,1
7.18,5,8,8,1,88,36,81,8,ECE,1
6.64,0,6,6,2,25,69,500,3,CSE,1
7.16,5,0,5,0,98,84,64,4,ECE,1
5.73,2,1,0,2,53,13,177,2,CIVIL,1
8.9,5,4,0,0,44,77,268,4,IT,1
9.42,2,7,6,2,57,54,211,2,ECE,1
7.22,1,3,4,0,2,38,24,4,CIVIL,1
6.06,1,4,4,0,1,29,41,7,IT,1
6.2,0,6,8,1,14,67,231,8,IT,1
9.05,1,2,8,3,57,70,171,2,IT,1
8.37,5,4,2,3,22,12,435,2,CSE,1
7.5,1,10,2,3,99,64,494,2,CSE,1
7.03,3,3,7,2,40,94,182,7,CIVIL,1
6.32,4,4,8,3,49,40,293,8,MECH,1
8.24,6,2,5,3,67,99,324,5,CSE,1
6.17,1,4,8,3,89,45,313,1,CIVIL,1
7.65,0,5,8,1,96,36,302,7,IT,1
7.14,2,1,7,0,22,72,81,7,CSE,1
7.17,2,0,8,1,67,73,248,6,MECH,1
6.1,5,0,1,3,75,10,52,1,MECH,1
8.3,5,6,6,2,61,83,344,6,ECE,1
8.36,3,6,7,1,14,83,188,2,MECH,1
6.21,0,5,2,0,12,13,378,4,CIVIL,1
7.78,4,10,0,0,60,17,397,4,CSE,1
8.37,1,6,4,1,39,74,431,5,IT,1
5.68,3,4,3,3,33,44,322,4,IT,1
7.18,2,1,5,0,7,8,308,3,IT,1
7.54,6,7,6,3,61,33,40,8,MECH,1
5.92,4,1,4,0,99,86,39,2,IT,1
9.52,4,5,2,0,0,13,199,8,ECE,1
7.19,5,8,2,2,97,31,240,8,ECE,1
9.47,3,3,1,3,1,36,420,1,MECH,1
8.2,2,0,2,2,96,22,431,4,CSE,0
5.9,6,9,6,2,73,49,338,5,ECE,1
8.6,2,7,0,2,25,37,104,6,IT,1
9.29,6,10,2,0,82,81,313,4,MECH,1
6.45,0,5,8,1,38,81,492,5,IT,1
9.62,4,4,0,0,36,71,44,4,MECH,1
9.43,4,8,6,2,14,47,106,5,CSE,1
6.59,0,1,4,0,25,50,281,8,CIVIL,1
9.95,5,4,2,2,72,27,345,7,MECH,1
6.48,0,6,0,1,65,71,404,3,CIVIL,1
8.82,0,10,2,2,30,41,357,8,ECE,1
6.34,5,5,0,3,58,35,101,7,CSE,1
6.79,0,9,7,1,59,23,76,1,MECH,1
8.64,3,1,8,1,97,71,420,5,CIVIL,1
9.37,1,10,4,2,32,64,30,8,ECE,1
9.22,1,5,3,3,93,34,172,5,CSE,1
6.44,1,10,5,3,78,63,73,1,MECH,1
7.44,0,7,7,3,95,81,133,3,IT,1
8.72,1,1,6,1,92,76,256,5,CSE,1
5.99,6,5,5,1,79,99,53,7,IT,1
5.66,6,6,8,0,93,95,420,6,IT,1
6.34,3,7,4,1,38,61,308,6,CSE,1
7.68,6,0,7,2,97,13,154,4,CIVIL,1
9.41,5,9,1,1,67,66,396,5,MECH,1
9.43,4,7,0,3,41,83,34,4,CSE,1
7.09,0,3,0,3,70,93,180,6,CIVIL,1
9.82,0,7,7,3,31,6,453,4,CIVIL,1
9.53,1,2,3,1,33,56,145,2,ECE,1
8.87,6,6,5,3,98,41,367,5,ECE,1
9.88,3,10,4,0,87,87,38,5,ECE,1
9.74,1,2,0,1,55,12,464,7,ECE,1
8.23,4,3,7,1,1,46,121,8,CIVIL,1
6.54,0,8,6,1,49,84,394,4,MECH,1
8.47,2,6,5,2,32,55,157,7,CSE,1
5.74,5,9,1,1,63,45,287,4,ECE,1
6.96,4,6,5,0,83,51,496,8,IT,1
9.35,2,6,2,2,71,56,408,8,MECH,1
8.68,5,4,3,0,18,37,190,3,CSE,1
7.93,6,4,5,2,11,15,194,4,CIVIL,1
8.7,5,8,3,1,15,18,417,2,CSE,1
8.32,4,10,3,2,25,45,3,8,MECH,1
5.82,1,10,0,3,0,21,136,6,MECH,1
8.03,2,10,1,1,69,92,160,4,IT,1
7.76,4,9,3,1,18,69,366,8,CSE,1
9.2,5,9,3,2,88,60,342,6,ECE,1
9.83,1,4,0,3,49,68,35,7,ECE,1
7.97,5,5,4,3,51,89,291,3,MECH,1
6.16,2,3,8,0,81,57,320,2,MECH,1
9.87,4,6,6,2,81,69,197,1,IT,1
6.31,6,3,0,1,80,53,311,1,IT,1
6.02,5,6,7,3,7,69,306,2,IT,1
7.57,0,0,2,3,94,25,135,3,CSE,1
6.15,4,7,1,1,38,55,381,5,ECE,1
7.87,6,8,4,3,2,66,68,6,MECH,1
9.79,3,5,4,0,15,72,367,3,CIVIL,1
5.83,4,4,3,0,47,52,1,1,IT,1
6.4,2,6,6,1,10,73,196,2,MECH,1
6.93,1,5,6,0,0,19,309,5,CSE,1
8.55,6,5,0,2,46,41,132,8,ECE,1
7.73,0,5,0,2,21,64,27,4,ECE,1
7.64,3,7,5,2,35,44,387,8,CSE,1
8.43,3,5,0,2,71,70,410,2,ECE,1
7.57,2,3,5,0,47,68,498,8,ECE,1
9.41,2,10,0,2,41,30,247,1,CSE,1
8.62,5,6,1,3,20,58,340,6,MECH,1
8.71,6,3,6,2,49,19,127,4,IT,1
5.81,4,7,2,2,41,21,283,5,ECE,1
7.65,0,10,0,0,47,18,171,4,IT,0
7.22,5,5,0,3,29,85,36,8,ECE,1
7.52,5,1,1,0,49,100,368,8,IT,1
6.04,6,3,2,0,57,34,454,1,CSE,1
6.71,2,1,7,0,13,24,21,3,CIVIL,1
6.38,4,6,4,2,24,99,463,7,ECE,1
6.57,5,0,4,2,80,18,26,2,ECE,1
8.52,1,4,8,3,50,9,92,1,ECE,1
5.66,6,6,2,0,1,66,266,1,IT,1
8.16,4,7,8,0,83,79,432,3,CSE,1
7.48,1,4,5,0,38,46,197,6,IT,1
8.84,2,3,3,0,15,42,271,3,CIVIL,1
7.21,3,0,3,0,52,97,172,6,CIVIL,1
6.33,4,9,1,3,5,34,82,1,CSE,1
9.3,3,5,3,1,63,77,167,4,ECE,1
7.36,5,4,7,1,0,80,268,5,IT,1
9.84,5,8,1,0,83,37,308,1,CSE,1
5.88,6,10,3,2,34,91,321,4,ECE,1
7.01,1,0,1,1,89,67,306,1,ECE,1
8.27,4,1,1,1,0,23,146,4,IT,1
6.26,2,0,6,3,97,25,43,5,MECH,1
5.8,5,7,3,1,83,9,326,3,CIVIL,1
8.51,0,0,2,3,21,85,267,2,MECH,1
6.59,4,10,5,1,4,63,406,7,CSE,1
6.35,1,8,6,0,57,79,130,2,IT,1
5.98,0,7,1,1,29,20,319,4,IT,1
5.56,2,0,7,1,37,19,148,2,ECE,1
5.56,6,2,2,3,12,91,282,3,CIVIL,1
9.47,1,0,2,3,82,72,204,6,ECE,1
8.34,1,7,6,0,43,87,386,4,MECH,1
9.27,2,10,3,3,51,70,274,1,IT,1
6.7,2,3,0,3,63,32,394,5,ECE,1
6.07,2,6,6,0,33,97,30,6,CIVIL,1
5.95,3,7,6,1,47,63,164,6,CSE,1
7.35,3,8,3,0,94,60,73,7,IT,1
9.31,6,1,4,1,21,36,373,8,ECE,1
8.9,4,1,0,3,77,90,313,3,ECE,1
8.95,4,8,8,2,97,23,155,4,ECE,1
5.69,5,5,1,3,21,74,307,3,ECE,1
6.73,6,5,8,1,57,27,296,5,MECH,1
8.12,6,1,7,2,84,83,467,8,CIVIL,1
9.57,5,3,5,1,87,27,362,4,CSE,1
9.07,5,3,6,3,36,82,185,6,MECH,1
7.45,6,4,4,1,98,43,19,5,MECH,1
5.67,4,1,6,0,83,59,483,8,MECH,1
6.66,2,4,1,2,7,83,113,1,MECH,1
6.37,3,0,5,2,33,87,104,6,CSE,1
7.59,4,0,7,3,48,8,416,4,CIVIL,1
7.53,6,8,3,2,98,37,348,4,CSE,1
7.52,4,3,4,0,26,88,118,2,ECE,1
7.89,2,5,1,2,5,42,339,6,MECH,1
8.52,5,10,2,0,11,71,249,5,MECH,1
8.36,3,6,7,1,15,68,481,4,ECE,1
8.52,0,7,6,3,14,48,390,1,CSE,1
9.03,4,6,8,3,4,64,75,1,CSE,1
8.69,5,0,0,1,74,61,333,3,MECH,1
8.47,5,10,6,0,10,16,65,8,CIVIL,1
6.43,0,7,6,3,2,71,181,1,CSE,1
8.69,1,9,1,3,33,21,16,5,MECH,1
8.42,2,0,1,3,46,83,132,5,CIVIL,1
6.59,0,0,1,3,20,93,85,6,CSE,1
8.1,1,4,6,2,51,66,24,3,MECH,1
9.46,4,6,5,1,58,36,488,6,ECE,1
8.2,1,4,4,3,89,26,74,8,IT,1
5.84,4,2,3,3,27,24,485,3,CSE,1
6.57,0,2,8,1,3,20,203,6,ECE,1
9.31,1,9,5,3,28,71,254,3,CSE,1
5.87,2,4,4,2,73,47,498,2,ECE,1
7.68,1,5,1,1,83,14,162,7,ECE,1
7.68,4,2,2,0,79,98,422,7,ECE,1
8.3,5,6,4,2,78,41,368,6,CSE,1
6.78,0,4,0,0,48,42,231,8,IT,1
9.15,3,7,3,1,37,0,35,7,CSE,1
8.92,0,8,3,1,30,89,407,8,MECH,1
8.79,0,2,6,3,1,95,190,1,ECE,1
6.67,4,6,5,2,11,20,419,7,IT,1
9.65,4,9,0,0,3,80,448,6,CSE,1
8.88,5,9,1,0,4,5,235,4,CIVIL,1
7.1,4,5,8,1,97,36,59,4,CSE,1
5.78,3,3,7,0,99,98,298,7,CIVIL,1
6.57,5,9,6,0,7,88,90,5,IT,1
8.5,0,0,6,2,35,2,450,2,MECH,1
8.11,5,8,6,3,83,89,106,1,ECE,1
9.97,6,3,5,1,46,10,167,1,CSE,1
8.94,1,2,5,2,6,27,7,5,CSE,1
8.31,6,4,5,2,84,38,43,6,ECE,1
6.26,5,9,3,0,36,4,308,2,CIVIL,1
9.42,4,8,8,1,35,16,422,6,MECH,1
6.33,2,0,1,0,14,77,478,4,ECE,1
6.33,0,0,8,0,67,63,365,8,CIVIL,1
8.2,2,5,6,0,90,46,284,6,MECH,1
6.15,2,10,1,1,84,60,392,3,CIVIL,1
7.73,6,4,2,3,49,15,381,7,CIVIL,1
8.61,6,6,1,1,2,9,0,1,MECH,1
5.97,0,0,0,1,25,50,76,4,ECE,1
8.02,2,1,3,0,80,63,305,3,CIVIL,1
9.25,1,9,4,1,40,15,430,7,IT,1
7.16,4,1,4,3,16,38,365,1,IT,1
7.08,1,9,3,2,8,25,470,2,ECE,1
8.91,3,4,1,2,28,71,259,8,CSE,1
7.86,5,8,4,3,25,3,367,5,IT,1
6.7,3,4,2,2,64,78,313,5,CIVIL,1
9.41,5,6,0,1,100,91,345,3,CSE,1
9.56,6,1,4,1,62,95,62,1,MECH,1
8.38,6,1,8,3,22,87,285,8,MECH,1
9.17,0,3,8,0,99,22,103,6,ECE,1
9.49,4,7,6,1,66,63,130,2,CSE,1
9.47,3,4,7,3,16,61,457,4,IT,1
7.97,5,0,1,1,33,96,33,1,MECH,1
6.09,6,2,7,0,86,28,26,1,IT,1
8.63,2,10,7,0,78,23,54,2,ECE,1
6.33,1,1,5,1,20,7,94,4,CSE,1
9.12,0,4,1,3,45,27,232,2,MECH,1
7.69,4,2,2,1,23,46,85,6,ECE,1
7.66,2,6,4,2,34,64,465,1,CIVIL,1
5.7,0,2,7,0,43,47,220,7,IT,1
9.84,5,1,2,3,33,76,236,5,ECE,1
5.84,4,3,2,1,17,48,297,4,CIVIL,1
9.24,2,2,8,0,1,18,414,4,CSE,1
8.8,1,1,8,1,49,84,242,6,MECH,1
8.8,0,8,1,2,41,8,335,7,CSE,1
7.33,4,4,3,0,47,12,435,5,IT,1
5.59,5,0,2,2,57,22,228,5,CSE,1
9.23,3,4,3,0,46,36,305,3,CIVIL,1
8.07,2,0,3,2,81,46,319,4,ECE,1
5.75,0,2,2,0,54,27,71,7,CIVIL,1
9.84,1,4,3,2,41,57,483,6,ECE,1
7.72,0,1,3,1,17,92,482,2,IT,1
5.69,1,1,4,1,97,96,109,7,ECE,0
8.37,3,1,5,1,80,40,63,7,CIVIL,1
8.05,3,3,7,3,87,75,158,3,IT,1
5.64,4,1,7,0,87,98,127,1,IT,0
7.07,3,6,6,0,4,31,53,7,MECH,1
7.34,5,8,6,1,22,71,125,5,MECH,1
5.69,3,10,7,3,19,81,315,2,ECE,1
5.61,6,10,5,3,13,57,233,5,ECE,1
7.21,5,1,4,1,58,7,20,6,MECH,1
7.46,4,10,2,2,14,99,486,3,ECE,1
9.24,6,3,4,1,96,42,432,5,IT,1
9.83,4,3,4,1,2,30,427,5,ECE,1
8.8,6,3,5,3,47,41,301,2,MECH,1
7.87,0,9,2,3,82,95,12,6,CSE,1
9.09,6,7,6,3,91,35,55,5,IT,1
9.77,1,10,8,3,54,49,122,6,CIVIL,1
9.18,3,4,5,0,29,23,124,3,CSE,1
7.13,1,0,6,0,67,56,211,4,CIVIL,1
8.99,0,0,4,1,78,32,184,4,CIVIL,1
7.4,3,4,2,1,64,80,395,1,IT,1
6.14,4,2,3,3,51,24,42,1,ECE,1
7.73,1,9,4,2,81,68,149,4,IT,1
8.6,2,10,2,3,81,33,489,7,CIVIL,1
6.06,0,0,7,0,61,65,233,5,ECE,1
6.63,6,5,8,3,30,45,214,5,MECH,1
6.29,4,8,6,2,20,35,337,6,IT,1
5.76,6,9,6,1,37,94,385,8,ECE,1
9.2,1,2,7,2,24,45,163,5,MECH,1
6.56,2,5,5,0,52,83,318,3,IT,1
8.54,1,1,1,0,52,3,26,8,ECE,1
8.33,2,0,3,0,76,39,393,1,IT,1
8.32,3,6,2,1,97,95,368,3,ECE,1
6.34,1,0,6,0,88,87,326,4,IT,1
8.61,1,1,0,1,33,54,244,6,IT,1
9.02,5,5,3,1,53,50,134,5,MECH,1
7.3,5,10,4,3,39,82,361,7,CSE,1
8.65,4,6,3,1,34,70,281,7,CIVIL,1
6.5,1,3,6,1,27,60,487,4,CIVIL,0
7.74,3,2,2,3,74,62,476,5,MECH,1
7.72,2,10,2,3,29,97,72,6,IT,1
6.14,3,6,6,1,52,79,281,3,CSE,1
9.26,3,8,5,0,47,37,469,5,IT,1
5.76,3,2,6,1,38,38,448,6,MECH,1
8.63,4,6,3,2,33,51,479,5,IT,1
8.73,6,6,8,2,23,40,43,7,CSE,1
7.96,2,8,5,0,1,17,209,1,IT,1
7.53,0,4,8,0,96,57,286,6,MECH,1
7.75,1,4,0,0,16,95,85,5,ECE,1
8.53,5,6,3,3,59,47,267,2,CIVIL,1
5.59,2,5,2,3,92,39,486,8,CSE,1
9.96,3,2,8,1,77,62,363,1,MECH,1
9.02,6,2,1,3,19,98,345,8,CIVIL,1
9.64,3,9,0,0,57,64,105,1,ECE,1
9.33,2,7,2,2,83,2,488,5,IT,1
6.21,4,9,6,1,96,85,152,1,ECE,1
6.59,0,3,2,0,61,71,293,2,MECH,1
8.35,6,1,3,2,98,94,246,7,MECH,1
6.12,1,5,1,2,3,18,55,8,ECE,1
9.9,1,3,0,3,19,75,253,8,IT,1
9.51,6,1,1,2,54,72,248,7,IT,1
6.0,5,9,5,0,75,59,343,8,MECH,1
8.35,3,3,1,0,20,56,339,6,MECH,1
6.39,3,0,1,0,7,19,359,1,CSE,1
6.07,5,5,3,3,15,71,178,5,CIVIL,1
8.78,3,3,6,3,85,72,219,3,ECE,1
6.13,5,1,4,3,51,1,429,7,MECH,1
8.68,4,0,7,2,3,42,63,8,CSE,1
7.26,2,0,1,2,45,56,264,5,ECE,1
8.61,5,6,7,3,54,2,165,1,IT,1
6.4,4,1,7,3,6,5,10,3,CIVIL,1
6.24,0,8,2,1,33,18,396,5,MECH,1
6.97,5,7,2,0,25,68,272,8,CIVIL,1
7.79,3,4,7,0,27,22,317,6,IT,1
6.5,1,3,3,3,44,13,427,4,MECH,1
9.96,5,7,0,1,70,84,441,3,MECH,1
7.08,5,2,8,3,27,46,465,2,CSE,1
7.77,5,9,2,3,90,56,437,3,MECH,1
8.9,1,2,8,2,26,10,125,2,CIVIL,1
9.32,2,9,2,2,5,58,145,2,CIVIL,1
8.09,2,4,5,0,70,31,126,3,MECH,1
5.67,4,6,8,0,5,73,280,4,CSE,1
6.34,4,2,7,3,26,74,172,5,CSE,1
6.26,6,0,6,1,95,15,215,4,IT,1
7.93,0,3,1,1,36,34,479,5,ECE,1
6.02,0,8,0,1,59,87,314,4,CSE,1
9.86,6,4,4,3,49,2,69,1,MECH,1
5.52,5,1,6,2,20,94,211,8,CSE,1
9.74,5,6,8,0,83,16,213,2,CSE,1
9.21,0,3,3,0,55,98,383,6,MECH,1
7.45,3,3,4,1,9,9,367,7,CIVIL,1
7.18,5,7,5,1,67,47,216,6,CSE,1
5.62,4,10,8,3,75,34,480,7,MECH,1
5.61,3,6,5,1,99,87,169,4,ECE,1
5.77,5,0,2,2,74,7,195,1,IT,1
9.59,2,5,8,1,55,44,144,4,IT,1
8.94,2,5,1,0,21,20,458,2,ECE,1
7.97,2,0,8,1,95,90,329,2,CIVIL,1
8.83,4,8,0,1,84,36,238,8,MECH,1
9.46,0,5,3,1,92,39,210,2,CSE,1
7.05,5,6,1,3,58,3,278,3,CSE,1
5.8,5,1,0,2,28,91,320,4,ECE,1
5.96,6,9,2,0,80,26,85,7,CSE,1
5.73,3,1,2,0,83,39,329,3,IT,1
6.29,4,7,4,2,10,14,241,4,MECH,1
6.47,3,10,0,0,64,31,188,2,MECH,1
8.14,2,3,2,0,53,17,55,4,CIVIL,0
7.71,1,1,0,0,82,27,136,1,ECE,1
8.94,3,4,8,1,81,29,286,2,CIVIL,1
6.99,5,0,0,2,53,2,341,1,MECH,1
6.84,1,0,8,0,36,38,431,2,ECE,1
7.35,1,0,2,1,36,36,23,3,CSE,1
9.56,3,9,7,3,7,64,234,5,CIVIL,1
8.31,4,8,4,3,62,9,118,1,ECE,1
7.96,1,3,0,3,4,51,86,4,IT,1
9.28,2,2,3,1,60,84,355,8,CIVIL,1
9.79,0,3,1,0,35,3,397,7,IT,1
6.63,6,0,6,1,62,97,439,1,ECE,1
9.97,1,0,5,0,61,0,150,8,CIVIL,1
6.04,2,4,4,0,49,3,456,5,ECE,1
8.17,3,9,8,1,94,61,27,2,CSE,1
9.88,6,6,2,0,47,89,396,8,IT,1
8.8,1,8,1,0,49,35,325,1,CIVIL,1
9.74,0,2,8,3,64,44,163,4,CSE,1
5.52,4,3,1,0,62,15,345,6,IT,1
9.19,1,1,4,1,12,87,78,2,CIVIL,1
7.7,6,9,5,2,43,58,143,5,CSE,1
9.36,4,5,4,2,21,95,234,2,ECE,1
7.92,4,6,6,3,21,100,410,6,CIVIL,1
5.69,5,7,5,0,11,52,247,5,CIVIL,1
6.61,0,2,2,1,82,68,298,3,IT,1
7.21,2,7,6,0,31,67,36,5,ECE,1
7.64,4,10,1,2,100,14,38,6,CIVIL,1
9.27,0,10,1,3,93,97,35,3,MECH,1
8.47,6,8,4,1,68,88,330,3,IT,1
7.24,4,1,7,3,69,74,108,6,ECE,1
5.52,2,0,4,3,29,80,19,1,CSE,1
9.91,4,10,1,3,96,90,398,2,MECH,1
8.99,1,1,5,1,57,76,219,3,MECH,1
7.41,2,4,5,2,64,36,421,3,CSE,1
6.82,0,6,5,3,32,65,183,3,MECH,1
7.36,2,4,4,1,51,27,384,1,ECE,1
6.81,0,2,7,0,0,14,245,2,CIVIL,1
6.12,0,10,0,1,46,30,1,2,CIVIL,1
8.37,0,2,3,2,86,4,484,1,CSE,1
7.31,4,6,6,1,87,51,285,3,MECH,1
10.0,6,2,7,3,74,40,296,6,IT,1
6.02,2,8,5,2,64,99,490,4,ECE,1
8.13,4,3,0,1,46,64,100,2,CIVIL,1
8.01,1,4,5,3,79,34,375,7,IT,1
6.47,0,9,8,3,48,47,421,6,CSE,1
9.76,0,2,2,1,60,26,95,6,MECH,1
7.0,2,4,8,1,81,84,419,4,MECH,1
9.23,6,2,4,2,58,63,61,3,IT,1
5.81,2,10,1,0,61,39,95,3,IT,1
7.5,1,9,4,0,13,63,436,6,CIVIL,1
7.28,5,4,8,2,25,68,268,6,ECE,1
8.04,2,6,2,2,83,55,257,7,MECH,1
9.43,5,7,4,1,70,47,91,8,CIVIL,1
7.75,0,7,8,0,76,52,57,1,MECH,1
9.13,5,4,8,1,97,1,203,5,CIVIL,1
7.98,3,9,8,2,73,15,312,5,CSE,1
7.77,0,9,6,2,42,83,367,2,CIVIL,1
9.41,3,10,6,0,66,40,278,8,ECE,1
5.73,1,7,4,2,22,0,480,6,ECE,1
5.5,1,4,2,0,29,65,12,5,MECH,1
9.1,1,3,1,3,41,40,267,3,IT,1
8.67,0,0,0,2,89,65,118,5,ECE,1
6.2,2,4,2,0,91,69,214,8,CIVIL,1
7.02,4,7,7,3,14,95,38,3,CIVIL,1
6.38,3,3,2,1,34,26,301,6,MECH,1
5.62,6,2,0,3,13,94,177,8,CIVIL,1
9.47,4,6,8,1,98,69,11,8,CIVIL,1
5.99,6,0,8,1,4,72,147,2,MECH,1
5.96,6,9,8,2,10,16,175,4,CIVIL,1
6.35,6,8,2,2,48,21,292,5,ECE,1
7.26,5,0,4,3,56,100,48,2,MECH,1
9.36,3,4,0,3,71,73,324,7,IT,1
5.76,2,1,0,2,87,50,311,8,CSE,0
9.16,5,1,8,3,76,59,146,5,CSE,1
8.61,2,4,7,1,30,6,328,3,CIVIL,1
9.88,0,9,6,3,10,98,254,8,CIVIL,1
5.7,1,5,8,1,35,96,492,1,ECE,1
5.73,2,3,5,3,21,93,472,2,CSE,1
7.8,4,0,1,1,99,86,67,2,CIVIL,1
7.57,3,0,3,2,77,36,481,8,ECE,1
8.39,1,8,8,3,92,24,158,4,ECE,1
9.56,4,3,7,2,14,10,92,3,CIVIL,1
5.91,6,7,5,0,16,34,365,2,MECH,1
5.72,6,7,8,0,0,28,56,3,IT,1
6.64,4,3,7,3,17,94,326,1,CSE,1
6.87,6,9,6,2,35,36,409,8,CSE,1
9.1,6,9,6,1,99,64,213,7,ECE,1
6.52,4,1,4,3,6,73,420,4,CSE,1
7.18,4,1,3,3,31,14,310,6,MECH,1
6.54,1,10,6,1,4,62,126,2,MECH,1
9.86,4,1,0,3,56,44,243,3,CIVIL,1
8.34,6,0,3,1,9,75,471,5,IT,1
8.77,2,6,1,3,20,84,499,1,CSE,1
7.19,1,8,2,3,5,35,111,8,CIVIL,1
5.93,0,3,2,1,68,58,403,4,ECE,1
9.77,1,2,8,0,49,56,441,3,CSE,1
6.43,0,10,0,3,35,64,161,2,IT,1
7.35,3,4,6,1,84,45,289,1,MECH,1
6.17,4,9,4,3,25,17,12,5,IT,1
7.68,2,5,7,1,20,19,25,3,CSE,1
8.05,0,8,2,3,28,82,201,4,IT,1
8.9,0,3,1,2,46,13,211,6,CIVIL,1
5.66,0,4,2,2,99,3,227,3,CSE,1
6.86,5,10,6,2,59,14,98,5,CIVIL,1
7.18,2,8,3,0,32,15,192,4,ECE,1
8.34,3,9,6,0,74,1,377,3,IT,1
8.71,4,4,7,2,96,89,39,2,CIVIL,1
8.85,1,2,5,1,25,84,336,8,MECH,1
8.39,6,5,4,3,94,27,80,6,ECE,1
7.42,3,0,6,3,26,20,450,6,ECE,1
7.89,5,10,3,1,76,47,194,3,ECE,1
6.86,4,1,1,2,45,90,305,6,IT,1
6.61,4,1,0,0,90,76,445,8,IT,1
6.39,3,7,5,1,44,58,6,2,CIVIL,1
9.38,3,9,0,2,70,16,491,7,MECH,1
8.02,3,5,7,2,79,27,236,5,ECE,1
6.34,1,2,7,3,96,62,270,2,CSE,1
9.35,0,9,1,2,10,46,458,3,IT,1
7.94,0,8,6,1,23,66,480,3,MECH,1
8.65,5,7,1,1,99,48,185,8,MECH,1
8.25,6,8,5,0,80,49,29,6,IT,1
7.3,2,5,1,3,13,40,96,3,MECH,1
7.71,1,1,0,0,55,52,441,4,IT,1
6.87,3,3,6,0,16,74,216,4,ECE,1
8.81,5,7,5,2,40,78,408,6,CSE,1
7.35,1,8,2,2,91,20,452,3,CIVIL,1
6.76,1,10,8,3,57,16,86,3,ECE,1
9.11,4,5,0,0,48,69,327,4,ECE,1
8.95,3,7,2,3,12,28,97,2,IT,1
7.94,4,2,1,0,6,22,316,4,CSE,0
9.59,0,8,0,2,72,12,173,1,ECE,1
5.92,3,2,2,1,30,47,124,5,CSE,0
8.12,1,9,5,1,49,32,270,5,CSE,1
7.69,2,9,0,2,25,66,124,4,IT,1
6.78,4,10,1,2,12,96,175,5,CIVIL,1
8.49,1,0,2,3,75,57,411,8,ECE,0
9.31,4,5,7,3,45,44,159,3,CSE,1
5.81,5,3,5,3,23,30,107,2,CSE,1
9.27,4,4,7,2,6,52,463,5,MECH,1
6.2,1,9,5,1,76,52,181,8,CIVIL,1
8.12,6,6,3,2,47,61,57,6,IT,1
6.7,1,1,2,2,92,33,429,2,MECH,1
6.56,6,5,5,1,28,64,381,6,CIVIL,1
8.1,6,1,8,0,37,89,345,4,IT,1
6.37,5,5,4,3,37,26,64,3,CSE,1
8.35,0,10,4,1,54,50,132,4,CIVIL,1
8.67,2,0,6,3,62,3,471,3,CIVIL,1
6.33,6,1,1,3,23,9,85,2,CIVIL,1
6.47,6,8,7,3,42,3,286,4,MECH,1
8.22,5,2,3,2,13,54,346,3,CIVIL,1
6.31,6,1,2,0,74,50,110,1,MECH,1
5.63,2,1,1,2,54,60,393,2,IT,1
5.85,3,1,6,1,67,43,234,5,MECH,1
7.38,1,8,6,0,31,98,235,1,ECE,1
5.63,6,0,6,3,68,46,55,3,CSE,1
8.93,5,0,3,3,88,95,192,1,IT,1
7.65,2,9,3,2,37,63,380,3,ECE,1
9.76,4,3,0,3,94,70,427,3,ECE,1
8.11,2,7,8,0,63,1,433,5,CSE,1
6.27,3,2,7,2,87,6,264,6,ECE,1
6.95,1,9,2,0,3,74,250,4,CSE,1
8.69,3,6,3,3,15,29,63,7,MECH,1
9.77,5,5,3,3,18,29,206,6,CIVIL,1
6.03,0,5,5,3,15,37,491,2,CIVIL,1
8.65,5,0,6,0,16,92,39,3,IT,1
9.76,0,3,8,3,57,7,315,1,CIVIL,1
8.37,1,4,7,0,67,3,494,6,CIVIL,1
6.46,6,0,0,3,100,73,343,8,CIVIL,1
9.22,0,4,6,0,93,68,24,6,CSE,1
6.23,4,6,4,0,0,51,373,4,IT,1
6.71,1,7,4,1,31,33,13,1,IT,1
6.04,6,2,1,3,84,87,337,1,IT,1
9.24,1,0,8,0,94,45,222,6,CIVIL,1
5.71,5,6,2,1,36,64,307,8,CSE,1
7.74,6,3,2,0,52,36,379,3,ECE,1
7.13,5,4,0,3,8,6,416,5,MECH,1
5.73,5,10,3,3,15,82,151,3,CIVIL,1
6.36,1,9,7,1,21,69,325,4,IT,1
9.33,3,10,5,3,30,73,357,4,ECE,1
7.54,3,6,6,1,47,87,132,5,IT,1
7.34,1,6,5,2,44,39,329,5,CSE,1
9.34,5,1,2,0,98,87,430,7,CSE,1
5.81,5,5,6,2,2,76,148,5,ECE,1
8.12,5,4,5,2,32,8,193,5,MECH,1
5.55,2,4,1,3,55,92,82,7,ECE,1
6.37,5,2,5,0,96,75,255,5,CIVIL,1
9.8,5,6,1,3,6,57,484,5,IT,1
6.47,5,8,0,3,63,28,161,3,IT,1
9.33,5,1,6,1,65,66,121,5,CIVIL,1
9.8,2,0,0,3,98,27,445,2,CIVIL,1
8.37,3,0,0,3,22,62,405,7,CIVIL,1
9.01,2,5,1,2,21,32,258,7,CSE,1
7.57,6,2,2,0,85,12,239,7,IT,1
8.2,3,7,7,1,82,10,266,5,ECE,1
9.81,6,7,1,1,52,2,171,2,CSE,1
8.56,1,8,5,0,20,34,322,2,IT,1
6.4,1,9,5,3,23,63,441,6,CIVIL,1
6.24,6,5,0,3,60,58,190,3,MECH,1
6.45,6,10,0,2,95,13,16,4,CSE,1
6.49,5,5,7,1,100,32,305,2,IT,1
5.75,1,8,0,1,65,68,97,7,MECH,1
9.6,4,3,6,2,79,86,326,5,CIVIL,1
8.73,6,6,4,3,4,20,45,8,CSE,1
6.61,1,5,8,2,25,63,488,6,ECE,1
9.58,2,2,8,2,47,64,199,6,CSE,1
8.22,2,2,4,1,69,74,216,7,MECH,1
8.89,4,2,3,2,25,44,354,6,CIVIL,1
8.12,6,6,8,0,11,15,277,6,ECE,1
9.66,0,6,2,1,80,31,65,3,CSE,1
7.36,1,9,1,1,75,18,386,6,MECH,1
6.19,1,4,0,1,84,93,32,3,MECH,1
8.25,0,4,7,3,76,57,77,4,CIVIL,1
8.09,0,5,5,0,19,21,102,5,ECE,1
7.36,0,1,0,1,35,31,333,3,IT,1
7.5,6,7,7,1,98,38,272,2,ECE,1
7.14,5,10,3,0,89,100,4,8,ECE,1
8.58,1,0,7,0,23,54,447,8,CSE,1
7.2,4,6,8,1,41,87,39,2,CIVIL,1
5.55,0,10,7,1,97,61,496,3,IT,1
7.87,3,1,6,1,66,83,107,4,CIVIL,1
8.13,1,3,1,3,56,30,254,1,CSE,1
9.98,6,8,1,0,36,82,37,6,MECH,1
9.23,5,6,8,3,30,35,288,6,CSE,1
9.25,5,0,5,0,100,72,39,4,IT,1
8.38,6,2,1,3,51,44,15,3,ECE,1
7.0,6,5,6,3,63,35,120,4,ECE,1
7.43,6,9,8,2,11,83,467,6,MECH,1
9.73,3,4,6,1,19,42,189,6,ECE,1
8.75,2,4,4,0,37,70,131,3,CSE,1
9.39,0,5,3,0,10,79,30,3,CSE,1
8.77,4,5,5,2,96,91,259,8,CIVIL,1
7.03,2,10,0,0,34,8,128,1,CSE,1
8.91,2,6,8,0,44,99,68,8,ECE,1
8.1,2,1,2,3,26,46,446,1,MECH,1
7.63,1,4,2,1,92,99,284,2,CSE,1
5.6,0,0,8,1,70,69,200,1,IT,1
8.81,6,4,2,3,74,47,17,6,IT,1
5.84,1,7,3,3,24,98,477,8,CIVIL,1
7.42,5,6,2,0,91,77,377,7,CIVIL,1
7.72,3,5,1,2,60,14,207,8,ECE,1
5.52,3,8,3,2,68,7,317,3,MECH,1
8.45,5,8,0,2,32,80,291,8,ECE,1
7.14,6,3,2,2,26,12,381,1,IT,1
5.73,0,1,6,1,22,45,238,4,CSE,1
8.39,2,4,8,3,27,22,178,3,CSE,1
9.43,6,1,5,2,2,86,23,4,CSE,1
7.79,5,6,2,3,0,77,324,6,IT,1
7.35,1,4,2,0,8,17,66,2,MECH,1
9.53,0,8,8,3,34,14,488,6,ECE,1
6.26,1,7,6,3,48,14,364,5,CIVIL,1
7.49,5,3,0,1,79,63,341,3,CSE,1
9.45,4,4,3,0,59,74,128,6,ECE,1
9.4,1,0,3,0,18,91,494,4,CIVIL,1
8.32,4,0,1,1,72,73,344,3,CSE,1
9.88,1,1,0,0,6,11,82,4,CIVIL,1
5.68,4,7,6,2,14,78,283,5,CIVIL,1
7.85,2,9,3,3,83,12,423,1,MECH,1
6.72,6,6,4,0,23,91,126,4,CIVIL,1
7.49,3,2,8,1,68,10,47,7,CIVIL,1
6.88,6,10,0,3,87,99,398,5,MECH,1
9.98,6,3,0,2,6,51,191,7,ECE,1
6.98,2,10,4,3,17,37,250,4,CSE,1
7.07,5,0,6,3,19,61,89,2,CIVIL,1
6.38,3,5,6,1,58,23,245,2,MECH,1
7.02,4,1,8,1,58,85,7,3,CSE,1
7.88,1,0,7,0,12,30,434,5,CSE,1
9.4,5,4,3,3,74,19,94,3,MECH,1
8.35,3,6,3,0,77,57,252,6,MECH,1
7.24,3,2,0,0,81,94,149,1,IT,1
7.51,1,1,8,2,51,15,51,2,CSE,1
8.93,2,0,3,2,11,43,390,7,ECE,1
8.54,5,5,8,0,95,13,245,8,CIVIL,1
9.74,0,6,1,0,85,6,384,1,ECE,1
9.82,0,7,1,0,45,91,419,2,CIVIL,1
9.63,5,4,8,0,85,2,51,5,CSE,1
8.79,1,8,8,1,10,88,174,2,CIVIL,1
8.67,0,8,1,2,83,69,42,7,CIVIL,1
9.01,4,3,6,3,64,38,286,7,CIVIL,1
9.94,4,4,3,1,59,37,243,6,ECE,1
6.68,2,3,4,0,22,25,191,1,CIVIL,1
6.81,3,9,7,2,68,57,158,8,ECE,1
8.86,6,7,5,3,63,18,447,1,CIVIL,1
7.67,4,1,7,2,81,91,98,1,MECH,1
5.92,0,2,7,3,92,53,309,3,IT,1
9.09,4,7,1,0,63,56,269,2,ECE,1
8.63,6,3,8,0,91,54,378,1,ECE,1
8.04,0,1,5,0,29,65,257,3,CIVIL,1
9.46,4,7,6,3,33,83,91,4,CIVIL,1
7.23,2,1,8,2,8,56,202,7,ECE,1
8.01,2,7,2,2,45,70,402,3,CIVIL,1
9.58,6,2,6,2,5,58,150,1,ECE,1
9.41,2,2,6,2,48,3,423,2,CIVIL,1
7.67,1,1,2,3,61,74,355,4,CIVIL,1
7.34,2,0,5,3,18,38,68,7,ECE,1
8.17,0,9,2,2,80,99,412,3,ECE,1
6.19,6,7,7,3,100,99,53,6,CSE,1
6.03,5,7,8,3,58,99,128,6,CSE,1
8.55,3,8,3,0,72,23,331,3,IT,1
8.48,5,6,6,2,80,100,489,5,MECH,1
8.31,6,10,2,0,69,35,198,5,CSE,1
5.86,6,10,2,2,85,61,113,4,MECH,1
7.08,0,4,1,2,58,22,207,4,IT,1
5.96,5,9,8,0,84,69,41,2,ECE,1
9.96,4,3,3,1,29,91,10,2,IT,1
9.58,4,7,8,2,22,98,123,2,CIVIL,1
9.41,5,10,2,0,98,36,210,3,MECH,1
7.89,3,5,1,2,17,20,164,8,CSE,1
7.02,6,4,3,3,1,15,237,2,IT,1
6.1,0,10,5,2,41,34,279,5,IT,1
8.67,4,6,2,3,97,11,185,4,MECH,1
6.26,2,6,2,0,10,69,412,1,CSE,1
8.48,0,6,8,1,79,36,406,2,IT,1
8.88,0,10,8,1,84,26,184,4,IT,1
9.96,4,6,1,2,37,60,310,7,CSE,1
8.58,3,7,1,3,33,34,216,6,CIVIL,1
6.81,0,7,0,2,37,50,451,8,ECE,1
6.88,2,8,2,3,66,87,252,3,ECE,1
8.99,5,6,6,2,56,79,197,1,CIVIL,1
7.75,0,7,6,2,76,11,248,8,MECH,1
6.85,6,6,3,2,23,57,174,6,ECE,1
8.58,3,8,6,0,68,37,304,7,MECH,1
8.0,5,5,1,1,98,81,52,1,MECH,1
7.66,1,10,3,3,50,93,41,1,ECE,1
9.21,3,0,0,1,60,83,278,8,CSE,1
8.21,6,2,1,0,15,98,491,3,ECE,1
6.29,6,3,5,3,22,88,158,6,IT,1
8.95,3,7,4,3,78,30,140,6,ECE,1
5.91,0,7,2,0,16,34,48,7,ECE,1
9.24,3,3,2,2,3,60,12,3,CSE,1
7.46,1,7,1,0,26,40,383,8,IT,1
9.09,4,7,0,2,34,97,45,8,CIVIL,1
6.82,1,9,3,1,39,4,7,3,IT,1
7.64,2,6,2,2,89,57,88,3,ECE,1
7.14,3,4,1,1,22,43,200,8,MECH,1
9.88,3,8,8,0,13,60,346,8,CIVIL,1
6.65,1,1,0,3,94,33,278,5,CIVIL,1
6.94,2,7,8,2,34,22,358,1,CIVIL,1
7.7,1,3,1,2,39,46,453,5,CSE,1
7.18,3,0,3,0,20,5,262,8,CIVIL,1
9.26,1,4,2,2,89,24,343,1,IT,1
6.06,2,9,6,2,78,99,169,7,ECE,1
5.8,4,8,1,2,42,39,208,4,CIVIL,1
5.76,6,0,8,3,80,64,80,8,MECH,1
8.55,0,6,8,2,96,80,390,7,MECH,1
6.08,3,5,2,1,71,76,9,4,MECH,1
9.24,6,8,8,0,4,83,494,5,IT,1
8.94,6,4,1,1,48,87,73,4,IT,1
7.28,6,9,5,0,68,95,84,7,IT,1
7.75,3,9,6,2,11,82,164,2,MECH,1
9.86,0,3,4,0,47,24,361,5,IT,1
5.76,6,0,1,2,62,79,164,3,CIVIL,1
9.53,4,10,4,3,60,7,153,8,CIVIL,1
5.62,5,6,0,1,38,21,386,6,ECE,1
6.62,5,6,3,1,31,16,285,3,IT,1
7.63,5,4,5,0,62,58,254,4,MECH,1
6.18,4,2,5,1,2,69,202,5,MECH,1
8.66,0,7,1,3,22,95,57,3,IT,1
5.6,0,3,4,3,35,11,346,4,CIVIL,1
7.91,5,3,7,0,92,19,476,6,CIVIL,1
9.63,0,5,8,0,67,92,299,2,MECH,1
5.58,4,4,8,1,35,97,375,2,ECE,1
8.72,5,9,8,3,31,42,10,5,IT,1
6.59,5,4,0,0,17,80,54,8,ECE,1
7.83,4,8,6,3,55,43,38,7,IT,1
8.43,1,4,6,3,43,13,272,4,IT,1
7.84,4,1,6,3,10,59,238,3,CIVIL,1
9.0,0,7,8,0,32,28,374,4,ECE,1
6.31,5,7,5,0,89,37,225,7,CSE,1
5.79,2,2,6,1,68,76,312,1,CSE,1
6.26,2,3,5,0,29,48,36,6,CIVIL,1
6.14,5,1,0,2,53,79,362,1,CSE,1
9.36,5,4,1,1,26,62,306,8,ECE,1
6.42,4,2,7,3,33,33,52,1,MECH,1
8.08,4,5,5,3,75,90,35,6,CIVIL,1
8.93,5,8,4,3,33,18,306,3,CSE,1
7.49,5,7,7,2,28,15,230,5,CIVIL,1
8.9,5,3,0,0,42,6,139,1,MECH,1
7.03,2,7,2,1,43,85,436,7,CSE,1
6.46,1,4,3,0,67,71,483,3,ECE,1
6.13,4,10,1,3,64,50,231,2,MECH,1
7.1,1,6,8,2,72,9,306,3,MECH,1
9.4,0,1,3,1,30,49,115,8,CIVIL,1
7.23,4,9,7,2,43,24,69,4,IT,1
5.71,3,9,7,1,64,35,26,3,IT,1
8.34,2,2,6,3,20,45,197,2,CSE,1
9.98,5,5,3,2,16,14,40,3,ECE,1
7.53,5,1,2,3,38,21,230,7,ECE,1
8.86,5,0,6,0,84,25,335,7,ECE,1
5.72,4,4,3,1,68,51,398,7,CSE,1
6.34,1,8,3,0,6,41,47,3,CIVIL,1
7.4,6,8,2,3,24,82,145,4,CSE,1
7.13,6,0,3,1,36,39,445,6,MECH,1
6.5,5,0,5,2,14,56,487,8,ECE,1
6.11,0,6,1,2,97,13,408,8,CIVIL,1
6.45,4,2,8,2,57,70,186,3,CIVIL,1
7.96,3,10,1,3,94,39,360,1,ECE,1
6.68,6,0,4,0,99,14,324,2,CIVIL,1
8.67,4,4,1,0,57,15,449,5,CIVIL,1
8.5,3,3,5,3,48,99,452,8,CSE,1
6.44,3,4,3,2,56,20,275,3,CSE,1
8.62,3,4,0,2,48,89,491,3,CSE,1
8.68,0,1,4,2,76,15,105,2,CIVIL,1
6.27,1,9,4,3,94,100,316,5,ECE,1
8.74,5,10,4,0,60,86,360,4,CIVIL,1
8.11,4,7,5,2,86,85,232,6,CSE,1
7.99,4,8,3,0,51,8,483,5,MECH,1
7.57,4,8,1,1,76,26,479,8,CIVIL,1
5.66,5,8,4,0,85,18,138,8,ECE,1
8.17,1,0,4,1,83,59,47,8,CSE,1
6.89,5,9,5,0,16,66,344,7,CSE,1
8.91,0,2,7,1,15,45,249,1,CIVIL,1
6.32,6,1,4,3,55,98,64,8,IT,1
7.24,1,1,1,3,100,4,429,1,ECE,1
5.7,4,1,4,1,94,44,197,8,ECE,1
7.67,0,10,1,2,96,96,136,1,ECE,1
9.78,0,10,5,1,95,71,491,8,ECE,1
9.7,6,2,3,3,66,98,73,3,CSE,1
6.92,5,5,7,0,28,17,131,3,CIVIL,1
7.97,5,3,3,3,25,69,286,7,CSE,1
6.59,6,7,1,2,62,29,124,3,CIVIL,1
5.61,0,8,2,0,13,20,271,5,MECH,1
5.94,2,4,6,1,71,18,482,5,ECE,1
5.53,3,7,0,3,94,29,311,4,CIVIL,1
6.97,6,1,5,2,76,3,339,7,IT,1
6.47,3,10,7,1,10,23,473,6,CSE,1
6.21,4,0,8,1,24,63,140,8,CIVIL,1
8.5,3,3,8,2,41,68,457,4,ECE,1
9.24,5,1,0,1,53,80,498,1,MECH,1
6.25,1,7,6,0,14,18,90,3,IT,1
9.81,3,0,6,2,87,22,270,6,MECH,1
5.62,3,3,7,3,67,67,57,2,CSE,1
8.71,3,4,4,0,43,35,35,6,IT,1
9.24,1,7,6,2,94,75,475,6,CIVIL,1
9.77,1,2,1,2,23,76,404,3,MECH,1
9.03,4,1,2,1,17,4,281,8,ECE,0
6.31,6,3,2,2,72,55,234,3,CIVIL,1
9.79,6,5,1,0,52,19,159,8,IT,1
9.89,2,5,2,0,0,10,378,3,ECE,0
6.49,6,5,6,1,72,36,383,5,IT,1
9.59,6,8,7,2,29,71,365,7,IT,1
7.02,4,6,1,1,91,5,421,8,CIVIL,1
8.15,0,7,0,2,98,42,3,1,ECE,1
7.41,4,8,6,2,0,18,323,7,MECH,1
6.77,3,1,4,3,98,27,436,7,ECE,1
7.36,1,5,5,1,79,41,441,6,ECE,1
7.41,3,0,4,3,8,5,306,5,CSE,1
6.79,4,10,3,0,40,5,329,7,ECE,1
8.41,5,2,7,3,76,94,128,1,ECE,1
6.94,6,10,7,2,26,51,224,7,IT,1
7.69,4,2,8,2,11,64,2,3,MECH,1
5.81,3,0,0,2,68,92,456,7,IT,1
8.28,6,4,3,0,41,12,202,4,CIVIL,1
6.6,6,0,4,0,53,98,407,8,MECH,1
9.21,2,0,5,3,44,96,14,4,CIVIL,1
5.84,1,1,7,1,66,94,484,3,ECE,1
5.58,0,9,5,0,54,71,208,7,CSE,1
6.12,2,1,0,1,91,54,42,1,CIVIL,1
9.98,0,4,5,1,47,30,492,4,CSE,1
5.73,1,10,7,1,81,1,350,8,MECH,1
9.33,4,0,7,3,97,1,98,1,IT,1
6.88,3,2,0,1,43,91,43,1,ECE,1
7.32,6,4,2,1,99,23,165,3,CSE,1
7.53,0,8,7,3,97,48,36,8,CIVIL,1
6.45,4,9,2,0,35,87,171,3,IT,1
7.62,1,9,7,3,72,3,427,6,IT,1
6.83,1,5,7,1,72,100,214,6,MECH,1
5.95,6,5,5,1,64,29,276,8,CIVIL,1
9.64,6,10,2,1,24,78,163,1,CSE,1
8.21,3,9,8,3,81,20,460,2,CSE,1
7.89,3,0,3,1,51,41,338,6,ECE,1
8.96,2,3,5,2,100,83,296,7,CIVIL,1
7.26,4,4,5,1,70,16,412,4,ECE,1
8.0,6,6,4,3,60,8,494,2,ECE,1
5.55,3,1,6,1,26,65,447,3,CIVIL,1
7.05,1,3,5,0,79,99,287,7,CSE,1
6.18,5,10,5,0,53,1,144,5,CSE,1
8.18,3,3,8,1,27,15,480,4,IT,1
6.42,4,3,0,1,39,9,282,2,CSE,1
9.28,2,9,6,0,15,99,291,8,MECH,1
6.06,3,2,5,1,51,92,36,3,CSE,0
7.28,4,10,4,1,71,80,319,8,CSE,1
8.71,3,4,5,0,31,7,120,2,IT,1
7.8,3,10,3,0,31,91,309,6,CIVIL,1
9.24,6,9,5,0,43,39,315,2,IT,1
5.67,0,7,3,0,15,4,214,4,IT,1
6.26,1,10,5,3,33,11,72,8,CSE,1
8.51,0,0,2,3,14,50,307,5,MECH,1
8.71,2,10,8,2,79,75,289,3,MECH,1
7.37,5,0,4,0,22,71,224,4,CSE,1
9.45,5,3,6,3,46,15,392,7,MECH,1
9.39,0,0,4,2,88,51,500,2,MECH,1
9.95,1,3,3,2,8,78,216,3,CSE,1
6.75,6,3,2,1,65,7,298,7,ECE,1
8.72,1,2,6,2,64,46,188,1,CIVIL,1
8.54,4,5,3,2,9,83,325,8,MECH,1
6.42,3,2,0,3,50,55,146,5,ECE,1
5.61,1,10,5,3,74,61,23,8,CIVIL,1
8.24,5,4,3,2,79,52,60,2,CSE,1
8.08,5,7,8,2,36,85,107,8,CIVIL,1
9.27,1,9,3,2,2,29,395,4,MECH,1
8.07,2,0,7,2,85,44,437,8,IT,1
5.81,4,6,6,3,1,84,450,2,CSE,1
7.87,2,4,4,3,85,4,400,7,CIVIL,1
9.61,2,8,1,1,10,83,386,8,MECH,1
8.95,4,8,8,3,75,48,298,4,CSE,1
9.06,1,9,7,3,18,12,328,7,MECH,1
5.57,1,10,3,3,69,76,240,3,IT,1
9.72,4,5,0,0,96,15,165,1,ECE,1
7.14,5,7,2,0,44,69,208,5,MECH,1
7.39,6,6,2,1,76,0,376,5,CSE,0
9.86,1,4,2,0,96,51,94,4,CIVIL,1
9.5,4,10,5,0,57,64,144,6,ECE,1
7.38,4,10,1,2,0,63,355,2,MECH,1
9.21,0,8,6,1,31,52,296,1,ECE,1
7.31,6,9,0,0,85,47,453,5,CIVIL,1
5.58,4,10,6,2,74,71,66,3,IT,1
6.32,1,0,3,3,20,26,432,5,CIVIL,1
6.59,3,6,0,1,2,2,349,2,CSE,1
9.32,1,10,1,3,46,73,349,3,MECH,1
5.7,3,9,4,2,34,80,62,6,MECH,1
7.11,3,4,6,1,25,100,207,4,CSE,1
7.97,0,0,6,1,40,3,40,7,MECH,1
8.4,2,4,2,3,94,13,438,7,ECE,1
7.96,5,5,6,0,72,34,492,6,CSE,1
6.42,2,9,6,1,32,22,344,2,CIVIL,1
8.9,1,6,3,1,35,15,343,3,ECE,1
7.11,3,1,3,1,20,18,490,5,CIVIL,1
6.63,5,4,1,1,9,31,462,5,CIVIL,1
5.98,6,6,2,1,11,20,103,6,CIVIL,1
6.92,6,3,8,0,24,64,351,8,ECE,1
7.42,5,5,7,2,27,36,229,6,IT,1
6.21,1,2,4,0,32,3,185,5,IT,1
9.46,6,8,4,2,40,22,291,8,IT,1
6.97,2,5,1,2,51,23,441,8,ECE,1
9.3,3,3,6,3,95,18,248,6,CIVIL,1
9.62,4,3,5,0,3,47,60,6,MECH,1
7.59,2,2,3,2,73,58,69,5,CSE,1
9.32,4,10,6,0,34,49,485,2,CIVIL,1
7.35,6,5,3,2,17,18,109,2,IT,1
7.81,5,1,2,0,87,80,169,6,ECE,1
6.18,3,6,3,2,61,87,302,3,ECE,1
8.19,0,10,6,0,54,61,288,5,ECE,1
5.9,4,10,7,3,36,12,106,8,MECH,1
6.14,5,10,3,3,67,56,176,1,CSE,1
7.01,6,4,6,1,12,87,487,8,ECE,1
8.74,6,3,2,1,79,60,353,7,MECH,1
5.57,1,6,3,2,32,16,337,6,CSE,1
9.94,5,1,7,3,19,5,145,6,CIVIL,1
7.26,2,4,0,1,74,1,219,6,IT,1
9.05,1,0,1,0,71,69,290,5,IT,1
9.05,3,4,4,2,58,54,426,5,MECH,1
7.72,1,1,5,2,92,75,64,4,CIVIL,1
7.58,0,0,7,2,1,27,153,6,CIVIL,1
8.08,4,5,5,2,28,28,349,4,MECH,1
7.55,2,7,6,1,1,30,458,2,IT,1
6.97,4,6,1,0,84,42,314,5,IT,1
7.43,3,4,7,2,27,46,238,6,MECH,1
6.13,6,7,1,0,72,97,298,2,CIVIL,1
9.16,4,4,5,3,26,24,338,5,MECH,1
7.34,0,5,6,3,29,70,60,1,MECH,1
8.26,1,9,2,3,61,12,114,3,CIVIL,1
9.85,2,9,4,2,61,11,210,5,ECE,1
8.86,1,0,5,0,61,23,473,7,ECE,1
9.78,5,8,3,3,84,34,460,4,IT,1
6.98,4,10,1,1,55,21,313,3,ECE,1
9.0,0,7,1,0,51,86,336,2,CSE,1
8.96,6,10,3,1,94,66,291,7,CIVIL,1
9.1,0,7,6,1,13,45,55,4,ECE,1
5.94,2,0,5,1,29,17,316,3,IT,1
8.67,5,9,4,3,24,17,430,2,ECE,1
9.09,2,10,1,3,49,47,330,8,IT,1
9.99,5,5,0,0,30,28,337,2,CIVIL,1
9.96,0,7,7,0,24,13,207,3,ECE,1
7.91,0,10,0,0,45,70,202,4,IT,1
7.81,4,9,3,2,8,14,42,1,ECE,1
5.52,5,2,3,3,90,86,399,5,ECE,1
6.94,4,7,5,1,59,79,311,7,ECE,1
7.42,5,8,3,2,61,69,181,6,CSE,1
7.54,6,7,4,0,36,73,78,5,ECE,1
5.63,4,3,2,2,48,47,76,1,CSE,1
6.98,4,5,8,3,21,55,37,7,MECH,1
7.53,0,2,6,3,94,61,36,7,CIVIL,1
7.1,6,2,4,2,97,19,137,7,CSE,1
6.15,5,4,6,3,20,0,209,3,MECH,1
7.22,1,2,1,2,48,95,297,2,CSE,1
9.81,2,4,6,3,43,15,419,2,CSE,1
8.44,0,0,7,2,9,22,188,7,MECH,1
8.88,2,6,6,0,26,24,29,7,CSE,1
7.65,4,1,8,3,39,83,33,8,CSE,1
5.79,2,1,8,2,44,28,153,7,CIVIL,1
7.77,2,9,1,2,82,37,65,6,CIVIL,1
6.14,5,10,6,2,41,100,238,7,MECH,1
6.14,0,6,3,2,25,80,151,1,CSE,1
7.82,0,9,2,0,44,53,92,4,MECH,1
8.01,0,3,0,1,5,16,108,2,CSE,1
9.37,5,5,0,2,91,5,408,4,ECE,1
9.63,0,4,5,2,22,86,102,8,MECH,1
9.97,5,4,7,2,78,58,465,7,CSE,1
8.17,0,5,1,1,65,15,245,8,CSE,1
5.55,0,5,1,0,89,10,359,4,IT,1
7.06,1,0,2,3,74,86,39,2,ECE,1
8.02,4,8,6,1,22,95,132,7,CIVIL,1
6.55,1,4,3,3,86,100,447,7,CIVIL,1
5.54,2,10,6,0,10,66,366,2,MECH,1
7.8,2,10,0,0,16,75,126,1,MECH,1
7.92,2,10,5,2,38,28,171,2,IT,1
8.06,3,1,4,2,47,49,269,2,ECE,1
5.62,5,0,6,0,12,73,378,5,MECH,1
9.63,4,8,5,1,92,100,291,7,ECE,1
6.56,2,10,6,2,89,24,426,1,IT,1
7.41,6,10,2,3,19,82,250,8,CIVIL,1
6.85,2,0,1,3,0,52,381,8,MECH,1
5.64,2,3,5,3,21,32,412,1,CSE,1
9.69,3,4,6,2,62,49,353,6,IT,1
7.65,0,5,5,0,24,70,459,5,MECH,1
6.08,2,7,1,3,38,53,391,6,MECH,1
7.38,0,2,1,3,71,77,104,8,CSE,1
5.56,6,7,6,1,53,54,497,3,CSE,1
9.06,1,3,7,2,39,17,388,6,CIVIL,1
9.47,4,0,7,2,14,76,428,4,IT,1
9.34,0,10,8,0,48,22,136,3,ECE,1
9.41,0,8,8,3,13,28,140,5,IT,1
6.94,5,4,8,2,27,81,55,8,CSE,1
9.34,4,10,5,3,6,44,209,5,MECH,1
7.93,1,6,7,3,98,99,265,1,ECE,1
9.12,1,5,4,2,66,67,290,2,ECE,1
6.93,2,0,7,1,50,96,461,5,CIVIL,1
9.37,4,5,6,1,100,93,116,6,MECH,1
9.53,0,9,7,3,56,23,61,1,ECE,1
5.59,1,0,8,3,5,77,367,7,IT,1
8.27,5,9,3,2,48,61,148,8,ECE,1
5.61,4,7,8,2,79,39,419,3,CIVIL,1
5.96,5,3,1,0,81,79,41,3,CIVIL,1
7.79,3,3,2,1,51,68,262,5,IT,1
6.9,4,5,0,0,39,9,181,2,ECE,1
6.17,6,8,2,0,7,29,306,3,CSE,1
6.09,2,10,1,2,81,6,308,3,CIVIL,1
6.57,4,4,6,2,62,82,404,4,IT,1
8.12,1,4,8,1,90,32,259,8,IT,1
9.75,5,2,6,2,20,0,289,2,MECH,1
6.86,5,8,0,3,66,12,459,2,MECH,1
9.75,0,5,4,3,59,52,225,5,MECH,1
6.54,1,3,0,3,78,2,367,5,IT,1
8.37,0,1,6,2,94,93,156,7,IT,1
5.87,0,1,6,2,61,20,98,8,ECE,1
7.9,1,2,5,2,12,71,33,4,ECE,1
9.55,1,7,8,3,16,39,399,2,CSE,1
8.43,2,0,3,2,68,7,269,7,MECH,1
7.99,4,2,8,1,54,76,149,3,MECH,1
6.22,2,9,0,1,10,78,341,5,MECH,1
5.58,5,8,6,3,14,2,431,3,CSE,1
7.51,0,9,3,0,12,64,296,2,CIVIL,1
9.97,2,8,8,3,8,10,141,8,CIVIL,1
7.03,5,5,0,3,45,28,379,6,CSE,1
6.42,1,9,3,1,17,80,221,6,CIVIL,1
7.21,3,10,5,1,25,18,71,5,CIVIL,1
8.0,5,6,4,0,8,27,87,6,IT,1
6.39,2,9,7,2,25,8,98,6,IT,1
5.61,5,0,6,0,65,21,437,4,MECH,1
7.03,6,0,5,3,31,12,88,7,CIVIL,1
6.61,2,0,0,2,50,95,360,1,IT,1
7.32,5,7,7,2,73,49,18,6,ECE,1
7.68,5,10,6,3,65,68,500,2,ECE,1
7.96,1,6,0,1,38,74,41,6,MECH,1
9.41,0,3,3,0,48,70,365,5,ECE,1
6.48,2,7,6,1,26,6,299,6,MECH,1
7.29,4,4,7,3,94,67,134,7,CIVIL,1
6.21,4,3,0,1,20,5,205,2,IT,1
9.12,5,2,4,0,17,19,488,6,MECH,1
6.58,1,1,6,1,100,30,483,8,ECE,1
7.79,2,6,0,2,62,32,305,8,ECE,1
8.11,2,1,6,0,37,45,436,3,CSE,1
7.11,1,5,5,2,59,11,450,2,IT,1
9.03,6,10,4,0,22,40,239,8,CIVIL,1
6.82,1,4,8,0,99,74,91,1,CSE,1
8.81,6,4,1,3,71,70,374,3,IT,1
5.68,4,4,0,0,11,34,442,6,IT,1
7.84,1,2,5,0,16,88,457,8,CSE,1
9.17,4,10,2,0,2,83,207,5,CIVIL,1
5.57,2,10,7,3,92,25,108,2,ECE,1
7.17,4,0,5,0,78,25,464,1,IT,1
8.45,1,3,7,1,65,67,386,3,IT,1
5.79,0,9,8,0,38,57,447,6,MECH,1
9.14,0,7,1,1,55,44,207,6,IT,1
8.72,2,4,1,1,26,19,179,6,MECH,1
8.43,5,9,3,1,98,3,118,7,CIVIL,1
8.11,4,0,2,0,21,51,247,5,IT,1
6.32,4,2,6,1,61,74,449,8,CIVIL,1
9.4,2,8,4,3,35,13,141,1,IT,1
7.28,4,8,5,2,58,63,187,2,MECH,1
5.68,6,3,3,3,16,13,215,5,MECH,1
9.6,0,0,5,2,29,18,462,8,CIVIL,1
8.35,3,10,0,0,31,59,443,4,MECH,1
8.01,1,8,1,0,65,17,20,5,MECH,1
7.97,6,9,1,3,91,21,116,7,MECH,1
9.83,3,8,6,0,81,87,282,3,IT,1
6.07,1,4,0,0,43,19,481,8,CIVIL,1
9.34,1,8,1,1,38,3,50,6,IT,1
6.29,4,3,1,3,49,73,30,6,MECH,1
9.77,3,7,3,3,51,91,168,8,IT,1
7.32,2,9,0,3,50,95,153,5,MECH,1
6.99,6,1,3,3,17,49,293,6,CIVIL,1
5.51,1,3,1,2,46,78,483,6,CIVIL,1
7.11,2,10,6,0,99,62,430,7,ECE,1
6.56,2,8,1,3,49,74,111,2,CSE,1
9.86,5,5,8,2,53,80,463,2,MECH,1
8.17,2,1,6,3,35,8,493,3,IT,1
5.6,0,10,7,2,18,50,370,6,CIVIL,1
5.82,6,10,7,0,89,17,135,5,MECH,1
7.69,5,9,7,2,32,28,51,5,MECH,1
8.45,4,7,8,3,39,59,198,1,ECE,1
8.73,6,8,3,3,97,65,228,8,MECH,1
7.42,4,5,3,3,21,84,332,8,MECH,1
8.76,1,3,5,1,1,93,132,4,IT,1
7.28,4,3,3,3,65,7,222,7,IT,1
8.35,3,5,4,3,46,49,475,3,ECE,1
9.36,0,10,4,1,89,97,234,2,ECE,1
7.77,0,2,2,3,80,1,198,7,IT,1
9.74,6,2,8,3,35,18,313,4,CIVIL,1
8.05,4,6,0,0,80,51,220,2,CSE,1
6.04,3,4,3,3,82,31,94,1,CSE,1
7.3,0,4,3,0,34,92,423,7,IT,1
6.52,5,10,5,2,3,39,481,8,CSE,1
6.07,6,3,3,2,56,19,395,4,CIVIL,1
6.19,1,8,4,0,65,35,418,8,ECE,1
5.72,6,8,6,1,75,64,193,5,IT,1
8.35,3,3,6,0,86,47,119,4,ECE,1
9.01,4,4,3,2,47,23,343,3,CSE,1
8.38,3,5,8,0,93,68,347,6,IT,1
9.1,1,8,5,2,51,87,320,3,IT,1
8.98,1,5,6,3,99,90,414,3,MECH,1
8.38,6,3,0,0,6,65,324,2,IT,1
8.03,4,3,4,0,85,28,45,5,CSE,1
7.4,6,10,5,1,97,24,430,2,IT,1
7.63,2,6,4,1,94,23,191,6,IT,1
9.53,1,8,2,1,45,10,452,2,CIVIL,1
8.61,2,1,0,2,74,85,142,2,IT,1
8.81,1,3,5,1,85,74,149,6,CIVIL,1
6.45,1,5,0,1,9,60,93,6,CSE,1
7.57,1,4,4,3,0,16,26,8,CIVIL,1
5.98,1,6,8,0,74,19,468,2,ECE,1
9.87,1,9,3,0,57,42,314,2,CIVIL,1
9.93,2,7,5,2,82,73,391,7,MECH,1
8.39,2,5,4,0,22,91,30,4,ECE,1
6.76,2,3,6,1,19,85,90,4,CIVIL,1
5.53,3,6,8,2,41,89,19,3,CSE,1
8.73,6,4,5,2,12,34,141,1,MECH,1
7.65,1,6,7,0,11,25,130,4,ECE,1
8.92,2,2,0,1,48,17,71,3,MECH,1
6.52,0,3,3,2,34,98,374,1,ECE,1
8.31,2,5,5,0,48,19,128,5,IT,1
5.56,0,6,2,3,38,80,211,7,ECE,1
6.41,5,4,8,0,4,23,183,6,CIVIL,1
7.16,4,9,0,1,64,93,51,7,CSE,1
7.55,6,3,3,1,65,49,66,2,CSE,1
9.72,1,0,2,1,50,37,143,2,ECE,1
6.27,1,0,0,3,43,6,231,3,MECH,1
9.07,0,2,1,1,31,23,156,6,ECE,1
7.26,6,8,4,3,41,63,320,1,CIVIL,1
7.64,0,6,2,0,50,91,464,8,IT,1
9.72,6,9,3,0,98,48,386,7,CIVIL,1
6.8,4,3,3,0,5,96,65,6,ECE,1
8.95,2,4,8,3,2,34,291,7,MECH,1
8.67,2,5,8,3,14,15,427,7,CIVIL,1
7.66,4,6,6,2,65,88,242,3,MECH,1
7.36,1,6,6,1,50,82,225,6,CIVIL,1
9.73,2,8,1,2,46,2,377,7,IT,1
9.61,6,7,6,0,89,71,437,5,CSE,1
5.56,3,0,6,3,75,27,274,7,IT,1
7.02,1,0,7,0,15,86,256,4,MECH,1
6.35,4,9,2,3,62,77,345,5,MECH,1
7.73,1,10,8,0,25,92,403,8,IT,1
5.61,4,3,4,1,1,98,121,2,IT,1
7.26,6,10,5,2,31,50,317,6,MECH,1
6.35,6,7,5,3,88,99,44,4,IT,1
6.7,5,8,4,2,13,47,115,1,CSE,1
7.6,2,0,4,3,36,70,378,3,IT,1
7.5,4,8,8,3,20,15,308,1,CIVIL,1
7.73,3,10,6,1,67,60,61,5,IT,1
9.92,5,4,6,1,20,52,73,2,CSE,1
8.01,6,0,4,2,65,63,354,1,IT,1
6.37,0,5,7,2,86,74,385,3,IT,0
6.82,5,6,7,3,88,84,432,7,CSE,1
8.18,6,6,3,2,87,47,298,6,CIVIL,1
8.39,6,2,5,3,33,59,404,4,IT,1
6.42,5,1,3,1,20,28,283,4,CIVIL,1
7.22,2,6,1,3,85,76,274,3,IT,1
9.31,1,8,2,0,84,29,84,1,CSE,1
5.7,2,1,0,1,99,70,59,8,IT,1
7.7,3,0,8,1,56,78,1,1,ECE,1
7.78,2,10,1,1,34,11,410,5,MECH,1
9.2,0,10,4,1,74,88,491,2,IT,1
9.2,1,7,4,0,11,86,390,2,IT,1
9.21,6,5,4,2,79,82,39,5,MECH,1
6.2,2,0,3,2,96,13,359,3,CSE,1
9.63,6,3,5,0,62,49,483,2,ECE,1
6.48,4,3,5,3,12,13,236,2,CSE,1
7.77,0,6,3,1,52,25,212,3,MECH,1
9.87,1,0,1,2,25,76,8,6,CIVIL,1
6.62,1,10,5,0,60,48,203,6,CIVIL,1
5.71,5,6,1,0,58,88,438,5,ECE,1
6.02,0,9,6,0,75,31,358,7,CIVIL,1
5.75,3,8,8,2,63,40,55,8,MECH,1
7.2,6,7,7,1,92,68,170,3,MECH,1
7.71,2,1,8,0,17,13,97,4,ECE,1
7.82,5,5,0,1,98,4,242,8,CIVIL,1
6.29,6,9,3,3,17,93,214,2,CIVIL,1
9.47,6,4,3,2,37,100,30,2,CIVIL,1
7.61,5,6,1,1,58,27,248,4,MECH,1
9.23,5,2,6,2,77,30,24,6,ECE,1
8.3,2,3,5,0,36,46,126,3,CIVIL,1
9.05,3,0,7,1,79,21,340,5,CSE,1
9.86,1,8,5,3,32,1,320,3,CSE,1
9.96,2,4,5,2,72,100,273,4,ECE,1
6.81,5,4,6,1,59,16,398,6,CSE,1
9.44,0,7,3,3,52,66,255,8,CSE,1
6.65,0,6,8,0,79,49,483,4,CIVIL,1
9.53,3,0,5,2,32,38,446,1,ECE,1
5.75,1,3,0,3,99,35,157,1,CIVIL,1
6.6,6,10,3,0,25,62,133,5,ECE,1
8.24,5,3,6,0,75,32,139,5,CSE,1
8.73,3,5,6,2,51,76,259,4,CSE,1
6.99,5,1,4,3,27,37,262,7,ECE,1
7.39,4,2,7,0,98,90,403,3,ECE,1
8.47,0,0,4,0,83,23,72,5,CIVIL,0
8.65,3,1,4,1,35,100,84,1,CIVIL,1
9.83,3,6,4,3,88,40,454,3,CIVIL,1
9.61,1,3,2,0,7,8,455,4,CSE,1
8.07,5,1,1,0,38,61,6,6,CSE,1
5.68,0,1,5,2,86,31,420,7,IT,1
7.79,1,6,1,1,76,66,86,2,ECE,0
5.93,4,4,1,2,4,75,402,5,ECE,1
8.63,1,5,6,2,70,37,467,4,IT,1
8.48,5,9,7,0,93,1,63,3,ECE,1
9.13,1,2,8,1,83,25,86,2,ECE,1
6.77,2,10,4,0,87,89,454,6,IT,1
8.76,4,9,6,2,17,17,414,6,ECE,1
7.0,4,9,0,3,55,28,111,7,ECE,1
9.97,5,9,8,1,69,92,323,5,MECH,1
6.52,2,4,2,2,87,4,4,2,CSE,1
8.56,0,4,4,2,42,25,390,7,CSE,1
7.0,5,8,0,3,10,33,89,3,CIVIL,1
6.34,2,0,1,3,51,16,450,3,MECH,1
7.7,6,1,1,0,23,74,362,1,CSE,1
5.77,1,7,3,0,34,66,334,8,ECE,1
5.63,0,2,8,2,53,28,355,8,IT,1
5.57,1,8,5,3,82,58,248,4,ECE,1
5.85,2,2,5,3,72,95,223,3,CIVIL,1
6.06,6,6,6,1,13,37,128,8,MECH,1
9.41,4,1,5,2,76,95,492,7,ECE,1
8.98,6,2,6,3,24,67,303,4,ECE,1
8.82,5,2,3,2,27,13,491,3,CIVIL,1
8.38,6,1,6,3,82,58,156,7,ECE,1
8.79,0,2,4,2,91,84,222,2,IT,1
9.47,6,10,2,2,80,19,30,7,CIVIL,1
6.81,4,6,6,1,18,40,390,4,CIVIL,1
7.72,0,8,8,2,77,44,424,4,ECE,1
5.73,5,10,5,2,35,24,40,6,IT,1
5.86,2,3,3,0,5,31,314,8,CSE,1
6.75,5,4,3,0,45,16,182,3,CSE,1
9.46,6,10,8,2,58,95,327,1,IT,1
7.1,3,1,5,3,81,25,403,4,CIVIL,1
8.31,3,6,0,3,70,50,64,6,IT,1
5.58,6,10,6,3,64,7,379,6,IT,1
8.3,4,5,5,2,43,70,196,6,CIVIL,1
9.0,4,9,2,2,32,33,434,1,ECE,1
8.42,1,8,4,1,28,21,427,4,IT,1
7.42,4,10,0,0,82,15,432,4,MECH,1
9.24,5,1,1,3,14,55,201,4,MECH,1
5.86,3,10,3,1,37,69,413,6,IT,1
6.48,1,6,6,3,11,41,290,5,CSE,1
6.57,0,8,4,2,44,94,145,5,MECH,1
8.55,3,0,4,1,64,49,261,8,ECE,1
9.56,4,5,2,3,56,25,187,2,ECE,1
7.93,0,5,8,1,31,85,222,4,CIVIL,1
9.54,3,7,8,1,22,64,317,2,ECE,1
8.36,5,5,7,2,77,27,151,3,IT,1
7.44,0,1,6,1,39,25,434,7,ECE,1
5.88,2,5,3,2,93,43,113,2,IT,1
5.89,5,10,0,2,43,94,385,7,CSE,1
7.82,6,6,4,2,7,99,23,2,CSE,1
5.95,3,4,8,1,77,49,239,3,ECE,1
9.94,6,4,6,2,14,13,130,2,CIVIL,1
8.46,6,1,1,0,41,58,139,7,CIVIL,1
7.03,2,6,8,1,47,65,420,1,CSE,1
8.69,0,6,1,1,9,71,81,8,ECE,1
6.03,3,1,5,0,19,45,140,4,CIVIL,1
7.83,0,1,3,1,36,92,9,7,CSE,1
6.44,6,5,0,1,18,58,491,6,CIVIL,1
5.88,1,7,6,3,0,33,365,6,ECE,1
6.67,0,7,5,0,63,62,178,3,MECH,1
6.89,2,2,6,2,97,99,194,6,CSE,1
8.99,5,10,0,0,24,20,444,3,MECH,1
8.84,2,8,8,0,89,85,191,8,IT,1
9.21,6,4,4,1,63,85,107,3,IT,1
7.02,6,2,2,0,77,49,82,7,CSE,1
7.93,2,8,1,0,11,2,226,4,CIVIL,1
8.13,5,3,6,2,82,53,16,8,CIVIL,1
6.72,4,6,0,3,44,91,290,7,CSE,1
9.03,0,2,0,1,25,90,298,8,CIVIL,0
8.37,4,5,2,0,11,44,279,3,ECE,1
8.51,3,8,2,1,22,5,313,8,MECH,1
5.98,0,8,3,1,1,9,13,6,ECE,1
7.62,5,0,5,2,7,24,214,8,ECE,1
8.85,5,9,7,2,59,77,390,2,CSE,1
7.34,1,10,1,3,46,20,264,3,IT,1
8.0,4,9,6,2,59,47,198,4,CIVIL,1
9.47,3,5,6,2,66,43,339,8,IT,1
5.81,4,10,6,1,92,78,350,5,ECE,1
8.15,3,5,0,3,50,54,482,2,CSE,1
8.17,2,2,6,0,38,7,85,7,ECE,1
9.42,3,0,5,3,55,88,429,8,CSE,1
5.64,3,6,0,2,27,57,114,7,MECH,1
6.41,4,1,3,0,53,96,29,6,IT,1
8.55,3,0,7,2,4,67,4,5,CSE,1
5.52,6,3,6,1,69,43,5,4,CIVIL,1
6.38,3,0,6,2,83,11,381,5,MECH,1
7.16,6,10,7,1,27,37,128,3,MECH,1
5.9,6,4,2,1,52,32,452,8,ECE,1
9.6,3,10,2,2,87,25,258,7,IT,1
7.95,2,4,3,0,30,74,108,6,ECE,1
8.49,6,1,5,0,49,51,53,3,ECE,1
8.52,4,6,4,2,74,42,365,7,CIVIL,1
7.09,1,0,5,1,56,17,195,2,CIVIL,1
8.1,4,0,7,2,98,16,316,1,IT,1
6.77,3,6,6,2,13,20,115,4,CSE,1
9.3,4,10,0,1,20,41,346,1,CSE,1
7.71,0,9,4,3,6,40,143,3,CSE,1
6.11,2,4,5,3,5,63,323,7,ECE,1
8.19,4,9,3,0,35,23,495,6,MECH,1
5.81,3,9,7,0,75,74,4,8,CSE,1
9.95,2,1,6,3,15,47,493,1,ECE,1
7.72,2,5,7,3,12,62,82,8,IT,1
7.86,1,1,8,3,20,3,185,3,CSE,1
7.01,0,1,4,3,76,23,299,1,CIVIL,1
8.89,2,1,8,1,84,43,121,6,IT,1
6.81,2,10,2,0,66,40,363,6,ECE,1
8.18,3,2,3,0,1,1,364,6,IT,0
8.27,0,0,3,0,23,72,500,6,CSE,1
8.33,4,0,3,2,89,51,10,5,IT,1
6.17,6,3,3,3,72,36,31,7,IT,1
8.64,3,6,7,1,12,8,369,8,ECE,1
9.97,1,3,8,3,31,2,134,3,IT,1
9.18,5,4,7,3,40,1,497,3,IT,1
7.79,1,6,6,2,8,69,266,2,IT,1
8.83,0,3,6,2,85,17,114,4,CSE,1
8.4,6,1,6,1,54,20,486,1,MECH,1
8.41,4,6,0,1,75,21,15,1,IT,1
9.0,2,2,1,1,70,7,408,1,CIVIL,1
7.93,0,8,3,1,66,68,166,7,CSE,1
8.3,5,3,3,1,12,35,268,1,IT,1
8.37,4,9,1,0,26,34,34,4,ECE,1
6.42,3,7,0,1,46,82,376,3,IT,1
9.34,0,6,1,1,73,21,421,3,CSE,1
8.75,3,8,6,2,10,33,8,6,ECE,1
8.67,1,5,1,2,95,5,26,2,CSE,1
7.73,5,2,0,0,33,39,414,8,IT,1
6.76,4,5,5,3,62,5,476,2,CSE,1
5.71,4,10,0,0,38,88,281,3,CIVIL,1
9.35,2,2,4,1,19,16,444,8,IT,1
8.15,1,7,8,3,85,75,33,3,IT,1
7.85,5,4,2,2,15,81,406,3,MECH,1
9.54,0,7,4,2,61,99,1,1,ECE,1
5.54,1,2,5,3,57,56,115,8,MECH,1
8.99,5,5,3,3,72,44,497,4,MECH,1
8.83,2,2,3,3,79,75,478,5,MECH,1
8.77,2,8,7,3,86,81,353,6,CSE,1
5.76,5,9,7,0,59,28,237,6,CSE,1
6.95,3,10,3,0,24,96,232,8,MECH,1
9.88,1,6,6,2,78,25,306,7,CSE,1
6.45,6,3,0,0,5,98,312,5,ECE,1
8.04,6,0,4,0,92,70,51,2,CIVIL,1
9.41,6,1,0,2,79,12,405,1,IT,1
7.77,4,3,7,2,42,88,321,2,CSE,1
7.68,1,4,7,3,86,21,150,6,CIVIL,1
7.26,2,10,5,3,10,80,377,7,IT,1
5.62,3,3,2,0,31,65,175,8,ECE,1
9.04,1,5,7,1,65,1,435,2,CIVIL,1
8.73,6,1,7,1,74,75,138,2,CSE,1
5.89,6,7,1,3,80,65,140,6,ECE,1
7.02,6,9,8,1,60,55,498,6,ECE,1
7.83,6,1,5,1,56,87,451,6,IT,1
7.93,3,1,4,0,21,100,463,2,MECH,1
5.77,1,1,8,2,39,96,4,8,MECH,1
7.25,3,6,6,2,53,79,45,1,ECE,1
7.98,0,7,4,0,48,22,103,8,MECH,1
8.86,4,6,2,3,88,0,75,5,MECH,1
8.06,1,6,4,3,48,8,92,4,MECH,1
8.05,3,5,4,3,16,14,2,2,CIVIL,1
9.46,4,4,0,3,90,51,82,2,MECH,1
7.13,6,0,8,3,19,55,137,4,CSE,1
9.14,6,1,1,2,24,84,39,6,ECE,1
9.73,0,9,7,2,77,59,195,8,CIVIL,1
6.27,3,9,6,3,97,39,493,7,IT,1
8.92,5,6,7,1,3,84,164,2,CIVIL,1
6.53,3,10,7,0,95,18,336,4,IT,1
7.87,5,5,0,3,95,94,205,7,IT,1
9.78,4,10,3,2,80,6,382,8,MECH,1
6.27,5,7,0,0,64,68,48,5,CSE,1
9.37,6,2,8,2,38,40,17,2,MECH,1
6.25,2,4,8,1,40,17,102,4,MECH,1
6.32,0,6,0,1,81,51,83,1,ECE,1
6.43,5,8,1,2,4,39,468,2,CSE,1
8.95,3,2,5,3,4,99,37,1,CIVIL,1
9.77,5,7,1,1,59,98,393,5,ECE,1
6.4,6,10,7,1,28,48,91,1,CIVIL,1
7.6,3,4,5,2,46,45,366,5,CIVIL,1
6.95,5,4,8,2,24,96,474,7,ECE,1
5.55,4,10,0,3,17,41,311,6,CSE,1
6.15,3,1,6,1,71,17,202,5,CSE,1
6.7,6,3,4,0,82,95,201,5,IT,1
9.42,2,8,3,1,8,81,315,6,MECH,1
9.43,3,5,3,2,85,33,328,4,ECE,1
9.19,4,8,0,0,82,90,306,2,IT,1
6.66,6,8,3,1,99,28,206,1,MECH,1
6.12,1,0,8,0,39,53,381,6,IT,1
8.66,4,6,8,2,54,78,202,1,MECH,1
8.98,4,6,8,0,19,31,327,3,CIVIL,1
7.59,0,5,7,1,46,21,114,1,CIVIL,1
8.86,1,6,6,0,91,72,55,7,CSE,1
6.89,1,3,7,0,0,25,177,1,MECH,1
9.16,3,7,7,3,45,100,482,8,MECH,1
9.36,4,5,7,2,1,95,8,7,CSE,1
9.38,4,10,1,1,26,62,311,4,MECH,1
9.38,1,7,6,0,23,45,369,8,ECE,1
8.3,0,1,6,0,41,49,330,6,IT,1
9.15,3,0,5,3,35,21,76,3,MECH,1
7.69,4,10,5,3,80,87,352,4,IT,1
6.76,3,6,0,0,39,70,155,6,CIVIL,1
6.35,0,5,5,2,50,20,173,8,CSE,1
7.56,0,9,4,1,4,68,476,3,CSE,1
8.87,3,2,3,3,83,42,121,1,CIVIL,1
7.53,1,7,6,3,13,6,352,2,ECE,1
9.26,4,4,0,2,17,22,86,2,ECE,1
6.56,2,7,0,0,27,68,59,7,IT,0
8.95,2,6,7,0,23,5,243,1,MECH,1
7.52,6,2,4,1,55,30,11,1,ECE,1
6.11,5,4,5,3,3,92,67,3,MECH,1
7.9,1,3,0,2,11,13,219,5,CSE,1
9.24,1,5,7,0,77,38,411,6,ECE,1
6.38,6,0,0,1,87,61,394,5,CSE,1
8.12,0,5,1,0,98,8,100,2,ECE,1
9.55,6,4,5,1,62,28,47,2,ECE,1
9.85,5,9,1,3,85,76,393,6,IT,1
6.59,1,8,4,2,13,79,351,1,ECE,1
7.54,3,0,5,3,38,28,167,6,IT,1
6.37,1,9,7,1,96,47,206,4,MECH,1
6.72,4,5,8,0,62,6,444,6,CIVIL,1
6.34,6,2,2,3,97,4,320,4,CIVIL,1
6.4,6,2,7,1,68,89,169,5,ECE,1
6.66,3,0,7,1,80,65,46,7,CIVIL,1
6.59,2,8,7,1,44,65,417,3,IT,1
9.59,3,2,5,1,7,7,266,8,MECH,1
9.78,6,3,5,3,49,79,310,3,CSE,1
8.54,0,8,5,3,77,12,220,6,CSE,1
8.28,0,1,1,2,84,69,271,1,ECE,1
8.22,3,0,3,0,44,16,480,3,CIVIL,1
7.77,1,0,6,0,0,80,172,1,MECH,1
5.61,5,5,1,3,50,100,92,3,CSE,1
8.13,6,4,4,1,61,13,153,1,CSE,1
9.32,3,7,4,1,93,1,272,8,CIVIL,1
9.1,3,4,6,2,45,89,253,1,ECE,1
8.81,6,3,3,2,34,25,106,7,MECH,1
7.57,3,3,2,2,41,65,116,8,ECE,1
7.44,3,9,2,2,64,40,264,7,IT,1
7.55,1,10,4,1,20,79,169,2,IT,1
6.7,4,7,1,0,48,32,196,4,CSE,1
8.62,1,8,4,3,2,60,93,3,IT,1
7.6,2,8,1,3,45,88,397,4,ECE,1
5.86,1,5,5,2,0,78,5,3,MECH,1
5.52,5,9,1,0,24,25,388,5,IT,1
9.99,3,9,8,3,58,85,275,5,CIVIL,1
7.46,4,3,7,0,75,32,263,2,MECH,1
5.53,6,6,0,3,51,88,105,3,CIVIL,1
6.65,5,7,5,1,74,54,381,7,IT,1
6.21,4,3,6,2,35,88,473,7,CIVIL,1
6.69,6,9,3,1,38,37,276,4,ECE,1
6.92,2,8,5,0,72,50,139,7,IT,1
6.09,4,2,4,1,80,89,496,1,MECH,1
9.54,6,5,1,2,26,13,157,6,CIVIL,1
8.24,4,10,3,3,64,34,375,6,MECH,1
7.89,1,2,8,2,47,78,293,1,ECE,1
9.49,2,0,0,3,51,68,178,4,ECE,1
7.55,0,7,8,2,12,30,123,4,MECH,1
6.48,6,5,7,2,60,83,411,7,ECE,1
7.81,2,2,1,0,0,91,353,6,MECH,1
7.3,0,8,6,0,79,42,291,4,MECH,1
9.46,3,7,2,1,59,17,68,8,IT,1
7.16,2,1,2,1,52,98,257,1,CIVIL,1
8.41,1,9,1,1,78,93,329,8,ECE,1
9.37,3,2,1,3,92,12,15,5,CSE,1
9.44,1,2,4,3,73,40,347,5,CSE,1
7.76,4,10,7,0,24,0,349,6,ECE,1
8.11,4,4,7,0,37,4,107,6,MECH,1
7.72,3,7,3,2,70,58,152,7,ECE,1
8.06,6,7,6,3,37,9,291,5,CSE,1
9.36,1,10,1,3,92,91,154,1,IT,1
6.53,0,8,1,0,85,90,33,1,CIVIL,1
5.95,6,10,6,1,6,29,151,1,ECE,1
7.52,5,3,1,2,2,20,432,8,CIVIL,1
9.45,4,8,1,2,74,93,344,5,MECH,1
6.39,2,1,2,1,32,83,315,4,CSE,1
8.45,2,4,2,0,25,1,426,7,IT,1
8.25,5,5,0,2,97,93,401,6,IT,1
9.38,4,10,6,2,63,31,489,2,IT,1
6.72,5,10,8,3,11,56,112,2,CSE,1
7.83,1,9,1,3,7,16,426,4,CSE,1
7.8,6,8,0,2,84,25,225,6,IT,1
9.73,4,2,4,0,25,19,372,3,IT,1
6.24,5,6,1,0,76,35,49,1,MECH,1
7.7,4,4,6,0,69,84,303,1,MECH,1
5.94,0,0,2,1,3,54,337,1,IT,1
6.2,5,7,3,3,29,53,115,2,CIVIL,1
9.14,3,10,7,1,48,100,321,6,CSE,1
8.98,4,6,7,1,90,15,39,4,IT,1
6.9,4,2,3,2,36,26,214,2,MECH,1
9.76,2,9,0,3,82,59,449,3,CSE,1
9.27,6,5,2,1,11,10,358,3,MECH,1
6.33,6,6,0,0,54,41,64,5,MECH,1
6.37,5,6,2,2,19,75,207,6,CSE,1
6.69,4,8,4,3,59,27,376,2,MECH,1
9.43,1,6,2,3,11,31,111,8,ECE,1
5.69,6,0,4,3,50,54,369,5,ECE,1
9.47,4,6,2,1,34,22,6,7,CSE,1
9.79,5,3,0,3,26,55,288,8,CIVIL,1
9.18,4,5,0,0,37,89,430,5,CIVIL,1
7.96,2,7,3,3,5,19,334,3,CSE,1
7.26,0,10,3,1,25,72,117,5,MECH,1
7.76,3,0,7,3,58,35,424,3,CIVIL,1
6.76,4,4,2,0,69,87,367,6,CIVIL,1
5.95,3,3,6,0,89,67,428,4,CSE,1
5.98,1,3,3,2,75,35,402,3,IT,1
7.95,0,3,6,0,60,37,459,5,IT,1
6.59,5,3,4,2,11,77,55,2,CIVIL,1
8.26,2,9,6,3,61,98,198,4,IT,1
8.75,3,3,3,0,9,2,296,4,CSE,1
7.93,2,8,3,1,12,3,100,3,IT,1
8.71,3,0,8,3,73,80,144,6,MECH,1
8.88,4,8,5,2,96,30,118,4,ECE,1
8.72,2,8,1,0,6,54,90,3,CSE,1
6.47,6,7,2,3,57,34,300,7,CIVIL,1
6.06,0,1,4,3,22,48,352,2,CIVIL,1
7.9,6,3,5,0,92,19,45,6,IT,1
7.33,2,4,1,3,6,28,20,6,ECE,1
9.36,0,7,2,2,2,39,84,7,CSE,1
9.28,2,8,1,2,51,18,395,6,ECE,1
6.86,4,9,1,1,15,36,370,1,MECH,1
6.29,5,1,6,2,96,60,101,7,MECH,1
7.42,4,0,8,0,41,40,484,8,ECE,1
6.75,4,2,0,0,40,39,440,5,CSE,1
7.27,6,10,7,1,75,0,75,3,MECH,1
8.01,3,1,2,1,30,20,73,5,CIVIL,1
8.16,2,2,6,3,57,53,57,8,CSE,1
6.49,3,2,1,1,51,80,263,4,MECH,1
6.39,4,8,7,3,91,17,272,6,IT,1
7.59,1,10,7,1,40,2,119,3,CIVIL,1
9.59,0,7,1,2,77,87,255,3,ECE,1
6.71,2,4,1,0,60,4,319,6,CSE,1
8.47,3,4,6,2,24,69,220,4,ECE,1
9.0,4,0,1,2,0,5,110,7,CSE,1
6.21,5,4,2,2,62,1,98,4,CSE,1
8.62,4,9,8,1,18,86,218,2,CIVIL,1
7.7,2,8,0,3,0,59,97,2,CIVIL,1
5.51,2,6,4,0,95,79,64,7,CSE,1
9.96,1,8,6,1,53,98,370,6,IT,1
9.62,0,7,2,0,14,44,85,1,ECE,1
9.5,4,6,8,0,55,32,420,8,IT,1
7.69,2,9,0,2,85,46,223,2,IT,1
8.79,4,4,0,2,72,60,386,3,MECH,1
8.63,2,9,4,3,39,12,123,7,CSE,1
5.53,0,6,4,1,88,62,409,8,MECH,1
6.32,6,0,2,0,43,75,194,5,CSE,1
8.93,2,6,8,2,44,82,284,1,ECE,1
8.06,4,3,6,2,67,17,394,8,CSE,1
8.29,5,6,1,0,22,55,130,1,CSE,1
9.09,4,3,7,2,60,2,35,8,CSE,1
6.13,5,6,1,0,24,79,68,7,CIVIL,1
8.4,5,9,0,3,28,44,44,3,MECH,1
8.96,3,9,8,1,69,98,118,4,CIVIL,1
9.94,5,7,5,2,73,81,413,1,CSE,1
6.37,0,7,5,0,59,43,407,5,ECE,1
6.66,4,7,0,0,75,23,173,3,MECH,1
7.28,0,0,3,0,66,3,17,3,CSE,1
9.4,3,3,5,2,26,74,171,8,CIVIL,1
8.95,6,9,8,1,5,99,436,6,MECH,1
9.71,4,7,3,0,77,93,476,2,CIVIL,1
9.27,2,0,0,2,62,70,119,1,ECE,1
6.59,2,6,0,2,12,22,68,6,CSE,1
8.23,0,0,8,2,28,16,228,6,CSE,1
7.02,1,7,3,3,97,62,431,2,MECH,1
9.15,0,0,4,2,91,88,241,3,MECH,1
7.97,3,1,0,1,90,74,429,2,CSE,1
5.58,2,6,3,2,31,40,66,2,CSE,1
9.95,0,7,6,0,53,68,500,6,ECE,1
7.0,6,0,0,0,72,22,489,8,MECH,1
6.61,3,7,8,3,7,98,277,4,CIVIL,1
8.81,5,0,3,0,4,85,181,1,ECE,1
6.82,2,1,5,2,2,45,25,7,CIVIL,1
7.54,4,10,2,1,71,85,117,2,IT,1
6.92,2,6,1,2,26,87,96,8,CIVIL,1
7.07,5,3,1,3,28,97,109,8,ECE,1
7.25,2,8,4,2,16,88,317,8,ECE,1
6.64,0,1,7,2,90,3,399,7,CIVIL,1
7.33,5,4,3,3,35,70,436,7,IT,1
7.08,3,7,7,1,100,92,35,4,MECH,1
9.88,3,2,5,0,76,38,420,1,MECH,1
9.63,3,4,7,0,66,47,150,5,IT,1
5.66,1,4,1,1,8,81,216,2,MECH,1
8.32,5,9,2,3,66,41,273,3,CIVIL,1
7.84,2,10,4,1,87,76,282,8,IT,1
5.62,5,1,7,2,19,26,351,2,IT,1
7.39,0,10,0,3,24,6,314,1,IT,1
7.61,0,2,7,0,79,56,148,7,IT,1
8.38,5,9,2,0,82,24,458,5,IT,1
7.54,0,10,7,2,40,33,51,2,CIVIL,1
9.38,3,8,4,1,77,78,464,5,MECH,1
9.77,1,2,4,3,19,39,17,5,CSE,1
6.13,2,4,1,1,63,42,252,7,MECH,1
6.26,3,7,1,2,28,52,11,5,CSE,1
8.38,1,0,0,0,56,10,28,3,MECH,1
5.68,3,7,6,2,15,62,170,7,CIVIL,1
6.11,5,4,4,0,32,44,184,5,ECE,1
9.63,0,9,8,1,50,64,56,2,IT,1
6.32,3,8,7,1,91,42,64,8,CSE,1
6.02,1,6,4,3,100,96,133,5,ECE,1
7.64,1,2,1,0,91,43,202,5,ECE,0
8.89,1,0,1,3,3,30,130,2,IT,1
7.33,3,3,6,3,65,2,125,2,CSE,1
9.66,5,1,3,1,73,20,177,3,IT,1
8.31,5,2,8,0,39,25,184,1,ECE,1
6.23,6,8,3,1,58,61,154,4,CSE,1
5.8,4,1,0,3,73,68,73,1,CSE,1
5.8,5,1,1,2,85,100,19,8,CIVIL,1
6.77,6,3,5,2,78,39,196,4,CSE,1
9.81,5,6,1,3,59,25,330,6,MECH,1
6.74,4,3,1,2,10,13,280,4,MECH,1
7.59,4,3,6,0,88,54,317,3,IT,1
9.99,5,0,4,0,89,65,212,5,ECE,1
6.42,0,7,8,3,76,21,346,5,ECE,1
6.7,6,10,0,2,50,17,125,2,CIVIL,1
7.4,2,9,3,3,99,2,491,6,IT,1
7.24,6,9,7,1,93,87,234,1,IT,1
6.35,5,8,4,0,68,89,48,5,ECE,1
7.67,3,6,3,2,93,56,29,1,CIVIL,1
6.7,5,2,5,1,91,68,131,5,CSE,1
6.36,0,6,8,1,42,70,200,6,ECE,1
7.48,3,6,7,0,71,28,31,6,IT,1
8.96,5,7,7,2,32,27,107,7,CIVIL,1
9.72,3,8,7,0,10,14,469,6,CSE,1
6.14,0,8,6,0,86,60,203,5,CSE,1
6.76,3,5,7,0,11,69,228,2,CSE,1
6.7,3,2,8,0,0,17,278,4,CSE,1
5.74,5,3,3,3,70,45,284,1,CIVIL,1
8.53,6,6,4,2,9,85,140,1,IT,1
6.6,1,9,7,3,83,62,337,1,CSE,1
7.82,3,0,6,0,64,2,27,3,MECH,1
6.86,1,8,7,2,59,91,402,2,IT,1
8.79,2,10,7,3,26,25,390,3,MECH,1
7.74,6,2,1,0,41,66,167,1,MECH,1
9.33,2,3,4,0,32,88,296,6,CSE,1
9.05,2,10,3,0,92,13,262,4,CSE,0
9.51,4,2,6,2,17,26,463,4,CSE,1
8.35,4,8,3,1,51,83,427,5,MECH,1
9.2,3,10,0,3,65,44,313,1,MECH,1
7.78,6,0,0,3,29,26,255,3,MECH,1
7.85,2,1,6,1,47,19,429,4,ECE,1
5.75,3,7,4,1,20,90,15,8,CSE,1
7.68,1,9,4,2,78,13,418,6,ECE,1
9.61,4,6,0,3,44,81,457,5,CSE,1
8.97,5,3,6,1,26,57,15,5,CSE,1
8.0,3,2,0,0,27,24,106,8,MECH,1
9.31,0,4,7,0,5,79,392,6,CSE,1
9.19,4,4,0,3,78,22,219,5,IT,1
6.3,0,1,6,1,88,89,379,5,ECE,1
8.74,2,2,6,3,54,81,58,7,CSE,1
9.96,4,1,7,1,26,9,200,8,IT,1
9.01,6,7,2,3,97,3,429,3,CIVIL,1
6.11,5,0,5,1,39,79,343,4,IT,1
6.76,1,5,1,0,5,49,165,6,CIVIL,1
7.39,3,6,7,2,7,97,64,2,ECE,1
6.72,3,10,0,3,9,9,290,6,CIVIL,1
6.94,5,6,8,3,28,84,262,3,MECH,1
9.31,0,8,4,0,37,45,80,5,IT,1
7.94,0,4,1,3,11,99,197,4,ECE,1
7.81,6,7,0,2,21,10,252,3,ECE,1
9.3,1,7,8,1,58,36,244,6,MECH,1
5.91,2,6,7,1,11,42,349,1,ECE,1
7.19,3,10,6,3,42,94,84,1,MECH,1
7.65,6,9,0,0,43,71,391,8,CSE,1
5.58,1,6,7,2,74,98,3,2,IT,1
6.92,6,1,2,1,10,91,37,3,IT,1
5.52,2,4,8,3,68,51,118,6,ECE,1
8.93,6,9,8,0,89,58,2,1,MECH,1
8.64,2,1,3,1,45,19,176,4,CSE,1
8.13,2,3,1,1,16,54,352,5,CSE,1
5.62,3,10,8,1,71,82,232,8,IT,1
8.79,1,1,8,0,54,87,21,5,CIVIL,1
6.55,6,5,3,3,24,21,333,3,ECE,1
7.13,6,1,0,2,59,52,227,4,ECE,1
9.99,5,6,8,2,50,95,168,5,CIVIL,1
9.49,0,6,1,2,76,66,152,1,IT,1
7.88,1,2,3,3,100,66,93,4,MECH,1
6.15,1,4,1,3,5,54,79,4,ECE,1
7.72,1,5,3,1,57,100,177,2,ECE,1
5.99,0,9,4,1,3,2,365,8,IT,1
9.72,6,0,1,3,64,84,2,2,CIVIL,1
7.32,0,7,3,2,70,74,495,4,CIVIL,1
8.05,4,0,5,0,98,54,113,7,ECE,1
9.54,0,5,7,0,83,13,435,7,MECH,1
8.07,3,8,5,3,80,80,455,2,IT,1
8.79,6,3,4,2,0,59,378,7,MECH,1
9.32,5,5,8,0,22,0,68,8,CIVIL,1
9.27,0,6,7,3,87,7,259,3,CIVIL,1
6.34,2,7,1,1,8,3,188,6,IT,1
6.96,0,8,4,3,47,46,125,1,CSE,1
7.27,1,10,0,1,91,62,193,1,IT,1
6.52,6,2,0,1,76,45,163,8,ECE,1
8.2,4,9,1,1,38,28,349,5,IT,1
7.68,4,3,8,2,79,23,103,7,ECE,1
6.54,4,10,0,1,80,30,407,1,MECH,1
7.81,5,2,4,0,18,24,153,7,CIVIL,1
5.87,2,2,4,0,77,40,40,1,ECE,1
9.24,0,4,8,0,35,74,417,1,MECH,1
7.12,1,3,3,3,77,30,421,4,MECH,1
7.08,5,5,5,0,24,73,220,7,CIVIL,1
9.64,2,8,8,1,91,88,214,5,CIVIL,1
7.8,5,8,3,2,72,52,217,1,CSE,1
8.12,5,6,2,1,80,88,239,3,CIVIL,1
7.71,2,9,4,1,88,70,495,2,ECE,1
8.75,0,9,8,0,49,11,8,5,IT,1
8.25,4,6,1,2,71,14,49,8,MECH,1
7.34,0,0,0,1,89,99,482,5,IT,1
8.66,3,6,2,0,92,28,0,5,IT,1
8.44,3,0,7,2,14,69,106,3,MECH,1
6.65,6,2,3,0,4,90,410,5,CIVIL,1
5.91,5,4,1,3,89,32,273,2,IT,1
7.12,5,5,1,0,42,88,361,4,IT,1
8.05,0,6,4,1,23,35,355,8,CSE,1
8.95,6,3,5,2,86,25,53,7,ECE,1
8.16,1,2,2,0,35,23,58,6,CIVIL,1
7.45,3,1,2,0,40,42,246,8,ECE,1
8.86,2,4,2,3,27,40,43,1,MECH,1
7.64,0,10,3,3,47,28,274,5,CIVIL,1
7.7,2,4,0,0,39,46,17,2,IT,1
6.75,5,4,5,1,11,46,213,7,IT,1
7.62,4,0,3,3,9,87,199,1,CIVIL,1
6.22,3,3,3,1,20,5,260,1,CIVIL,1
9.45,4,0,1,3,2,0,398,3,MECH,1
8.73,3,5,2,2,10,7,259,3,IT,1
9.11,5,2,5,0,45,72,444,3,IT,1
8.57,2,3,0,0,24,61,468,4,MECH,1
5.86,5,7,3,3,67,77,421,5,ECE,1
8.3,4,6,1,2,43,2,372,5,CSE,1
6.51,4,3,2,3,24,97,204,2,CSE,1
8.73,0,7,5,2,89,56,3,6,ECE,1
7.25,2,7,0,3,19,58,368,6,IT,1
8.88,2,7,3,2,23,9,25,6,CIVIL,1
7.03,5,0,3,1,71,82,3,8,CSE,1
8.41,0,10,3,2,48,38,469,4,CIVIL,1
8.97,1,8,6,1,86,20,258,3,CSE,1
6.75,0,3,7,2,34,46,490,8,CSE,1
6.86,2,8,5,0,40,11,123,4,CIVIL,1
6.73,2,9,0,2,57,55,471,2,MECH,1
8.55,3,7,4,1,0,84,281,3,CIVIL,1
7.44,3,5,2,0,39,76,141,2,ECE,1
7.98,3,8,7,1,79,20,101,2,CSE,1
7.18,3,0,0,3,81,62,299,7,CSE,1
6.16,6,7,3,0,5,96,187,2,MECH,1
5.84,5,5,2,3,97,51,70,1,MECH,1
6.79,6,8,4,2,82,58,162,4,CSE,1
5.99,3,7,7,3,65,11,324,4,MECH,1
9.31,5,0,5,0,18,88,239,3,ECE,1
5.57,2,1,2,1,91,96,28,7,ECE,1
8.88,6,3,4,2,33,100,304,6,CSE,1
7.45,6,6,3,0,55,68,307,3,IT,1
9.28,2,3,5,2,19,23,409,5,CSE,1
7.52,3,7,3,1,16,47,458,4,ECE,1
9.86,2,3,3,2,98,4,476,3,MECH,1
7.55,5,10,2,3,54,95,161,4,IT,1
8.71,1,7,6,1,91,38,239,4,IT,1
7.64,0,7,0,3,29,77,198,6,IT,1
9.42,6,9,3,3,94,43,441,5,ECE,1
9.61,6,5,2,0,83,60,422,8,IT,1
6.33,5,9,5,1,84,53,302,1,ECE,1
8.02,2,7,5,0,81,59,74,7,MECH,1
6.95,5,7,2,0,82,93,119,2,ECE,1
6.63,5,9,2,3,6,54,466,7,CIVIL,1
9.75,5,7,1,1,51,48,485,5,IT,1
6.88,5,9,5,1,52,2,159,7,MECH,1
6.34,5,5,7,0,11,60,186,8,ECE,1
9.26,1,6,4,0,11,61,167,2,ECE,1
5.9,6,6,6,2,77,12,154,1,CIVIL,1
6.47,6,1,4,0,57,52,490,2,MECH,1
7.21,0,1,3,2,73,47,469,8,MECH,1
5.82,3,5,4,1,12,59,150,1,ECE,1
7.63,0,8,8,3,34,19,236,1,IT,1
9.42,6,1,0,2,92,72,76,6,MECH,1
6.97,0,6,0,3,98,29,115,4,CIVIL,1
7.25,6,7,8,3,91,4,163,4,CSE,1
7.21,0,5,1,3,38,72,443,5,CIVIL,1
5.94,2,3,6,0,49,41,453,7,MECH,1
5.76,0,10,5,2,79,36,96,2,CSE,1
5.9,6,1,1,1,72,99,85,4,MECH,1
8.84,2,0,4,3,72,65,415,4,CIVIL,1
7.56,4,1,2,1,50,5,215,5,IT,1
7.21,6,0,5,0,81,37,472,8,CIVIL,1
6.79,3,7,1,1,9,82,421,1,CSE,1
5.68,0,10,0,1,24,92,42,2,MECH,1
8.54,2,9,8,2,39,43,341,3,CSE,1
8.48,6,5,2,3,98,49,461,8,MECH,1
6.69,5,9,6,0,4,12,7,2,CSE,1
8.3,2,2,8,2,27,97,353,8,IT,1
7.1,0,6,6,3,80,9,61,8,MECH,1
8.61,5,5,2,1,99,54,321,4,CSE,1
7.22,0,3,5,3,47,79,345,2,IT,1
6.26,0,0,7,0,57,44,115,1,CSE,1
6.54,3,7,5,1,71,58,306,7,CSE,1
7.54,0,7,6,3,43,36,485,6,CIVIL,1
9.14,6,6,4,0,18,74,123,2,ECE,1
6.19,4,1,0,0,64,90,401,3,CIVIL,1
8.19,0,9,1,3,25,3,154,5,IT,1
9.42,2,0,4,2,75,97,198,5,IT,1
9.81,5,4,2,1,93,24,412,2,CSE,1
8.98,6,5,2,1,60,92,212,2,CIVIL,1
7.37,4,4,5,0,59,58,34,6,CSE,1
7.15,6,4,0,2,67,65,47,7,MECH,1
8.81,4,5,3,1,32,62,97,7,CSE,1
9.77,3,1,0,0,28,65,170,4,CSE,1
6.68,2,7,8,0,29,47,71,6,CSE,1
9.49,4,1,8,3,1,35,180,5,ECE,1
9.31,3,3,6,3,81,96,425,3,CIVIL,1
8.56,6,5,6,1,37,88,119,7,ECE,1
9.35,5,4,4,3,65,66,276,4,ECE,1
8.73,4,6,6,2,56,99,142,3,MECH,1
5.86,3,10,4,1,86,91,107,5,ECE,1
9.72,5,0,4,2,54,17,487,1,CSE,1
5.86,2,6,4,0,53,39,413,6,CSE,1
8.26,5,2,3,2,54,17,438,4,IT,1
6.44,6,5,2,3,86,69,482,6,MECH,1
9.89,2,8,5,1,49,83,401,4,ECE,1
6.99,5,5,6,0,60,59,205,8,ECE,1
7.69,2,0,4,1,95,65,133,6,ECE,1
7.91,4,0,5,0,51,32,475,7,MECH,1
8.61,1,1,3,2,11,7,306,2,MECH,1
6.56,5,4,3,2,65,18,202,4,CSE,1
7.69,5,1,4,3,93,83,457,8,CSE,1
7.95,2,7,6,2,15,32,399,2,CIVIL,1
6.3,1,6,4,2,70,12,325,2,CIVIL,1
8.47,2,10,0,3,92,41,106,6,ECE,1
8.19,2,4,3,1,53,54,377,7,MECH,1
8.42,2,0,8,3,89,49,188,3,MECH,1
7.07,3,6,2,0,29,98,20,5,MECH,1
8.78,1,7,5,0,94,44,302,6,CIVIL,1
8.08,1,7,1,3,17,75,190,7,ECE,1
7.1,0,2,0,1,20,96,220,1,CSE,1
5.66,2,5,0,2,38,96,342,1,ECE,1
9.41,0,7,8,2,46,21,465,1,MECH,1
5.66,2,8,2,2,39,87,102,3,CSE,1
9.73,6,5,2,3,95,85,226,6,CSE,1
9.56,1,0,8,0,39,35,244,7,CSE,1
7.8,5,1,0,0,17,5,60,6,CSE,1
8.62,0,1,0,2,90,4,30,2,IT,1
9.63,4,10,6,0,15,38,438,7,CIVIL,1
8.57,2,5,6,1,100,13,142,4,MECH,1
6.5,2,7,1,0,38,41,483,5,CSE,1
8.12,2,10,3,0,39,89,429,1,IT,1
9.25,0,6,2,2,24,40,443,2,CIVIL,1
8.03,3,2,2,3,49,51,141,7,MECH,1
7.42,0,5,7,1,35,82,300,8,IT,1
8.3,1,10,7,3,22,49,432,3,CIVIL,1
7.05,0,7,4,2,18,45,137,8,CIVIL,1
7.36,5,3,1,2,82,60,58,3,CIVIL,1
6.25,2,2,0,1,1,66,89,6,IT,1
7.93,1,0,6,3,92,19,153,7,CSE,1
7.04,5,7,8,1,34,21,83,7,CSE,1
8.19,1,3,7,3,80,70,101,4,IT,1
9.93,1,7,4,2,0,52,173,2,CIVIL,1
9.7,6,3,7,1,5,78,14,5,ECE,1
9.69,5,8,0,2,78,0,337,6,IT,1
9.39,4,3,3,2,67,3,110,4,CIVIL,1
5.53,1,7,3,2,28,62,404,7,CIVIL,1
6.69,3,0,5,3,81,43,47,7,ECE,1
8.53,6,9,6,3,96,33,53,4,MECH,1
8.02,6,1,1,0,32,9,315,7,CIVIL,1
9.1,4,8,0,1,78,64,380,5,ECE,1
8.79,6,0,0,2,36,42,463,3,ECE,1
9.73,6,4,3,3,89,53,329,1,MECH,1
9.28,4,6,1,2,3,47,65,2,ECE,1
5.79,0,3,7,0,74,84,248,8,IT,1
6.87,3,4,1,2,100,49,333,3,CIVIL,1
9.87,5,9,7,1,53,2,191,5,MECH,1
5.66,5,8,3,1,37,25,350,7,CIVIL,1
5.89,1,2,7,3,22,65,15,6,CSE,1
5.63,6,7,0,2,90,59,79,6,CIVIL,1
8.53,0,4,1,3,17,42,431,1,ECE,1
6.21,2,10,7,0,96,93,307,1,CSE,1
9.56,5,9,0,0,88,93,188,5,IT,1
6.25,1,0,4,2,42,54,245,8,CSE,1
9.99,6,5,7,1,76,18,446,8,CIVIL,1
9.06,4,3,8,1,62,13,295,5,IT,1
5.69,5,8,0,3,92,73,181,1,CSE,1
7.54,3,8,0,3,23,66,232,6,CIVIL,1
9.65,6,10,5,0,52,47,368,5,MECH,1
5.93,2,4,8,0,27,77,375,5,CIVIL,1
7.89,5,8,1,2,32,25,189,7,IT,1
7.33,2,0,6,0,7,66,464,2,CIVIL,1
6.27,2,2,1,0,86,74,347,7,IT,1
7.61,0,4,1,0,12,11,385,3,MECH,1
7.17,5,0,4,1,10,58,319,2,ECE,1
6.75,0,5,7,0,15,86,111,6,IT,1
5.83,6,7,0,0,28,82,252,1,MECH,1
5.64,4,3,5,3,50,69,415,3,CSE,1
9.95,3,0,4,1,85,20,302,2,ECE,1
8.76,4,0,5,2,91,85,117,3,CIVIL,1
9.46,6,1,5,1,32,38,473,3,MECH,1
6.3,2,6,4,1,47,25,151,3,MECH,1
9.97,1,10,0,3,43,53,400,1,MECH,1
6.31,2,2,0,2,47,88,177,6,ECE,1
6.7,2,4,1,3,61,99,403,4,MECH,1
8.56,1,1,4,0,1,3,379,1,CSE,1
7.12,3,10,3,0,78,65,402,4,CIVIL,1
9.98,0,5,2,1,11,26,112,7,CSE,1
6.26,4,4,3,1,55,60,42,1,MECH,1
6.59,4,7,4,2,57,74,22,5,ECE,1
7.96,5,8,0,2,73,39,284,6,MECH,1
9.95,3,6,6,2,29,80,82,4,IT,1
7.13,3,2,5,1,44,22,293,5,ECE,1
7.36,5,9,5,3,62,38,36,5,CSE,1
6.78,6,5,7,0,40,85,291,2,ECE,1
9.23,1,4,2,2,12,33,308,3,CIVIL,1
9.23,1,9,8,0,74,6,354,6,ECE,1
7.88,4,1,3,1,31,17,472,6,IT,1
8.05,5,7,8,0,42,85,396,5,MECH,1
9.69,3,6,7,3,9,65,244,6,ECE,1
5.8,5,7,4,3,12,1,376,6,ECE,1
9.17,3,9,5,1,23,36,469,5,MECH,1
9.3,2,6,0,3,27,13,146,4,ECE,1
7.69,3,1,1,1,58,28,99,2,CSE,1
7.56,2,8,0,0,90,14,305,8,MECH,1
6.78,3,5,7,1,82,5,10,6,CIVIL,1
6.62,2,3,2,3,64,75,324,1,CIVIL,1
7.64,4,6,4,3,60,89,379,4,IT,1
9.89,3,4,7,0,28,58,86,1,ECE,1
6.44,6,2,4,3,34,55,333,5,ECE,1
8.89,2,0,2,3,64,23,21,8,ECE,1
8.24,3,2,4,2,100,0,80,7,CSE,1
8.06,0,6,7,2,54,39,310,8,CIVIL,1
7.38,1,6,7,2,60,6,388,2,MECH,1
6.3,4,8,7,2,6,43,366,2,IT,1
6.97,6,1,7,3,50,45,195,5,ECE,1
6.45,3,0,7,0,65,27,234,3,MECH,1
6.88,5,1,3,1,21,40,192,3,IT,1
8.49,6,1,6,3,66,39,174,7,IT,1
9.48,6,7,8,2,75,36,299,6,MECH,1
7.62,3,3,0,2,33,34,126,5,ECE,1
7.56,6,0,2,1,94,8,170,5,CIVIL,1
6.97,3,2,1,3,31,28,342,4,CIVIL,1
8.55,3,7,7,2,76,33,351,6,CSE,1
8.13,2,5,1,2,39,98,332,6,MECH,1
9.03,1,1,1,2,31,25,365,8,CSE,1
9.36,4,7,4,3,45,72,240,6,MECH,1
7.85,4,5,7,0,52,81,329,6,CIVIL,1
9.49,4,0,2,2,92,46,25,2,MECH,1
9.83,3,2,0,1,88,79,49,7,MECH,1
8.7,3,9,4,0,53,38,394,3,IT,1
9.63,1,1,4,2,100,62,456,3,CSE,1
5.79,3,4,8,1,38,9,285,5,ECE,1
6.97,6,9,8,2,65,95,495,8,MECH,1
5.81,4,2,4,1,39,59,331,3,IT,1
7.72,3,3,0,1,10,11,10,7,MECH,1
8.39,5,10,3,3,84,64,214,6,ECE,1
7.04,5,1,1,3,44,98,55,2,IT,1
9.71,4,6,4,3,92,25,491,3,CSE,1
7.81,6,3,0,3,90,14,360,6,CIVIL,1
9.42,6,6,1,2,48,19,468,3,ECE,1
9.22,2,6,2,3,85,24,246,3,IT,1
5.72,6,9,0,1,26,37,129,8,CIVIL,1
9.1,3,4,1,1,86,1,257,5,MECH,1
9.69,0,3,3,1,13,30,154,2,CSE,1
5.95,6,7,3,2,72,79,25,8,MECH,1
7.82,5,10,0,3,72,73,409,8,CIVIL,1
9.63,2,8,7,3,39,85,74,1,MECH,1
9.78,5,4,3,0,26,13,99,4,ECE,1
6.43,1,9,8,3,42,37,482,8,MECH,1
9.37,1,8,3,2,75,7,288,7,MECH,1
5.75,5,2,7,2,100,30,149,5,ECE,1
9.76,2,7,6,1,70,76,212,1,MECH,1
6.65,2,2,3,1,22,4,374,6,ECE,1
6.35,3,0,0,2,83,68,46,4,CIVIL,1
5.65,4,3,5,2,82,93,389,8,MECH,1
6.06,4,1,5,3,5,83,428,1,MECH,1
8.58,0,1,4,3,0,0,490,3,CIVIL,1
6.97,6,9,1,3,11,75,472,2,MECH,1
8.54,6,8,2,2,98,3,191,2,IT,1
10.0,5,10,1,0,4,85,450,8,CSE,1
5.78,0,0,2,0,35,17,68,8,IT,0
6.98,4,9,4,0,36,42,237,1,CSE,1
6.57,4,6,4,1,95,34,344,4,CSE,1
7.61,2,10,8,1,68,35,490,7,ECE,1
9.85,5,0,8,1,65,82,62,8,MECH,1
5.68,1,3,2,0,63,8,467,2,MECH,1
9.56,3,0,4,1,54,70,445,1,IT,1
6.96,5,1,3,1,25,20,97,5,CIVIL,1
7.41,1,8,2,0,8,54,469,6,IT,1
7.18,6,6,4,0,13,61,334,5,ECE,1
8.92,0,1,0,0,31,9,51,3,MECH,0
6.58,4,1,7,1,4,56,107,6,IT,1
7.9,6,10,0,1,44,14,358,7,ECE,1
8.56,1,9,3,0,11,91,235,4,MECH,1
6.94,1,7,1,3,76,63,202,3,CSE,1
6.07,6,1,7,1,71,71,500,8,CSE,1
9.57,1,9,3,3,65,85,221,2,CSE,1
6.3,5,2,2,2,61,97,294,3,ECE,1
5.64,5,6,7,1,2,5,8,4,IT,1
7.85,3,0,8,0,82,45,500,3,CIVIL,0
7.11,5,4,6,0,71,10,167,1,IT,1
7.63,3,9,6,0,15,32,218,5,MECH,1
8.43,1,3,1,0,98,70,172,2,CSE,1
6.39,0,7,5,3,55,93,407,3,MECH,1
6.96,2,2,2,0,11,64,245,2,CIVIL,1
8.01,1,2,0,3,32,57,466,8,CSE,1
9.3,2,9,4,1,13,51,288,2,IT,1
6.94,5,0,2,0,42,44,164,1,ECE,1
5.98,3,3,7,2,40,34,368,6,CIVIL,1
8.23,6,2,5,1,55,76,149,4,CIVIL,1
7.79,3,2,6,0,66,2,136,7,CSE,1
7.21,2,0,3,0,81,59,484,6,CSE,1
6.6,5,9,3,1,76,4,428,6,CSE,1
5.57,1,6,1,0,38,2,299,3,IT,1
7.54,0,6,8,1,72,77,214,5,MECH,1
7.42,3,9,8,1,49,55,383,2,ECE,1
6.01,3,3,4,0,61,50,442,8,ECE,1
6.63,3,3,4,2,6,58,87,4,CSE,1
9.39,2,4,4,2,56,77,225,8,IT,1
7.71,3,3,8,3,61,74,159,1,MECH,1
7.26,6,9,6,1,89,62,402,7,ECE,1
5.54,2,5,6,0,66,52,456,1,CIVIL,1
7.04,4,7,5,0,64,20,299,4,CIVIL,1
8.4,5,6,7,1,96,79,234,7,CIVIL,1
7.08,3,3,4,2,54,93,76,3,CIVIL,1
8.54,5,4,4,1,30,53,309,7,ECE,1
6.22,0,9,7,0,91,79,204,6,IT,1
9.56,2,9,1,3,57,27,179,4,CIVIL,1
8.49,0,5,2,3,12,80,414,6,IT,0
9.44,0,8,2,2,17,29,200,6,CSE,1
6.31,5,8,6,0,85,70,182,1,CIVIL,1
8.75,3,7,7,3,39,0,295,5,MECH,1
8.72,3,7,5,0,44,89,471,7,CSE,1
6.61,5,7,5,2,58,80,385,3,ECE,1
6.92,5,10,7,3,31,53,367,2,IT,1
8.83,3,2,1,0,50,100,489,6,CSE,1
7.66,2,2,3,2,9,48,423,2,CIVIL,1
9.73,4,2,3,3,69,43,455,5,IT,1
8.98,3,8,8,2,20,74,39,1,IT,1
5.87,6,0,5,0,9,92,86,3,MECH,1
5.88,6,3,5,2,13,16,301,5,IT,1
6.92,5,6,2,0,49,69,487,7,CIVIL,1
8.17,3,9,2,1,72,2,357,2,ECE,1
8.31,6,0,1,2,59,22,339,6,MECH,1
8.01,2,1,0,0,38,3,376,6,CSE,1
7.14,5,1,5,3,26,19,174,1,ECE,1
8.02,2,6,3,2,89,97,250,3,MECH,1
7.27,6,5,3,0,17,33,294,8,IT,1
7.55,1,4,0,1,44,37,345,6,ECE,1
7.1,6,10,6,1,19,44,449,2,CIVIL,1
6.52,6,7,2,3,53,19,417,7,ECE,1
7.87,4,1,0,1,57,32,353,4,ECE,1
8.28,1,6,0,2,7,18,422,7,ECE,1
5.63,1,7,5,0,23,50,290,5,IT,1
7.75,2,5,8,2,69,33,383,7,CIVIL,1
8.69,3,2,2,2,38,85,364,4,CSE,1
7.23,6,10,8,1,46,25,8,8,ECE,1
7.95,3,2,6,2,62,56,396,7,MECH,1
6.92,4,4,6,3,5,5,445,8,IT,1
8.07,3,5,8,3,94,87,337,2,ECE,1
9.21,3,7,1,3,7,34,68,8,ECE,1
7.62,0,3,3,1,96,45,272,5,ECE,1
6.33,2,5,3,3,21,39,229,8,CIVIL,1
6.13,4,4,5,3,30,50,45,1,IT,1
7.25,2,0,0,1,32,22,499,5,MECH,1
8.07,3,10,2,1,51,38,160,6,CSE,1
9.96,3,3,7,0,17,32,299,4,ECE,1
8.76,0,10,5,2,13,94,207,5,CIVIL,1
5.86,6,10,3,0,20,2,201,5,MECH,1
8.06,5,6,8,1,42,66,219,4,CSE,1
5.72,0,10,4,2,0,11,8,4,IT,1
8.91,2,2,0,3,87,23,399,8,MECH,1
5.65,5,5,7,0,51,82,382,1,ECE,1
8.71,2,1,8,2,71,43,117,5,CIVIL,1
7.5,4,9,0,0,99,66,116,2,MECH,1
7.67,6,7,8,3,53,13,330,5,IT,1
6.9,4,9,8,0,89,28,26,6,CSE,1
8.42,1,5,2,3,57,85,114,1,CSE,0
6.12,6,1,3,2,28,33,41,6,ECE,1
9.31,6,0,1,2,33,68,98,3,CIVIL,1
9.89,2,7,7,2,21,91,58,6,CSE,1
5.96,3,0,4,1,12,34,131,2,IT,1
7.36,6,1,8,1,32,10,2,5,IT,1
7.0,0,6,0,3,98,57,2,5,ECE,1
5.56,4,1,3,3,45,75,311,1,CSE,1
7.99,2,9,1,2,31,19,458,7,ECE,1
8.04,2,9,4,2,59,73,177,8,CSE,1
8.46,5,9,6,2,55,55,100,8,IT,1
6.63,3,3,8,0,1,40,250,4,MECH,1
8.6,3,5,5,1,62,81,144,1,ECE,1
7.79,2,6,7,2,77,5,1,8,CSE,1
9.41,3,3,2,3,6,97,101,3,ECE,1
9.57,6,3,8,3,45,23,239,8,IT,1
7.5,1,5,1,0,34,12,326,1,MECH,1
7.84,4,1,2,0,20,91,35,6,CIVIL,1
9.74,4,9,3,0,61,13,291,5,MECH,1
7.07,2,1,2,1,87,22,281,6,CSE,1
5.77,5,4,8,3,56,22,307,8,ECE,1
9.53,3,10,8,3,63,17,311,1,CSE,1
9.42,2,8,6,2,71,54,94,7,CIVIL,1
7.45,1,4,2,0,78,100,325,7,CIVIL,1
9.5,6,9,1,2,60,14,39,5,CSE,1
9.27,4,7,7,3,84,92,240,1,ECE,1
8.42,5,4,6,2,88,35,434,1,CIVIL,1
8.87,1,3,0,3,79,42,235,8,IT,1
9.12,0,6,5,0,22,5,402,2,CSE,1
5.67,1,0,2,0,6,94,296,6,MECH,0
8.44,4,3,4,0,31,39,375,3,CSE,1
6.62,2,0,3,0,54,40,5,3,MECH,1
9.88,0,7,2,2,2,29,170,4,ECE,1
7.82,6,0,3,0,20,1,321,1,MECH,1
9.84,2,3,1,0,6,52,453,8,MECH,1
9.86,4,6,2,2,23,99,448,6,CIVIL,1
9.38,2,7,4,0,94,64,362,4,CSE,1
5.54,5,2,1,2,78,55,18,7,ECE,1
7.58,0,9,4,0,91,96,45,5,ECE,1
5.85,0,4,4,2,82,54,24,4,CSE,1
6.18,5,7,5,0,22,57,333,6,CSE,1
8.22,3,4,7,2,10,56,342,7,CIVIL,1
9.21,2,8,8,3,20,80,456,3,IT,1
6.99,4,6,2,3,95,63,107,8,IT,1
8.63,0,6,7,2,67,85,367,3,ECE,1
8.95,4,0,7,0,91,96,94,7,ECE,1
8.81,2,1,6,0,52,53,285,1,CIVIL,1
6.51,0,6,1,0,42,63,396,6,CSE,0
8.52,1,5,1,0,56,41,194,5,MECH,1
5.77,3,8,2,3,43,40,257,7,ECE,1
7.23,5,8,5,0,24,5,135,1,CIVIL,1
6.66,1,9,6,1,65,1,84,3,ECE,1
6.58,2,2,5,3,96,16,349,5,CSE,1
7.64,3,4,7,1,97,72,189,5,CSE,1
8.27,3,0,7,2,86,2,329,1,MECH,1
6.07,5,6,8,1,1,29,402,8,IT,1
7.51,6,1,4,3,97,47,268,4,CSE,1
9.95,6,4,8,2,49,44,369,5,CSE,1
6.66,6,2,2,2,32,87,209,6,MECH,1
9.81,4,2,0,1,6,100,196,5,ECE,1
7.04,0,5,7,1,50,43,373,3,IT,1
9.3,1,1,2,2,18,63,73,1,CIVIL,1
9.58,5,5,2,0,79,15,118,5,IT,1
8.57,3,3,6,3,99,80,140,3,CIVIL,1
7.26,3,7,0,2,67,66,239,8,ECE,1
6.48,6,2,2,1,9,50,381,4,CIVIL,1
6.93,1,6,1,3,18,46,27,6,CSE,1
8.73,5,2,4,3,78,17,419,2,IT,1
7.3,5,0,7,1,78,34,457,3,IT,1
7.31,1,2,4,1,41,3,80,6,MECH,1
9.89,1,10,7,3,20,64,116,1,ECE,1
9.61,3,6,0,3,58,38,82,1,IT,1
9.29,4,9,6,3,41,79,211,7,CIVIL,1
9.92,3,6,7,2,86,18,444,7,MECH,1
9.3,2,7,5,1,81,11,119,4,ECE,1
9.46,5,3,5,2,45,2,178,1,CSE,1
9.22,5,6,3,2,44,5,459,1,MECH,1
6.45,5,8,0,0,52,5,194,3,MECH,0
8.62,3,5,8,1,17,43,69,3,CIVIL,1
9.5,5,5,7,1,5,86,175,2,CSE,1
9.79,3,4,3,1,56,32,170,1,IT,0
6.2,6,4,8,0,49,38,456,1,ECE,1
9.14,5,2,2,0,55,57,11,8,IT,1
6.33,5,9,4,2,41,40,62,7,ECE,1
6.13,4,7,7,2,66,100,150,1,IT,1
7.62,0,8,7,0,99,22,260,4,MECH,1
7.36,4,3,5,1,9,84,434,8,IT,1
6.16,3,0,7,1,8,57,343,1,IT,1
5.67,6,4,1,0,24,72,413,6,ECE,1
9.22,3,3,5,3,9,12,252,1,CIVIL,1
6.23,4,7,6,0,54,86,495,7,ECE,1
9.52,6,9,2,0,51,88,325,1,IT,1
8.66,0,3,4,2,58,85,17,6,MECH,1
9.16,6,5,0,1,27,77,406,1,CSE,1
5.71,6,10,2,1,26,52,489,1,CSE,1
7.01,6,7,5,1,86,94,205,8,CIVIL,1
6.99,4,1,0,2,66,25,71,1,MECH,1
6.88,4,8,6,3,78,97,16,7,ECE,1
9.97,6,2,8,3,12,18,16,6,CIVIL,1
6.72,4,5,4,1,71,50,469,3,MECH,1
8.88,5,9,1,0,96,3,242,4,MECH,1
8.04,3,1,1,0,94,99,218,5,MECH,1
8.5,6,8,4,3,22,86,484,6,ECE,1
9.36,2,10,4,2,8,69,59,6,IT,1
9.78,6,6,0,2,14,92,277,7,CSE,1
8.37,6,2,0,3,21,19,299,5,ECE,1
7.19,0,10,4,0,33,19,378,7,CIVIL,1
8.79,1,2,1,1,28,32,309,6,CIVIL,1
6.93,2,7,3,2,40,13,363,1,ECE,1
9.32,5,3,0,0,28,37,378,2,CSE,1
9.52,4,3,7,3,88,32,444,6,CIVIL,1
6.8,4,3,2,0,11,84,53,2,CIVIL,1
6.72,4,8,0,2,34,51,164,6,ECE,1
5.75,2,8,6,3,62,13,213,3,MECH,1
5.97,4,5,8,3,58,4,389,8,MECH,1
5.56,4,10,5,1,48,3,230,1,IT,1
6.19,6,7,4,3,38,41,197,8,CSE,1
7.95,4,1,6,2,18,83,399,6,IT,0
9.73,5,2,2,2,24,76,137,2,IT,1
8.22,1,3,7,0,38,51,404,2,IT,1
8.7,2,10,1,1,4,28,101,6,MECH,1
8.41,3,1,0,1,88,91,157,1,IT,1
6.39,3,5,8,1,57,92,91,6,ECE,1
9.03,0,8,0,1,93,54,170,2,IT,1
6.66,5,9,5,2,21,20,13,8,CSE,1
5.6,0,6,3,0,92,54,194,4,CIVIL,1
9.09,0,9,2,3,47,3,190,5,CIVIL,1
9.84,3,9,5,2,74,33,60,5,CSE,1
7.08,4,4,4,3,91,73,266,4,CIVIL,1
7.28,5,1,3,2,49,14,96,2,CIVIL,1
9.39,5,0,7,0,95,52,343,5,ECE,1
6.49,4,4,6,1,69,97,159,5,IT,1
8.99,6,6,0,2,48,26,231,7,CSE,1
7.57,0,2,1,0,60,7,252,6,MECH,1
8.56,6,1,2,1,100,85,334,2,ECE,1
6.94,1,2,2,2,11,17,297,8,CSE,1
8.48,0,5,4,2,41,60,473,6,IT,1
9.22,4,2,7,0,6,99,268,3,CSE,1
7.92,6,3,8,1,97,93,414,4,MECH,1
6.04,4,8,5,3,80,39,428,6,MECH,1
7.38,2,10,7,2,19,60,398,5,CIVIL,1
9.88,6,5,5,1,10,4,138,4,CIVIL,1
5.51,0,3,8,2,30,47,355,8,IT,1
8.52,6,4,8,1,27,96,332,2,ECE,1
9.23,1,8,0,1,27,33,367,8,CSE,1
8.54,6,8,7,1,66,64,367,2,CSE,1
9.31,0,7,7,1,20,59,335,8,ECE,1
6.97,4,3,0,1,33,64,195,4,CSE,1
9.9,3,9,1,0,60,39,172,8,ECE,1
9.58,6,1,4,0,98,36,273,3,CSE,1
9.75,3,4,6,3,10,75,469,8,MECH,1
8.53,3,0,5,3,83,61,352,6,ECE,1
7.38,6,8,4,2,0,59,314,1,CSE,1
8.25,5,6,7,2,80,87,253,6,IT,1
6.16,0,8,6,0,25,20,411,7,MECH,1
5.67,1,3,4,3,48,2,152,8,MECH,1
8.94,5,3,2,1,10,14,233,4,IT,1
7.99,2,10,1,0,44,62,403,8,ECE,1
6.86,1,1,8,2,12,7,220,8,MECH,1
7.85,2,10,5,2,30,59,30,4,IT,1
6.89,6,4,8,3,39,93,1,6,CSE,1
8.67,1,5,3,3,44,16,331,4,ECE,1
9.8,5,7,8,1,48,3,216,8,ECE,1
9.88,3,3,6,0,15,79,345,5,ECE,1
9.88,4,5,7,0,84,34,321,8,CIVIL,1
8.43,1,8,5,0,81,74,351,7,MECH,1
7.93,2,0,6,0,66,18,474,5,MECH,1
7.66,3,4,4,0,79,92,212,3,CIVIL,1
8.3,4,3,1,3,44,47,83,4,CSE,1
7.42,0,10,6,3,25,66,255,5,IT,1
5.57,4,4,0,1,90,63,257,1,IT,1
7.09,4,8,8,1,57,85,197,7,CSE,1
6.14,0,8,6,3,69,49,353,3,ECE,1
7.9,6,0,7,3,55,11,115,8,MECH,1
6.67,2,2,7,3,19,83,403,8,ECE,1
9.68,1,6,8,1,15,45,64,5,ECE,1
8.79,3,9,5,1,3,31,316,2,CIVIL,1
9.51,2,2,6,2,90,54,53,2,IT,1
8.2,2,4,0,2,41,96,226,3,ECE,1
7.43,3,6,5,1,13,92,23,7,MECH,1
6.4,3,3,6,3,64,70,126,7,IT,1
9.73,3,5,2,2,34,61,400,1,CSE,1
8.42,0,6,7,2,48,2,222,4,MECH,1
8.43,0,0,7,3,9,95,77,7,IT,1
6.48,4,7,0,1,37,50,452,5,ECE,1
8.11,5,2,0,2,37,46,123,5,ECE,1
9.17,0,6,4,0,20,27,323,2,MECH,1
7.75,6,3,7,2,96,7,375,7,IT,1
5.72,0,2,8,1,12,42,84,5,CIVIL,1
8.42,2,1,0,2,59,64,213,4,CIVIL,1
5.62,3,9,3,0,70,36,283,1,IT,1
8.47,3,3,6,1,92,20,95,1,IT,1
5.69,4,6,0,2,6,28,201,8,IT,1
8.61,4,1,4,3,77,64,500,1,IT,1
6.24,1,1,2,1,91,82,120,6,ECE,1
6.12,3,10,3,2,88,29,339,5,CIVIL,1
7.9,1,7,5,1,4,54,236,1,CSE,1
6.56,2,1,2,0,22,99,122,2,ECE,1
9.45,4,3,8,0,26,11,42,5,CIVIL,1
6.07,3,5,2,0,78,68,213,5,ECE,1
7.67,6,10,5,3,10,36,388,6,CIVIL,1
9.33,2,5,6,3,79,35,479,5,CSE,1
7.5,5,10,6,3,55,35,225,2,MECH,1
7.91,2,5,2,1,51,40,178,4,ECE,1
6.49,4,0,5,0,41,20,190,3,CSE,1
6.83,3,6,8,0,64,51,258,1,ECE,1
9.77,2,3,2,0,34,17,108,3,ECE,1
9.32,4,9,2,3,88,45,329,1,IT,1
9.98,5,10,4,3,18,92,405,8,ECE,1
8.14,1,7,8,1,80,67,265,4,ECE,1
6.53,4,2,6,0,16,5,237,8,IT,1
8.73,6,9,2,0,29,75,330,1,CIVIL,1
8.74,2,0,6,2,83,18,397,4,CSE,1
9.48,5,9,8,2,74,24,129,1,MECH,1
9.22,4,10,7,3,39,48,134,4,ECE,1
7.83,4,0,6,1,37,67,479,4,CSE,1
7.55,1,6,3,3,29,31,233,4,IT,1
7.87,5,7,4,1,15,33,426,4,ECE,1
9.22,5,9,6,3,8,63,50,4,CSE,1
6.24,4,3,7,3,80,90,85,2,IT,1
5.67,1,1,2,1,18,1,127,2,MECH,1
6.09,4,1,6,3,4,29,281,5,CSE,1
6.36,2,9,5,3,5,97,356,7,IT,1
6.56,0,10,2,0,18,14,358,2,ECE,0
8.7,2,5,7,0,76,93,421,2,ECE,1
6.19,5,4,6,3,92,11,49,1,MECH,1
6.93,6,1,6,3,46,96,307,4,ECE,1
7.61,1,10,4,0,28,26,424,6,CSE,1
9.09,6,7,3,0,34,0,122,3,ECE,1
5.64,1,10,2,0,16,41,190,5,CSE,1
6.95,4,4,1,3,97,4,107,8,CSE,1
7.36,3,2,0,2,74,80,419,3,CIVIL,1
7.95,5,4,3,1,81,55,333,6,IT,1
6.88,1,6,2,1,6,96,275,7,IT,1
8.6,6,3,8,1,46,77,262,8,ECE,1
9.84,3,2,3,1,99,55,412,5,ECE,1
8.02,0,5,3,3,13,48,438,8,IT,1
9.34,0,4,5,2,0,52,395,5,CIVIL,1
6.19,6,10,6,3,58,50,114,6,CIVIL,1
7.87,5,4,2,0,78,48,266,6,MECH,1
6.56,2,9,3,1,67,64,79,3,CSE,1
8.19,3,6,2,0,43,35,383,8,ECE,1
6.76,0,6,8,2,27,50,456,6,MECH,1
6.5,3,0,6,2,7,37,309,5,MECH,1
6.57,6,10,6,2,78,16,255,3,IT,1
6.51,6,3,5,2,15,36,426,7,CIVIL,1
6.22,2,6,4,0,38,70,364,7,CSE,1
6.09,3,3,6,3,86,43,364,1,IT,1
7.71,5,1,4,1,67,71,376,4,CIVIL,1
9.9,6,4,7,1,57,100,300,7,CSE,1
9.63,3,7,1,1,61,44,51,8,MECH,1
7.61,4,1,4,3,50,81,78,3,ECE,1
7.11,1,8,7,1,10,61,373,8,MECH,1
9.2,1,4,0,1,25,98,230,3,CSE,1
7.32,4,6,3,2,10,31,376,8,MECH,1
9.31,4,0,1,3,59,85,26,3,CIVIL,1
7.61,2,6,6,3,2,81,254,7,CIVIL,1
9.75,0,10,7,2,5,71,201,5,CSE,1
8.78,6,0,6,2,62,46,60,3,MECH,1
9.29,2,6,8,1,91,46,486,6,ECE,1
9.32,0,0,6,0,35,7,81,8,IT,1
8.4,4,0,7,2,39,3,252,2,ECE,1
6.11,1,6,5,0,37,52,286,5,CIVIL,1
6.15,3,1,4,1,11,34,348,6,CSE,1
7.78,5,9,1,1,52,96,327,2,IT,1
8.73,0,8,3,1,20,30,381,4,CIVIL,1
9.7,4,2,8,3,44,18,272,1,CIVIL,1
8.93,5,9,4,1,88,79,117,3,CIVIL,1
7.03,4,10,1,0,57,76,404,2,CIVIL,1
8.37,1,4,7,3,93,89,202,7,MECH,1
6.55,1,4,8,1,15,78,225,5,CSE,1
6.3,1,2,2,1,44,24,207,8,MECH,1
7.66,3,3,1,3,72,60,270,4,ECE,1
6.86,4,0,0,1,79,91,200,4,MECH,1
9.8,1,10,1,2,30,96,419,8,CSE,1
6.19,6,2,1,0,91,87,33,2,ECE,1
5.6,0,6,8,0,23,17,307,5,MECH,1
7.15,6,10,2,1,1,55,368,7,ECE,1
8.45,4,5,4,3,30,40,326,8,CSE,1
6.72,0,2,2,1,22,1,470,5,CIVIL,1
9.66,6,3,6,1,17,62,296,6,ECE,1
6.68,3,1,5,3,4,59,377,5,MECH,1
7.91,6,2,4,3,13,66,426,6,CIVIL,1
6.23,6,4,8,3,21,65,8,2,CSE,1
7.55,1,8,4,3,88,95,268,1,CSE,1
8.6,5,8,3,3,93,20,60,1,IT,1
6.74,5,9,2,0,82,32,233,4,IT,1
7.78,6,2,6,1,78,73,320,2,MECH,1
8.03,0,4,1,2,12,43,475,6,ECE,1
5.59,0,8,6,1,12,52,483,3,CSE,1
5.78,0,6,0,2,25,86,473,6,ECE,1
7.62,0,1,6,0,35,13,434,8,CIVIL,1
9.57,0,6,6,0,14,29,320,1,CIVIL,1
7.44,5,8,4,2,95,65,124,4,CIVIL,1
8.72,5,10,7,1,68,48,204,6,CIVIL,1
6.49,5,2,5,3,62,57,403,4,MECH,1
9.28,1,6,2,0,62,53,462,3,CIVIL,1
9.24,2,5,3,0,52,48,314,8,ECE,1
6.87,5,8,6,0,60,62,5,6,MECH,1
9.8,0,8,7,2,11,13,108,2,IT,1
7.71,5,9,8,1,62,65,488,3,MECH,1
9.55,5,1,0,1,57,27,436,1,IT,1
7.31,3,4,6,1,18,66,232,8,CIVIL,1
6.82,1,8,1,3,47,38,366,8,ECE,1
5.7,1,1,6,1,74,6,33,2,ECE,1
9.76,4,3,5,3,20,11,153,2,MECH,1
9.33,0,4,0,2,84,87,273,7,ECE,1
7.59,2,2,5,0,76,29,405,1,IT,1
8.4,0,5,1,2,63,21,280,4,IT,1
9.53,6,10,4,3,63,13,496,8,CIVIL,1
8.87,4,4,1,1,82,88,163,6,ECE,1
8.35,3,10,7,3,10,50,450,7,ECE,1
9.2,3,1,6,3,14,10,296,8,CIVIL,1
8.74,5,7,4,3,53,16,46,4,CSE,1
6.14,3,1,4,0,76,5,199,5,MECH,1
7.46,1,4,6,3,54,97,128,2,IT,1
5.97,5,1,6,2,70,43,368,1,IT,1
8.99,0,9,0,0,26,32,100,8,CIVIL,1
6.32,2,7,0,1,9,53,232,4,MECH,1
6.94,2,5,8,2,15,58,126,5,CSE,1
5.69,0,9,1,2,66,75,438,3,ECE,1
6.99,2,2,6,0,85,90,154,6,CIVIL,1
9.4,5,2,1,1,93,100,425,7,MECH,1
6.5,0,6,0,0,85,6,446,5,MECH,1
9.92,0,1,8,2,16,50,39,8,IT,1
8.68,5,9,0,0,6,26,154,7,CSE,1
6.62,4,0,7,2,19,4,187,5,IT,1
9.4,3,8,6,3,94,93,441,6,ECE,1
6.76,2,6,3,2,40,88,307,8,CSE,1
9.82,0,6,6,1,36,89,32,5,CSE,1
5.9,2,1,7,2,30,36,359,1,CIVIL,1
8.62,0,10,5,0,7,47,278,6,MECH,1
8.95,2,2,5,0,65,18,240,1,IT,1
9.57,5,6,7,1,73,33,206,4,MECH,1
8.96,2,8,5,1,54,4,233,6,ECE,1
7.47,1,5,5,1,37,95,97,4,IT,1
7.14,1,9,3,2,38,81,267,8,CIVIL,1
7.87,1,3,1,2,46,14,279,6,IT,1
6.83,6,1,0,1,85,87,254,4,CIVIL,1
5.85,2,6,8,1,70,38,453,6,IT,1
9.21,3,9,7,3,35,58,25,5,ECE,1
7.59,5,0,2,1,92,49,123,2,ECE,1
9.1,5,4,5,1,10,51,30,8,IT,1
9.76,4,2,4,1,99,70,265,2,CIVIL,1
7.08,4,9,0,1,1,72,14,1,ECE,1
6.51,4,3,5,3,45,92,332,5,IT,1
6.4,2,0,6,1,51,16,113,8,CSE,1
9.66,1,9,6,1,16,54,193,3,CSE,1
7.13,6,1,1,2,80,63,141,1,ECE,1
7.92,4,5,1,2,20,42,90,8,CSE,1
5.5,5,10,0,0,78,24,346,7,MECH,1
5.83,4,3,8,3,93,23,396,7,CSE,1
8.13,0,9,8,0,39,21,111,4,CIVIL,1
8.94,6,7,8,3,13,75,124,1,IT,1
5.62,6,0,8,2,53,43,474,2,ECE,1
6.51,5,0,2,0,86,45,438,4,ECE,1
6.38,2,8,0,0,5,47,108,3,ECE,1
6.73,5,6,2,1,99,22,66,7,CIVIL,1
9.81,5,2,3,3,80,31,154,6,CIVIL,1
5.6,2,3,7,1,35,20,154,2,CIVIL,1
8.64,3,7,5,3,60,85,78,8,IT,1
6.18,3,2,6,3,34,73,423,6,CIVIL,1
7.36,6,9,8,1,29,1,349,8,CIVIL,1
7.14,3,9,1,0,14,15,205,2,CSE,1
7.29,4,1,2,2,61,62,81,1,ECE,1
8.26,5,10,5,0,28,14,110,6,ECE,1
7.37,1,0,4,0,12,87,119,8,CIVIL,1
9.81,6,10,0,3,59,54,224,5,CSE,1
6.44,6,8,5,3,11,48,223,1,IT,1
6.99,3,2,6,0,99,91,330,8,MECH,1
9.95,3,9,1,1,10,96,302,4,IT,1
7.89,2,5,3,3,56,54,393,1,CSE,1
8.59,5,4,7,1,12,33,43,7,MECH,1
8.82,2,8,8,3,86,93,24,4,IT,1
9.13,4,3,6,2,82,4,286,7,CSE,1
9.75,2,10,8,3,53,34,350,6,ECE,1
8.28,5,8,0,0,10,31,464,7,CSE,1
5.8,4,0,5,3,65,43,299,6,IT,1
7.17,3,7,1,1,57,89,234,3,CIVIL,1
6.32,1,0,2,1,5,40,178,3,MECH,1
8.1,6,6,2,1,76,79,484,6,ECE,1
9.79,0,2,0,2,69,62,393,3,CSE,1
8.01,6,9,7,3,34,25,194,1,CSE,1
5.99,4,7,6,0,5,33,119,2,IT,1
8.65,5,0,8,1,59,57,453,6,CIVIL,1
8.57,6,8,7,3,23,57,53,2,CIVIL,1
9.82,2,8,4,0,25,70,396,7,CSE,1
6.67,0,10,6,3,60,15,3,3,CIVIL,1
9.08,5,6,5,1,75,35,147,5,IT,1
8.88,1,3,8,1,24,97,392,1,IT,1
6.79,3,6,7,0,11,21,400,4,IT,1
5.92,0,0,6,0,80,44,83,5,CIVIL,1
6.51,4,2,6,2,99,86,494,7,IT,1
9.64,2,4,8,2,1,25,267,6,ECE,1
7.87,4,8,3,2,28,10,441,2,IT,1
6.52,5,6,1,0,81,27,61,1,MECH,1
7.72,3,9,4,3,14,5,300,6,MECH,1
8.17,4,5,6,2,5,15,57,2,MECH,1
6.36,3,0,0,2,86,80,273,7,CIVIL,1
7.47,4,4,6,1,35,2,375,2,CIVIL,1
9.38,4,4,2,0,15,27,91,6,CSE,1
7.62,3,6,1,3,64,50,171,8,CIVIL,1
6.84,3,1,2,0,68,66,166,6,MECH,1
5.51,0,4,5,3,63,66,411,6,CIVIL,1
6.31,4,4,2,2,96,83,25,7,CSE,1
9.39,3,3,7,2,21,64,397,7,CSE,1
9.46,4,5,7,3,53,100,192,6,CIVIL,1
9.19,2,6,1,0,80,12,1,7,MECH,1
8.4,4,8,7,2,74,27,412,5,CIVIL,1
6.48,5,10,0,0,91,30,175,6,CSE,1
6.86,3,4,0,2,96,24,9,4,CIVIL,1
5.83,5,0,7,1,30,66,202,4,ECE,1
5.67,5,4,0,3,13,64,241,7,CSE,1
8.79,0,6,8,3,81,51,487,6,IT,1
8.17,5,9,2,2,99,74,164,4,ECE,1
6.26,4,4,6,2,69,11,190,1,MECH,1
6.27,1,2,4,1,37,37,449,6,MECH,1
5.9,6,4,1,2,49,1,150,3,IT,1
6.77,4,1,4,0,7,71,112,5,ECE,1
8.68,0,3,8,3,96,97,331,5,MECH,1
5.62,2,8,5,3,89,66,298,4,CIVIL,1
9.06,4,10,2,0,14,14,318,1,IT,1
6.07,1,3,8,1,42,93,214,5,ECE,1
5.78,1,7,6,2,12,22,310,2,IT,1
9.46,2,10,3,1,25,33,430,7,MECH,1
6.81,3,8,7,1,69,62,370,4,CIVIL,1
7.32,4,9,7,3,83,69,83,4,CSE,1
5.51,5,10,2,0,20,63,101,2,IT,1
8.6,1,10,4,3,67,100,66,8,MECH,1
9.94,3,6,5,3,58,36,123,3,CSE,1
5.92,5,0,7,1,89,60,427,4,MECH,1
6.91,3,5,6,3,77,0,460,5,CSE,1
9.62,2,2,0,0,12,21,495,8,IT,1
8.63,4,10,1,2,8,25,65,2,ECE,1
9.75,2,10,8,2,91,58,91,7,IT,1
6.8,2,0,7,2,60,57,89,3,CIVIL,1
9.55,3,4,5,3,73,55,160,2,MECH,1
8.17,6,9,1,3,59,59,126,1,ECE,1
8.39,0,0,5,2,88,87,211,8,CSE,1
8.35,5,10,7,1,48,15,481,7,MECH,1
8.59,4,4,0,1,65,77,321,6,ECE,1
9.03,6,7,1,1,68,28,62,5,CIVIL,1
9.55,6,9,5,2,39,56,96,3,ECE,1
6.81,4,9,0,2,90,57,218,5,CIVIL,1
6.67,5,10,3,2,68,95,241,6,MECH,1
9.2,3,7,4,3,55,88,127,5,IT,1
9.67,2,5,2,2,30,37,23,4,IT,1
6.01,2,0,8,0,49,2,103,5,MECH,1
7.83,4,2,1,2,8,6,77,4,IT,1
6.17,1,3,6,0,62,34,108,8,CSE,1
6.25,1,9,0,1,22,90,354,6,ECE,1
7.29,4,5,8,2,26,85,131,6,ECE,1
8.34,2,6,1,0,87,30,400,8,CSE,1
9.26,3,0,0,2,20,88,4,8,CIVIL,1
6.43,4,10,6,2,12,60,157,3,CSE,1
5.84,2,10,7,3,100,99,5,2,MECH,1
8.13,2,4,4,1,93,57,106,7,CSE,1
7.75,5,3,2,0,61,84,429,6,CSE,1
6.4,3,2,8,3,63,21,181,6,MECH,1
7.2,0,0,6,2,86,100,23,6,ECE,1
8.14,4,4,5,3,42,90,34,8,IT,1
6.85,6,7,0,0,1,93,384,4,CIVIL,1
6.66,0,5,1,1,33,17,186,5,MECH,1
6.67,4,1,1,3,1,75,210,7,ECE,1
8.38,6,4,5,1,87,38,48,5,MECH,1
8.54,6,0,6,1,25,23,410,3,CIVIL,1
7.13,4,8,6,2,63,34,479,2,CSE,1
8.07,2,8,1,2,65,12,332,8,CIVIL,1
6.69,3,0,1,1,32,18,380,7,MECH,1
9.5,3,3,2,0,21,42,200,1,CSE,1
7.64,6,6,6,1,70,80,128,3,CSE,1
9.93,6,6,2,0,53,34,38,5,ECE,1
6.15,4,9,8,0,73,21,331,1,MECH,1
8.1,6,2,0,2,21,2,60,4,CIVIL,1
7.22,4,5,6,1,51,2,367,3,MECH,1
5.96,4,0,7,3,58,73,184,6,IT,1
9.16,4,6,1,2,92,100,135,3,CIVIL,1
7.99,6,1,8,0,26,6,360,8,CSE,1
6.31,0,3,2,3,62,10,64,4,ECE,1
8.07,0,6,1,3,42,33,20,3,CIVIL,1
8.52,0,5,6,3,88,3,424,5,MECH,1
9.87,2,5,2,0,78,26,363,1,ECE,1
7.43,2,3,4,0,25,15,4,4,CIVIL,1
8.9,2,6,2,1,51,88,357,1,CSE,1
6.32,6,7,1,3,96,77,463,8,CIVIL,1
8.15,0,8,4,0,27,15,290,2,ECE,1
7.06,6,10,2,2,51,1,373,5,MECH,1
8.94,6,7,0,3,70,54,494,1,MECH,1
8.69,2,7,1,0,25,66,268,6,MECH,1
9.39,3,4,6,2,27,52,185,7,MECH,1
7.46,5,0,8,1,3,45,29,6,IT,1
8.32,0,1,6,2,30,0,171,3,CSE,1
8.52,2,3,7,0,91,81,344,5,CIVIL,1
7.59,0,6,6,2,92,11,322,4,MECH,1
6.62,6,8,6,3,23,26,191,4,CSE,1
8.79,6,8,0,2,51,21,329,8,CIVIL,1
8.49,3,8,2,1,70,21,64,2,ECE,1
8.57,0,10,8,2,32,97,444,3,CIVIL,1
6.36,2,5,4,3,19,28,474,1,ECE,1
7.81,6,3,2,1,70,55,409,5,ECE,1
7.67,1,10,3,3,21,14,299,1,CSE,1
8.29,1,3,3,3,37,41,397,4,CSE,1
8.96,5,1,8,3,62,49,63,1,IT,1
5.92,5,0,5,3,92,32,306,2,MECH,1
9.33,5,5,7,2,35,90,494,1,MECH,1
8.8,2,6,0,0,85,93,209,2,CIVIL,1
9.52,4,10,3,2,26,73,493,1,IT,1
7.03,3,5,1,1,63,72,138,3,MECH,1
8.51,6,10,5,0,31,6,105,1,IT,1
8.92,5,1,3,1,56,14,144,5,ECE,1
7.05,0,2,0,3,15,89,233,5,CSE,1
9.37,0,1,3,2,68,63,296,3,ECE,1
6.03,3,5,0,0,92,38,14,8,ECE,1
9.79,5,6,7,0,74,78,144,3,IT,1
6.45,5,5,0,3,81,53,424,8,IT,1
6.91,3,2,7,2,81,84,469,4,ECE,1
7.35,6,6,2,3,0,72,425,8,CSE,1
7.3,1,4,5,2,69,0,400,7,ECE,1
6.24,2,7,2,3,74,29,430,2,IT,1
9.05,0,2,6,3,24,58,460,7,IT,1
8.96,2,1,8,3,40,99,56,4,IT,1
9.2,2,7,1,2,99,17,229,6,CSE,1
6.33,5,1,6,0,11,48,466,3,CSE,1
7.28,4,1,0,2,79,61,264,5,MECH,1
7.8,6,6,7,2,16,91,376,1,CIVIL,1
9.18,1,4,1,2,90,58,126,1,MECH,1
9.98,6,1,5,2,84,34,115,2,CSE,1
6.65,1,10,4,3,80,3,36,4,CSE,1
7.3,0,7,5,0,89,73,217,3,ECE,1
6.01,5,7,0,1,93,59,323,5,IT,1
7.99,3,7,3,3,96,61,167,5,ECE,1
7.16,6,3,6,0,37,31,89,1,CSE,1
8.14,2,2,2,2,86,44,392,6,ECE,1
8.02,3,4,5,2,78,69,377,4,ECE,1
9.5,2,6,2,1,42,43,163,1,MECH,1
7.33,1,4,6,2,67,71,253,3,CSE,1
6.71,2,5,0,0,26,14,130,7,ECE,1
9.19,0,6,3,3,1,58,95,6,IT,1
6.82,1,6,3,2,20,6,205,2,ECE,1
9.23,2,0,0,1,73,43,468,6,CIVIL,1
7.04,0,2,2,1,65,89,471,2,MECH,1
9.04,5,1,0,3,97,16,479,8,MECH,1
8.7,6,10,2,3,11,39,85,4,ECE,1
7.2,3,4,7,1,90,84,182,8,CSE,1
6.13,6,5,4,1,93,68,19,1,ECE,1
7.99,1,5,4,1,63,91,284,4,MECH,1
9.84,5,10,6,1,9,5,355,4,CIVIL,1
7.9,2,5,7,2,31,32,178,8,ECE,1
7.85,6,0,5,3,24,18,241,8,ECE,1
8.95,0,10,8,0,83,73,283,8,CSE,1
6.25,6,3,5,2,12,20,18,3,CIVIL,1
8.08,6,0,2,0,79,15,485,4,CIVIL,1
9.24,6,5,7,2,70,42,306,3,CIVIL,1
5.78,5,8,3,2,77,73,99,2,IT,1
5.78,6,1,8,1,82,44,47,1,MECH,1
9.47,0,6,8,0,21,42,214,2,ECE,1
8.26,3,10,7,0,40,53,253,5,MECH,1
9.85,6,8,8,3,43,20,90,7,ECE,1
6.38,2,9,1,0,45,99,499,8,ECE,1
7.84,2,6,7,3,34,90,315,3,IT,1
6.66,5,4,8,1,97,33,156,8,ECE,1
6.15,6,7,4,2,90,96,101,8,CIVIL,1
7.71,2,4,1,3,70,88,298,2,MECH,1
8.53,1,3,4,1,30,68,174,7,CSE,1
6.81,0,6,8,2,59,78,445,8,CIVIL,1
6.83,3,10,4,2,3,16,10,4,MECH,1
8.67,3,5,5,1,33,30,17,5,IT,1
5.64,3,6,3,3,38,45,51,1,CIVIL,1
5.64,4,8,6,1,44,64,183,6,IT,1
5.96,5,1,2,1,10,50,281,4,IT,1
6.69,3,3,0,1,29,7,461,5,MECH,1
5.76,3,2,2,2,60,1,292,4,IT,1
6.34,6,7,2,3,4,20,82,3,IT,1
8.2,5,0,3,3,70,88,100,2,ECE,1
6.16,0,4,3,2,39,58,410,6,IT,1
8.58,2,8,7,3,71,86,434,8,IT,1
6.02,2,0,0,3,44,5,437,7,CIVIL,1
9.3,2,10,8,1,21,53,294,5,CSE,1
6.38,0,5,8,1,54,26,397,4,MECH,1
6.84,0,1,5,2,8,100,219,4,CSE,1
5.87,3,4,2,2,34,7,277,3,CSE,1
6.42,1,0,7,1,35,34,263,2,IT,1
6.01,5,0,3,2,34,12,69,1,CIVIL,1
6.94,2,3,7,1,13,44,228,7,MECH,1
8.45,0,6,0,2,29,33,415,2,CIVIL,1
8.84,5,6,0,0,17,17,152,6,MECH,1
8.93,0,10,1,0,97,25,159,3,CIVIL,1
8.19,5,0,3,0,19,49,3,4,CIVIL,1
8.88,2,8,6,0,22,1,279,8,ECE,1
7.64,5,9,2,3,26,28,35,2,MECH,1
6.5,3,1,5,3,52,8,56,3,MECH,1
7.66,5,5,1,2,54,15,497,5,ECE,1
6.62,2,0,8,0,5,7,365,5,ECE,0
9.34,4,0,8,2,27,88,153,1,ECE,1
9.37,4,8,7,0,5,73,78,2,MECH,1
8.86,1,10,2,2,62,18,222,6,IT,1
9.47,4,6,1,1,87,87,136,4,ECE,1
8.87,4,8,6,1,57,65,394,2,MECH,1
8.02,3,7,0,1,100,66,276,8,MECH,1
8.46,2,4,1,1,53,31,32,7,CSE,1
8.27,2,0,0,2,3,8,210,7,IT,1
7.45,5,9,3,0,13,92,245,2,CIVIL,1
6.84,6,3,3,2,79,11,119,5,CSE,1
6.35,3,2,2,0,46,6,438,1,MECH,1
6.28,6,6,8,1,48,13,408,6,ECE,1
7.82,5,7,7,2,23,17,296,6,CIVIL,1
9.21,6,3,1,1,84,98,434,5,CIVIL,1
6.77,1,3,4,0,47,48,291,3,ECE,1
5.86,5,2,7,3,46,36,204,4,CSE,1
6.4,6,7,7,2,37,17,296,6,IT,1
6.07,5,1,4,1,88,83,125,2,ECE,1
6.95,4,2,4,0,31,4,87,2,CIVIL,1
7.56,0,9,2,1,16,56,420,7,MECH,1
8.72,5,10,6,2,14,14,173,5,CIVIL,1
6.6,5,5,8,3,16,32,15,2,CIVIL,1
7.91,0,8,4,1,27,56,420,3,IT,1
8.27,1,4,6,0,0,47,275,5,IT,1
5.94,5,8,0,2,33,94,325,8,MECH,1
6.28,5,8,2,1,61,54,278,2,CSE,1
8.25,0,1,0,3,37,67,469,4,CIVIL,1
5.73,2,8,7,3,32,99,265,3,MECH,1
8.55,0,6,3,1,94,74,109,4,ECE,1
8.76,1,7,8,2,74,31,71,7,CSE,1
9.45,1,10,7,0,57,52,401,7,CIVIL,1
7.76,1,4,8,3,85,99,473,7,MECH,1
9.41,4,10,8,2,43,97,375,8,MECH,1
9.46,6,3,2,3,7,77,85,7,IT,1
8.34,5,7,3,2,17,2,468,7,CIVIL,1
6.0,3,1,4,1,99,48,123,5,MECH,1
5.9,4,0,7,2,79,38,421,7,MECH,1
9.01,0,3,8,1,10,96,402,2,MECH,1
6.57,1,2,8,0,24,40,189,4,IT,1
6.63,2,4,0,3,93,63,178,5,MECH,1
8.17,5,9,7,3,19,99,117,7,CIVIL,1
9.0,1,0,3,3,20,56,273,6,IT,1
6.96,3,0,0,2,10,72,391,2,ECE,1
7.3,1,4,0,0,18,75,420,6,MECH,1
7.44,2,6,4,0,83,81,153,4,IT,1
8.61,5,3,5,0,81,16,366,1,MECH,1
6.0,3,10,4,1,82,15,442,3,ECE,1
8.67,1,0,8,1,22,24,61,6,MECH,1
8.99,1,3,3,0,31,45,183,6,CIVIL,1
8.3,3,8,7,2,100,57,313,4,ECE,1
8.67,6,3,0,3,27,56,113,5,ECE,1
9.94,3,4,8,3,11,19,156,3,CSE,1
8.45,0,9,6,3,49,68,83,7,CIVIL,1
8.67,2,10,1,2,44,82,120,3,IT,1
6.2,3,5,7,3,97,56,230,8,CSE,1
6.79,3,3,6,0,87,7,61,8,ECE,1
9.7,3,7,1,3,15,43,90,4,ECE,1
6.28,3,3,2,1,33,89,47,6,MECH,1
8.73,2,7,7,0,63,69,15,1,CSE,1
7.2,6,7,7,2,38,51,379,2,MECH,1
6.4,0,8,7,2,87,27,180,1,MECH,0
9.8,4,0,1,1,81,41,416,7,IT,1
6.33,2,1,6,1,43,28,99,4,CIVIL,1
8.14,1,5,8,0,24,39,272,8,MECH,1
9.86,4,3,2,2,36,61,275,7,MECH,1
5.98,2,9,3,0,67,53,335,5,CSE,1
9.92,2,3,3,1,31,83,493,4,MECH,1
9.37,2,5,8,2,48,48,385,2,CIVIL,1
6.9,4,6,3,2,3,23,33,5,CIVIL,1
7.81,3,5,5,3,0,17,346,7,CIVIL,1
6.14,3,1,2,2,86,54,437,1,ECE,1
9.03,1,6,3,2,77,77,234,5,IT,1
9.58,6,0,5,2,83,39,188,8,ECE,1
6.57,4,7,0,0,54,73,73,3,ECE,1
8.28,5,1,2,2,54,59,17,5,CIVIL,1
9.51,2,9,5,1,89,13,221,2,CSE,1
5.84,3,3,2,2,61,2,319,4,CIVIL,1
5.88,1,0,7,0,30,56,325,3,ECE,1
5.56,4,1,0,0,100,99,25,7,CSE,1
9.21,4,7,6,1,66,76,121,1,CIVIL,1
7.94,4,9,7,3,57,51,453,4,IT,1
7.41,3,10,4,1,90,48,458,7,CSE,1
8.35,0,2,2,2,63,36,213,8,MECH,1
8.08,0,7,0,2,50,16,346,8,ECE,1
5.89,2,9,0,1,50,89,99,2,IT,1
8.09,6,1,4,2,35,85,468,1,CSE,1
7.76,0,6,8,0,59,13,36,8,IT,1
9.98,2,6,4,1,80,44,461,7,ECE,1
6.83,6,7,8,0,84,11,42,2,ECE,1
5.63,0,7,8,2,42,3,102,4,IT,1
7.3,1,3,3,1,93,52,392,2,IT,1
6.33,0,6,8,0,87,52,408,8,ECE,1
7.91,3,2,3,3,11,34,120,3,CIVIL,1
9.91,5,1,4,2,45,41,298,7,CSE,1
6.32,0,0,6,1,80,3,240,7,IT,1
9.33,6,9,6,1,35,1,209,3,CIVIL,1
6.88,3,4,2,1,72,1,486,2,CIVIL,1
5.73,3,1,5,0,42,86,363,2,CSE,1
7.47,0,2,0,3,16,91,193,5,ECE,0
7.11,4,6,0,0,93,77,474,2,ECE,1
9.93,4,9,5,0,35,4,281,4,CSE,1
9.61,5,6,4,1,0,80,365,3,CSE,1
6.44,3,9,8,2,5,72,471,1,CSE,1
5.62,1,0,0,2,64,68,258,3,ECE,1
5.97,5,1,1,0,34,2,105,2,IT,1
6.88,4,0,4,0,12,24,27,6,ECE,1
8.61,2,2,2,3,17,29,17,4,MECH,1
9.15,5,7,0,3,17,29,271,4,ECE,1
9.98,4,5,1,1,94,99,243,5,CSE,1
8.91,0,4,2,1,22,33,114,4,ECE,1
6.06,1,10,0,0,77,41,35,2,MECH,1
7.22,1,4,2,2,70,9,133,4,CIVIL,1
8.15,3,5,4,3,51,68,392,7,MECH,1
8.59,3,0,1,1,26,48,470,7,ECE,1
9.0,2,10,5,2,87,32,19,1,IT,1
8.22,6,10,5,1,10,54,421,1,CSE,1
7.37,5,0,6,3,20,64,26,8,IT,1
5.77,5,5,7,0,8,8,442,1,IT,1
8.63,1,7,4,1,85,75,426,3,CIVIL,1
9.34,6,6,6,0,93,84,339,4,ECE,1
7.13,0,3,0,0,43,32,411,6,MECH,1
6.59,5,2,6,0,69,25,158,6,CIVIL,1
8.08,1,1,7,2,75,44,135,5,CIVIL,1
5.66,4,9,5,1,63,52,36,1,ECE,1
9.26,5,10,5,1,12,51,51,2,IT,1
5.54,2,0,0,3,72,33,348,5,MECH,1
6.11,1,8,3,3,45,58,423,6,CSE,1
5.61,4,9,5,2,66,45,286,2,CIVIL,1
9.54,6,4,7,1,23,83,189,7,CSE,1
8.55,1,5,0,3,6,35,94,2,MECH,1
8.73,0,8,6,0,83,63,448,2,IT,1
7.66,4,3,3,0,49,62,399,2,CSE,1
5.61,1,6,4,3,18,48,148,1,ECE,1
7.96,0,5,1,0,87,100,206,6,IT,1
9.96,3,4,8,0,24,63,242,6,CSE,0
9.34,6,4,4,1,48,42,476,4,ECE,1
5.86,2,1,7,3,8,71,84,6,CIVIL,1
6.96,5,0,6,3,94,14,273,8,ECE,1
9.62,3,0,2,2,88,87,375,5,CSE,1
8.58,6,2,6,0,94,8,94,1,CIVIL,1
7.86,0,10,1,3,48,90,459,3,MECH,1
5.93,4,6,2,2,53,71,245,2,ECE,1
5.85,1,9,2,2,23,40,327,7,IT,1
8.18,5,4,2,0,55,87,475,5,CIVIL,1
8.16,4,10,2,0,73,50,218,5,CSE,1
8.02,3,0,5,3,8,61,425,2,CSE,1
8.79,2,0,0,1,82,10,337,3,MECH,1
6.61,0,4,1,0,90,87,443,1,MECH,1
10.0,0,2,5,1,32,37,81,2,IT,1
7.31,0,4,1,2,8,43,204,8,CSE,1
7.82,5,3,8,0,59,2,219,3,ECE,1
9.29,2,0,7,2,82,94,78,2,IT,1
6.58,1,9,7,2,75,39,19,7,IT,1
9.37,6,2,6,0,52,98,248,6,MECH,1
8.16,2,10,3,2,3,37,399,3,CSE,1
6.17,1,5,2,1,30,1,140,5,CIVIL,1
9.31,6,4,1,1,41,68,198,3,CSE,1
8.34,5,1,3,1,48,21,104,8,CIVIL,1
9.71,0,5,4,3,74,72,170,2,IT,1
8.45,2,9,5,2,5,25,380,6,CIVIL,1
6.28,6,1,2,0,76,33,105,7,CSE,1
6.06,4,3,4,3,75,61,272,1,CSE,1
5.83,1,7,2,2,63,36,139,6,CIVIL,1
7.54,4,8,8,3,4,76,252,8,IT,1
9.58,2,3,8,0,24,6,20,5,ECE,1
7.5,5,2,2,0,12,63,172,2,ECE,1
6.1,2,1,7,3,33,70,6,6,CSE,1
6.57,3,9,0,3,17,45,37,6,MECH,1
6.95,4,3,6,1,86,26,218,5,CSE,1
8.52,6,4,3,1,33,80,379,2,IT,1
9.38,5,10,2,1,31,12,137,1,IT,1
5.85,2,6,1,2,95,44,346,6,ECE,1
5.72,2,10,3,3,12,41,257,1,MECH,1
7.04,0,9,4,3,77,63,331,7,ECE,1
7.62,2,0,5,3,62,28,290,1,IT,1
7.96,4,9,6,0,39,56,95,4,CIVIL,1
6.32,3,1,4,0,46,2,217,4,MECH,1
9.19,3,0,3,0,62,30,369,2,ECE,1
7.89,1,0,7,2,48,76,267,5,IT,1
9.44,3,5,6,3,97,13,239,4,CSE,1
5.6,1,8,5,0,13,72,238,1,CSE,1
6.52,5,0,8,2,90,69,345,3,CSE,1
8.52,2,6,6,1,90,4,36,8,MECH,1
9.95,6,9,8,0,11,53,1,8,MECH,1
7.9,0,10,6,2,91,90,342,8,IT,1
8.56,5,10,5,2,63,44,6,1,ECE,1
6.3,5,0,1,3,28,5,386,6,CSE,1
8.68,0,5,0,1,92,46,154,8,CIVIL,1
8.04,2,4,7,1,47,83,461,6,CIVIL,1
7.77,2,5,8,0,90,14,64,3,CSE,0
8.47,5,6,7,1,3,14,482,7,CSE,1
6.91,5,5,5,2,16,31,308,4,MECH,1
6.56,6,3,5,0,94,23,446,8,ECE,1
6.6,5,7,6,0,94,24,227,5,IT,1
9.87,1,2,1,1,41,92,33,4,CIVIL,1
7.6,4,3,1,1,16,27,298,5,MECH,1
7.05,0,3,3,1,100,24,460,7,MECH,1
9.85,6,3,3,1,53,99,82,5,IT,1
7.36,4,2,8,1,10,95,213,2,MECH,1
7.23,5,0,4,3,38,76,232,2,CSE,1
6.84,3,3,1,2,87,49,328,6,CIVIL,1
8.6,6,7,8,1,28,0,91,6,IT,1
6.71,4,8,8,1,65,56,78,7,MECH,1
7.38,3,4,4,1,41,44,39,7,CSE,1
7.43,6,4,0,2,96,96,43,6,CIVIL,1
8.72,4,1,3,2,83,45,284,2,MECH,1
8.66,5,2,5,1,14,6,106,7,CSE,1
9.73,5,2,8,1,42,34,419,7,CIVIL,1
6.74,2,6,2,0,52,54,261,4,IT,1
8.0,5,10,0,2,25,64,51,8,CIVIL,1
6.54,4,8,0,3,53,83,349,8,CIVIL,1
6.37,4,7,0,3,92,94,384,6,ECE,1
9.03,0,7,4,2,10,70,220,1,MECH,1
7.54,6,1,5,3,66,39,430,4,CSE,1
9.96,6,4,2,2,42,89,460,6,CIVIL,1
6.43,1,0,2,2,36,93,99,1,MECH,1
8.52,3,0,5,2,94,91,383,4,MECH,1
7.11,2,6,4,0,51,19,212,6,CIVIL,1
7.44,6,2,0,1,57,73,187,4,CSE,1
8.32,2,5,4,0,4,41,456,1,ECE,1
8.34,0,4,4,2,66,40,343,4,CIVIL,1
9.15,2,2,6,3,81,56,325,4,ECE,1
5.61,1,4,5,3,16,80,55,8,IT,1
6.75,5,3,3,2,14,54,155,7,CSE,1
6.04,6,7,1,3,14,68,150,3,CSE,1
8.9,6,0,5,0,33,3,234,2,MECH,1
7.84,6,7,4,3,55,39,149,2,MECH,1
9.65,3,7,6,3,70,57,235,8,CIVIL,1
7.17,5,4,7,1,92,54,456,6,CSE,1
7.71,6,5,2,0,41,76,50,1,ECE,1
7.99,6,9,3,3,65,0,231,2,CSE,1
5.93,0,3,4,0,2,96,469,8,MECH,1
7.69,3,3,6,0,46,46,422,2,ECE,1
6.32,1,10,5,0,83,37,437,2,CIVIL,1
9.52,1,3,3,0,65,33,110,8,ECE,1
8.58,4,8,4,1,41,9,447,8,ECE,1
9.42,4,9,1,1,70,55,19,2,MECH,1
6.61,3,1,6,2,15,76,1,2,CSE,1
9.56,3,0,7,1,55,58,495,8,CIVIL,1
8.31,1,6,4,2,63,69,31,2,CSE,1
8.57,5,1,5,3,15,93,343,3,ECE,1
7.2,2,1,2,2,59,86,482,4,MECH,1
7.84,4,1,0,0,8,66,405,5,MECH,1
7.56,6,4,2,0,49,72,150,8,MECH,1
9.01,0,1,4,2,16,38,456,7,ECE,1
5.51,2,3,0,3,34,58,105,1,CSE,1
7.19,5,6,3,1,88,61,436,8,CIVIL,1
8.42,3,0,1,0,71,20,110,8,IT,1
6.79,0,2,7,0,50,33,7,3,IT,0
8.33,2,10,8,1,4,29,47,1,CSE,1
8.23,3,3,3,1,20,85,375,8,CIVIL,1
8.43,0,10,0,3,37,81,269,7,IT,1
9.6,5,4,8,0,49,78,252,2,CIVIL,1
6.65,4,4,2,2,43,5,188,7,CIVIL,1
9.67,6,2,8,2,17,88,138,5,CSE,1
8.66,4,7,3,0,61,4,208,4,CSE,1
5.52,0,2,4,2,93,96,169,7,ECE,1
7.33,0,1,8,2,96,55,317,1,ECE,1
8.62,1,6,8,0,6,71,420,4,MECH,1
7.4,0,4,0,0,35,9,337,8,CIVIL,1
7.35,2,10,2,3,8,3,443,4,ECE,1
8.32,3,3,8,3,84,63,190,7,MECH,1
8.77,2,2,2,2,18,24,62,7,MECH,1
7.68,4,2,0,3,44,82,111,5,CSE,1
8.27,4,5,2,2,85,3,397,4,ECE,1
6.64,4,0,6,1,0,49,411,8,ECE,1
8.12,1,1,6,2,65,44,49,2,CIVIL,1
5.92,4,9,8,1,68,33,36,3,IT,1
7.66,3,1,4,2,69,13,52,2,CIVIL,1
5.96,2,8,4,3,32,38,380,2,CIVIL,1
9.04,5,1,5,1,62,16,247,3,CSE,1
8.32,1,1,5,3,53,14,382,1,CIVIL,1
9.14,2,0,8,1,22,84,9,1,CSE,1
5.55,5,6,1,0,64,77,403,6,CIVIL,1
7.88,6,2,3,1,37,31,261,3,ECE,1
8.33,6,0,8,1,70,25,281,5,CSE,1
6.07,4,5,2,1,55,2,417,7,IT,1
8.34,3,1,8,0,21,16,468,6,CSE,1
5.71,5,0,3,3,100,86,481,1,CIVIL,1
8.47,2,8,0,1,96,30,233,5,MECH,1
9.89,4,2,5,2,92,83,410,1,ECE,1
8.41,6,4,4,0,88,65,336,6,CIVIL,1
6.63,5,3,6,1,33,3,284,5,ECE,1
8.23,0,5,7,3,46,3,13,7,CIVIL,1
6.29,3,6,8,1,72,74,332,3,ECE,1
8.47,1,4,6,2,47,9,233,1,ECE,1
7.39,2,1,7,1,61,86,287,7,IT,1
6.87,4,1,6,3,4,39,35,3,CSE,1
8.86,6,2,5,0,50,10,144,4,IT,1
7.11,6,8,0,1,39,64,296,8,ECE,1
8.87,5,5,7,0,21,92,37,7,MECH,1
7.5,3,2,0,2,73,6,448,6,MECH,1
8.8,2,1,8,0,34,35,157,2,CIVIL,1
9.21,1,3,6,3,7,47,385,5,CSE,1
8.16,5,6,2,2,14,49,272,7,IT,1
9.13,6,4,0,1,8,57,172,4,MECH,1
6.03,6,8,7,0,35,53,239,8,IT,1
9.5,1,0,2,1,10,74,152,4,IT,1
6.42,5,1,6,1,40,90,151,7,ECE,1
8.12,4,3,1,0,50,57,442,5,CIVIL,1
8.79,6,7,7,2,57,61,147,4,ECE,1
8.95,1,6,0,0,74,57,71,1,CIVIL,1
6.44,1,4,2,1,27,24,102,1,CIVIL,1
6.28,4,9,1,0,88,82,191,3,CIVIL,1
6.0,4,5,5,0,92,21,161,2,IT,1
9.29,1,10,5,0,64,41,159,2,ECE,1
7.48,1,1,3,2,8,39,396,1,CSE,1
5.88,3,4,2,0,86,87,74,8,CSE,1
7.58,0,0,2,0,10,70,430,3,CIVIL,1
8.89,3,5,1,0,92,20,346,3,MECH,1
9.02,2,6,1,3,72,91,494,3,CIVIL,1
9.69,4,9,7,0,7,88,313,2,CSE,1
6.32,6,3,0,2,57,30,384,7,ECE,1
8.14,2,7,8,2,46,50,68,7,ECE,1
7.77,1,10,3,0,11,31,1,3,MECH,0
7.53,0,8,8,3,5,74,294,4,CSE,1
9.09,2,4,6,0,43,58,318,4,CIVIL,1
8.07,4,2,7,3,16,33,382,7,IT,1
9.68,6,2,4,0,4,62,219,3,CSE,1
8.35,3,1,4,0,26,95,462,6,CSE,1
5.99,0,1,0,3,40,60,420,4,IT,1
6.07,4,9,1,2,60,85,17,4,CSE,1
5.81,4,0,1,0,13,100,481,8,CIVIL,1
9.33,3,2,2,1,38,85,28,6,ECE,1
9.29,1,1,4,1,47,57,0,7,CSE,1
9.71,2,0,2,0,99,60,282,2,CIVIL,1
9.21,1,5,6,0,24,54,403,6,CIVIL,1
8.09,0,5,0,2,35,4,220,4,IT,1
6.58,4,5,7,0,21,82,86,8,ECE,1
6.91,6,7,5,1,79,75,439,4,IT,1
8.34,0,0,3,2,92,42,7,2,MECH,1
6.1,5,4,0,0,89,29,194,8,ECE,1
8.71,6,0,3,3,58,14,193,8,CIVIL,1
9.65,0,6,3,3,15,99,339,7,MECH,1
9.14,6,8,8,3,39,34,192,7,CIVIL,1
9.23,3,9,1,2,74,64,214,8,IT,1
6.13,6,6,6,1,6,83,490,8,MECH,1
7.45,3,9,3,1,25,93,308,7,ECE,1
8.4,2,2,6,3,26,46,190,4,ECE,1
8.17,0,8,1,2,76,33,4,1,ECE,1
7.51,2,2,7,3,4,13,392,5,MECH,1
5.55,4,6,8,3,63,8,494,4,MECH,1
7.95,2,10,0,3,91,63,433,6,CIVIL,1
7.77,0,10,8,2,74,75,24,5,IT,1
5.66,1,5,1,3,29,80,66,6,CSE,1
9.07,1,10,5,2,37,42,269,5,IT,1
9.08,4,4,3,1,82,67,473,6,CIVIL,1
6.8,2,4,6,2,13,91,25,5,MECH,1
8.93,6,0,2,3,21,20,438,8,CIVIL,1
8.53,0,3,0,2,23,79,363,2,ECE,1
6.9,2,2,8,2,85,91,416,5,CIVIL,1
7.43,3,3,2,0,32,7,209,1,CIVIL,0
6.03,3,1,6,3,21,87,278,3,CIVIL,1
6.95,0,8,8,0,18,47,465,1,IT,1
6.59,3,3,4,1,57,28,383,7,IT,1
8.36,3,3,1,2,31,42,333,3,ECE,1
7.56,6,8,3,0,65,70,216,1,CSE,1
5.52,5,6,1,0,74,8,253,1,MECH,1
7.18,0,1,5,2,15,90,203,2,ECE,1
9.18,3,4,6,1,37,2,61,5,CIVIL,1
5.87,4,8,5,0,60,11,497,5,IT,1
9.2,2,4,8,3,10,40,468,5,ECE,1
7.15,5,5,2,1,7,91,154,3,ECE,1
9.06,6,6,6,1,74,26,38,4,CSE,1
8.76,4,9,2,0,9,4,361,8,ECE,1
5.59,5,8,8,3,24,54,293,1,IT,1
8.18,1,2,3,1,21,58,151,6,ECE,1
7.7,5,1,6,1,13,59,500,3,ECE,1
6.71,4,9,2,1,15,47,360,8,CIVIL,1
7.46,6,6,8,2,59,36,367,1,CIVIL,1
8.35,3,7,2,0,0,7,414,3,CSE,1
7.47,3,10,1,3,100,14,408,2,IT,1
8.33,2,0,1,0,22,37,261,1,IT,1
6.1,6,8,4,1,93,99,166,6,CSE,1
9.64,5,9,4,2,94,40,452,4,CIVIL,1
8.39,1,10,1,3,92,32,308,4,IT,1
9.77,5,3,2,2,22,65,296,7,CIVIL,1
5.83,2,8,7,2,92,14,448,7,IT,1
6.03,2,3,1,1,45,66,248,4,CIVIL,1
7.15,5,8,8,3,71,65,445,2,MECH,1
8.83,1,0,0,2,74,52,244,4,CSE,1
8.83,3,1,7,1,2,8,413,2,IT,1
7.6,5,8,6,2,11,77,122,6,IT,1
8.54,6,2,4,0,76,28,452,4,IT,1
7.33,2,1,5,0,60,8,174,5,MECH,1
7.92,0,6,2,2,82,42,224,6,CSE,0
6.5,1,7,3,2,64,3,95,7,IT,1
6.69,6,0,3,1,14,31,18,4,CIVIL,1
6.81,3,8,6,2,64,30,466,4,CIVIL,1
5.95,4,7,7,1,61,77,133,4,CSE,1
7.63,5,10,6,0,83,7,399,1,CIVIL,1
9.92,2,1,5,3,64,23,151,8,IT,1
9.8,1,3,7,3,81,82,124,4,IT,1
8.34,1,8,8,1,76,82,488,5,IT,1
8.45,6,2,7,2,16,54,192,6,IT,1
9.65,0,3,6,0,46,66,111,7,IT,1
7.34,4,6,6,0,65,88,454,8,ECE,1
6.59,6,6,1,0,52,80,377,2,CIVIL,1
9.08,1,7,7,3,7,38,476,4,IT,1
8.68,6,5,4,0,56,9,327,4,CIVIL,1
6.16,6,1,8,1,44,5,181,1,CSE,1
7.45,2,7,4,0,14,65,225,1,MECH,1
8.95,1,10,4,3,28,81,278,7,CSE,1
6.53,0,2,7,2,63,31,455,4,CSE,1
9.02,1,3,4,0,1,95,30,4,MECH,1
8.01,1,1,5,1,86,2,104,2,CIVIL,1
7.54,5,10,7,3,61,94,47,8,CSE,1
9.69,1,5,3,2,5,15,277,8,CIVIL,1
6.96,2,8,3,3,61,91,235,2,CIVIL,1
9.61,5,4,1,1,35,45,410,4,IT,1
5.72,4,4,3,0,60,51,15,6,ECE,1
7.24,0,4,4,3,51,53,156,3,MECH,1
8.75,5,10,2,3,88,78,215,6,CIVIL,1
9.06,3,8,5,1,12,83,50,8,MECH,1
7.23,1,2,7,3,22,40,298,1,ECE,1
8.79,6,10,0,0,28,86,219,6,ECE,1
7.35,4,1,3,1,30,20,154,3,ECE,1
6.82,0,3,4,2,38,9,40,1,IT,1
9.07,1,2,8,2,19,88,398,6,CIVIL,1
8.47,5,6,1,3,67,45,268,2,IT,1
9.05,2,3,7,3,79,95,238,8,MECH,1
9.2,4,5,6,1,34,71,262,5,IT,1
7.34,6,7,1,3,66,100,28,6,IT,1
8.6,6,5,1,3,48,6,45,5,CIVIL,1
9.6,5,5,3,2,44,56,118,1,IT,1
5.65,3,9,2,2,73,88,488,8,ECE,1
9.0,4,0,5,0,66,82,2,3,CSE,1
5.58,3,10,4,1,23,96,61,8,MECH,1
9.94,6,8,4,1,89,61,410,1,ECE,1
8.39,2,7,6,2,35,67,178,2,CSE,1
9.22,0,2,3,1,39,43,72,3,CIVIL,1
9.02,4,1,3,0,10,19,234,6,ECE,1
9.9,5,5,3,3,6,2,82,1,ECE,1
9.11,6,6,6,1,93,6,364,1,CSE,1
8.18,2,7,4,1,92,64,192,1,ECE,1
8.55,5,10,3,3,33,51,235,5,MECH,1
8.26,6,1,7,3,51,85,67,2,CSE,1
9.46,2,10,8,1,94,43,120,1,IT,1
7.23,4,1,6,2,61,87,236,4,CIVIL,1
8.09,1,2,4,3,23,21,35,6,MECH,1
9.83,1,4,2,2,58,53,93,8,ECE,1
7.16,0,0,4,0,95,86,259,2,CIVIL,1
8.02,6,1,3,1,30,96,16,1,ECE,1
6.72,4,8,7,3,96,52,473,4,CSE,1
8.02,6,10,4,0,55,95,328,8,CIVIL,1
8.68,2,10,5,0,49,44,283,8,CIVIL,1
9.48,1,0,5,2,44,49,364,4,MECH,1
7.87,0,4,6,0,74,33,324,4,IT,1
8.85,1,9,8,2,73,6,418,4,ECE,1
9.74,6,6,6,0,51,26,340,2,ECE,1
8.04,1,9,7,0,15,18,330,6,IT,1
8.55,6,9,6,3,49,100,158,1,MECH,1
7.59,3,4,2,2,22,61,5,2,CIVIL,1
7.42,6,2,3,3,7,66,280,1,CSE,1
6.84,6,2,1,1,44,51,439,1,MECH,1
6.78,6,10,3,3,50,77,45,6,MECH,1
8.72,3,10,5,0,12,57,352,5,MECH,1
9.29,0,9,1,0,29,90,407,5,CIVIL,1
7.82,6,0,8,0,14,60,336,8,CIVIL,1
6.82,1,3,8,2,22,75,83,3,CSE,1
9.03,0,4,7,1,42,37,222,7,IT,1
9.72,4,8,8,1,83,37,201,2,ECE,1
9.47,2,9,4,1,83,32,157,3,IT,1
7.79,3,9,1,1,84,2,110,4,IT,1
5.63,5,1,4,1,85,41,0,3,CSE,1
6.37,3,7,4,0,1,33,117,5,IT,1
6.66,0,8,2,3,74,97,374,3,IT,1
6.84,0,3,5,0,72,53,98,7,MECH,1
8.0,3,9,5,3,15,8,125,1,CSE,1
8.84,6,3,6,2,31,28,136,6,CSE,1
6.71,1,10,3,1,59,0,53,4,IT,1
8.38,3,7,8,3,33,34,395,6,ECE,1
7.9,4,3,4,0,31,24,243,4,CSE,1
7.22,0,3,7,0,89,76,261,5,ECE,1
9.41,5,0,5,2,74,49,157,5,CIVIL,1
9.36,5,0,8,0,79,21,206,3,CSE,1
7.68,2,1,5,3,68,19,78,7,ECE,1
7.28,5,5,8,2,33,35,371,2,ECE,1
5.62,4,8,6,2,54,84,359,1,CIVIL,1
7.56,6,8,4,3,17,83,482,6,CIVIL,1
5.55,2,9,0,3,0,90,365,4,CIVIL,1
7.49,6,3,8,3,90,29,324,4,CIVIL,1
5.92,4,9,7,0,36,70,143,6,MECH,1
9.7,3,9,0,0,91,17,84,3,MECH,1
9.07,6,7,7,3,54,85,486,3,MECH,1
9.35,5,10,0,3,98,38,25,8,IT,1
9.91,5,7,5,1,35,55,471,2,ECE,1
7.26,0,3,2,2,74,85,438,2,CSE,1
9.58,6,6,5,2,40,13,488,1,CIVIL,1
8.0,1,7,7,2,19,38,380,1,CIVIL,1
9.31,2,6,4,2,34,76,113,3,IT,1
9.58,3,1,6,3,73,89,61,4,ECE,1
5.63,2,3,1,1,66,73,339,3,CIVIL,1
7.53,1,7,3,2,52,37,59,6,IT,1
5.94,5,4,6,3,51,25,103,4,MECH,1
8.88,1,6,4,1,42,76,268,6,CSE,1
7.89,0,6,2,0,66,86,248,4,MECH,0
9.54,6,1,4,2,71,73,494,7,CIVIL,1
8.86,6,7,7,1,54,90,164,8,MECH,1
9.8,3,8,4,0,18,98,459,5,MECH,1
6.66,5,7,4,2,6,23,82,2,IT,1
7.21,1,9,6,0,27,3,334,2,IT,1
9.62,3,2,4,1,32,84,154,5,CIVIL,1
9.53,1,8,8,3,3,36,376,5,ECE,1
6.51,5,9,1,1,52,68,333,2,CSE,1
8.89,1,2,3,1,71,100,365,8,MECH,1
6.53,2,5,6,2,33,7,31,5,ECE,1
6.4,3,9,3,2,35,39,247,3,CIVIL,1
5.69,0,6,7,1,60,22,206,2,MECH,1
6.18,4,1,6,1,65,71,293,1,MECH,1
5.85,4,6,4,3,78,16,239,6,ECE,1
8.52,0,5,4,1,89,49,124,7,ECE,1
6.0,4,2,3,0,90,98,252,8,CSE,1
7.56,1,4,7,0,6,2,117,7,CSE,1
7.64,0,8,4,1,4,72,418,3,CSE,1
9.15,3,10,8,0,83,29,362,3,MECH,1
9.74,2,5,1,1,35,83,392,6,IT,1
7.45,5,2,2,1,89,99,488,3,MECH,1
8.74,3,1,7,2,79,61,151,4,CIVIL,1
8.78,0,9,6,2,2,27,284,3,IT,1
8.62,4,3,0,3,12,71,476,2,CIVIL,1
5.89,1,1,2,3,53,14,110,8,IT,1
8.58,6,6,8,2,90,29,327,3,CIVIL,1
9.36,0,9,5,2,33,38,289,4,IT,1
6.28,4,7,2,2,69,61,141,5,CSE,1
9.07,1,4,0,1,82,99,49,1,ECE,1
6.47,1,0,5,0,49,16,221,1,IT,1
9.21,1,1,1,1,74,11,428,4,IT,1
5.55,1,10,7,0,1,82,313,3,CSE,1
7.04,3,8,5,1,70,100,10,7,IT,1
8.0,0,6,5,2,83,17,441,4,CSE,1
7.04,2,3,5,0,59,77,488,6,MECH,1
7.38,5,0,2,3,41,20,368,2,IT,1
8.26,4,5,5,1,48,21,427,7,ECE,1
8.53,5,7,1,2,91,22,226,2,MECH,1
5.88,0,10,3,3,13,37,438,3,MECH,1
7.52,2,7,6,1,14,58,127,5,MECH,1
7.94,4,0,8,1,89,76,270,8,ECE,1
6.23,1,10,1,2,62,10,260,6,ECE,1
9.58,3,2,4,3,45,89,206,1,IT,1
8.23,0,4,3,2,57,95,325,1,IT,1
9.76,3,8,1,2,33,79,342,5,IT,1
7.32,2,2,7,0,49,65,155,1,ECE,1
9.07,2,2,4,1,56,28,34,5,MECH,1
8.04,6,4,4,3,16,74,461,5,ECE,1
8.16,1,0,1,0,13,50,454,7,IT,1
7.02,1,2,2,2,71,66,79,2,ECE,1
8.48,5,0,6,2,29,100,327,6,ECE,1
7.75,6,8,1,3,73,37,486,8,CSE,1
8.56,5,0,8,1,51,23,250,2,MECH,1
9.1,0,9,4,1,13,64,291,8,CIVIL,1
8.54,0,10,4,2,25,98,255,4,MECH,1
6.06,2,0,4,2,41,3,50,5,CSE,1
6.78,6,10,7,3,96,63,132,6,IT,1
7.96,0,5,5,1,62,31,490,6,IT,1
7.13,5,10,4,0,53,86,106,7,CIVIL,1
9.1,5,5,1,2,0,27,130,3,CIVIL,1
6.6,4,5,7,1,78,4,136,8,IT,1
5.58,5,4,5,2,76,70,47,8,ECE,1
7.08,4,5,8,2,31,18,123,8,MECH,1
7.16,1,8,4,1,77,62,455,6,ECE,1
9.95,1,3,5,2,83,97,497,8,IT,1
5.75,1,9,3,3,25,6,220,7,IT,1
6.13,4,2,2,1,8,80,487,7,CIVIL,1
7.06,1,10,1,3,76,19,419,1,ECE,1
5.7,3,4,5,2,52,77,270,2,CSE,1
5.88,5,5,2,1,55,93,268,4,CSE,1
9.11,4,6,0,3,12,95,340,5,MECH,1
7.27,4,8,1,2,96,59,140,5,CSE,1
8.89,1,10,3,1,16,23,483,4,CIVIL,1
6.18,1,4,6,1,76,22,29,6,MECH,1
5.63,0,5,1,3,95,93,454,3,CIVIL,1
9.45,6,4,2,1,16,3,306,1,ECE,1
5.84,3,9,0,3,0,19,368,6,CIVIL,1
8.18,6,1,3,3,22,27,308,7,IT,1
8.09,4,10,2,0,58,29,102,4,ECE,1
7.06,6,1,1,1,13,100,478,8,CIVIL,1
6.07,4,5,0,2,47,5,402,4,MECH,1
7.29,0,8,1,1,81,95,49,1,IT,1
9.73,6,10,2,2,33,51,266,3,MECH,1
7.86,6,10,4,3,48,13,179,4,CSE,1
5.73,2,0,1,1,20,96,357,4,IT,1
8.93,2,8,3,0,13,60,94,8,ECE,1
5.61,3,2,7,0,50,6,134,2,MECH,1
6.78,4,3,8,3,53,1,434,6,CIVIL,1
7.87,4,10,1,3,3,89,381,6,MECH,1
9.58,2,5,5,0,84,48,216,6,MECH,1
6.67,5,1,2,0,92,58,387,2,ECE,1
8.91,6,0,1,1,98,27,205,2,MECH,1
5.88,6,2,4,0,79,20,494,3,CSE,1
7.9,1,4,2,1,99,94,360,7,IT,1
5.75,5,6,6,0,46,62,430,8,IT,1
7.72,6,2,0,1,38,70,495,7,CIVIL,1
7.25,2,8,8,1,60,66,194,2,MECH,1
9.05,0,10,5,0,62,74,446,7,CSE,1
9.63,4,2,7,0,89,14,72,6,MECH,1
8.93,2,4,2,0,2,4,310,5,ECE,1
5.68,1,1,1,1,18,86,321,8,IT,1
8.17,5,7,5,1,38,88,244,2,IT,1
5.79,5,7,2,3,12,26,474,6,MECH,1
9.47,4,7,7,3,48,88,348,6,MECH,1
8.69,5,4,5,1,84,74,248,1,CSE,1
7.45,5,0,2,2,22,75,278,6,IT,1
7.66,1,5,6,3,29,93,281,4,CIVIL,1
6.49,1,1,6,2,75,2,252,2,CIVIL,1
7.23,3,0,8,1,93,22,100,3,CIVIL,1
8.7,3,1,6,0,28,86,116,4,MECH,1
7.64,1,4,6,2,88,84,401,1,CIVIL,1
6.26,4,1,5,3,23,22,293,8,IT,1
7.67,3,2,6,3,52,6,227,5,CSE,1
5.54,3,10,2,1,77,5,140,5,MECH,1
8.17,5,2,7,0,37,72,496,2,CSE,1
6.49,6,3,7,0,73,43,98,3,ECE,1
8.82,3,0,6,1,55,47,448,6,ECE,1
9.15,5,7,2,3,27,33,133,6,CIVIL,1
9.62,3,10,6,3,51,66,91,5,IT,1
6.59,0,10,5,2,40,42,4,3,MECH,1
9.98,2,5,5,0,40,34,306,6,IT,1
7.32,1,6,5,1,72,29,386,5,IT,1
6.35,5,10,2,0,73,5,192,6,MECH,1
8.65,5,0,6,3,5,100,323,8,CSE,1
7.53,6,4,1,3,29,78,457,4,CSE,1
6.1,2,2,7,0,78,39,22,2,MECH,1
6.14,1,4,0,2,89,81,326,1,CSE,1
7.29,5,4,1,3,14,25,413,8,MECH,1
8.1,5,0,1,3,18,36,435,2,ECE,1
6.07,5,0,0,0,41,75,374,8,CSE,1
6.85,4,4,3,0,36,17,390,6,IT,1
9.08,5,3,2,3,50,88,177,7,CIVIL,1
8.05,4,0,4,2,77,96,356,1,ECE,1
7.22,5,4,7,3,22,13,389,3,CIVIL,1
6.59,3,2,1,1,78,81,226,8,ECE,1
8.62,0,3,4,0,91,93,255,5,MECH,1
8.58,5,9,2,2,33,74,69,2,CIVIL,1
6.92,0,5,4,0,72,95,389,8,IT,1
5.74,2,5,7,0,53,2,147,4,IT,1
5.84,0,7,3,2,43,35,180,1,IT,1
6.52,0,2,2,0,59,97,327,3,ECE,1
7.31,6,5,7,1,100,29,207,5,MECH,1
8.31,2,5,2,0,5,55,285,6,CSE,1
9.13,3,0,5,3,62,40,495,8,CSE,1
6.25,1,10,2,0,89,58,449,3,IT,1
9.2,6,4,3,3,28,80,36,1,CIVIL,1
7.64,0,7,5,2,17,76,48,1,MECH,1
9.85,1,6,2,1,84,77,117,6,CSE,1
5.71,2,9,4,2,45,88,402,6,CIVIL,1
9.6,1,0,8,2,36,6,256,4,CIVIL,1
8.66,2,7,4,2,48,37,456,7,IT,1
9.93,1,7,7,2,20,75,264,6,ECE,1
6.82,1,7,7,1,64,66,176,2,MECH,1
9.2,3,0,0,2,81,74,26,1,IT,1
5.72,4,0,2,0,100,29,452,1,ECE,1
8.05,3,1,3,1,98,45,241,3,IT,1
6.53,1,10,5,1,19,60,130,7,ECE,1
7.26,0,8,5,2,4,72,381,7,IT,1
8.27,2,3,8,1,14,76,5,1,MECH,1
8.89,5,1,3,1,86,2,119,8,MECH,1
9.58,4,9,0,1,81,58,124,1,CIVIL,1
7.33,5,9,7,2,6,2,454,5,ECE,1
6.82,4,7,0,0,29,20,169,6,CIVIL,1
6.93,0,1,0,1,48,52,338,1,CSE,1
6.27,5,0,6,3,8,67,281,8,IT,1
9.36,3,0,5,1,44,11,449,8,IT,1
8.16,3,9,5,2,45,40,360,7,CSE,1
8.0,6,4,6,3,65,30,461,8,IT,1
6.35,6,1,5,0,11,100,211,6,MECH,1
9.89,2,0,4,3,72,6,420,4,CSE,1
7.53,5,8,7,3,94,65,48,1,IT,1
9.95,1,4,5,3,86,61,104,8,IT,1
8.79,5,9,3,2,60,74,324,8,IT,1
8.61,1,2,4,0,11,14,116,5,MECH,1
5.78,0,6,2,3,83,55,401,1,ECE,1
9.04,0,0,1,2,20,68,78,1,MECH,0
8.64,3,4,1,1,44,77,364,7,CSE,1
7.67,0,4,7,0,74,0,20,8,CIVIL,1
7.93,5,5,2,0,25,92,43,6,CSE,0
5.71,0,10,8,2,12,50,253,3,ECE,1
6.44,3,4,4,0,55,75,320,7,CIVIL,1
8.99,6,7,5,3,12,65,131,6,CIVIL,1
7.01,5,5,5,0,72,14,359,2,IT,1
5.77,2,5,8,2,28,87,324,7,ECE,1
5.72,3,6,2,3,23,50,354,1,ECE,1
6.11,3,1,3,0,6,87,235,8,ECE,1
9.55,0,4,0,1,53,66,60,1,CIVIL,1
7.33,5,5,5,2,85,85,350,2,CSE,1
9.38,1,10,8,1,32,50,7,8,ECE,1
8.2,1,1,2,2,55,75,382,8,CSE,1
9.7,5,2,1,0,5,95,164,8,IT,1
7.77,0,8,0,0,69,92,111,4,ECE,1
7.36,2,6,7,3,12,56,236,1,ECE,1
7.65,4,10,5,2,85,68,392,8,MECH,1
7.96,2,0,1,1,57,3,273,7,MECH,1
8.26,0,10,2,1,52,36,178,6,IT,1
6.23,5,4,2,1,39,21,227,1,ECE,1
8.67,3,0,8,3,98,19,244,4,CSE,1
8.61,2,10,8,1,25,94,254,8,ECE,1
6.32,3,2,4,1,43,33,270,2,ECE,1
6.62,2,1,0,2,67,80,254,1,IT,1
7.51,0,3,5,2,81,66,317,2,CIVIL,1
7.55,2,3,1,2,46,66,164,4,CSE,1
6.73,4,2,6,3,2,76,90,7,CSE,1
7.07,3,5,6,3,38,40,234,2,MECH,1
5.56,3,7,4,1,46,34,190,8,IT,1
9.6,5,7,2,2,32,57,362,5,ECE,1
5.8,5,2,6,0,33,42,100,8,CIVIL,1
8.92,0,2,5,1,77,41,195,8,CIVIL,1
7.36,4,1,0,2,45,37,368,7,MECH,1
8.19,0,4,2,2,83,53,214,8,CIVIL,1
6.67,5,3,2,3,28,28,401,7,CIVIL,1
6.01,5,3,8,1,13,73,495,6,MECH,1
6.33,5,9,3,0,88,57,208,3,IT,1
7.0,6,9,3,2,65,76,420,8,ECE,1
5.89,2,5,3,1,92,49,444,3,CIVIL,1
8.84,6,10,2,0,56,64,228,7,ECE,1
7.27,6,2,8,2,4,31,379,1,IT,1
6.68,5,10,5,2,32,67,320,6,IT,1
5.64,1,3,7,1,56,72,197,7,MECH,1
6.57,6,2,6,2,60,83,183,6,IT,1
6.28,1,2,1,2,33,81,139,1,IT,1
8.69,5,9,7,3,11,76,409,5,IT,1
5.87,3,8,2,0,31,50,364,3,MECH,1
7.57,0,0,3,2,28,16,482,3,MECH,1
5.56,0,10,7,1,45,5,465,8,CSE,1
7.08,2,0,3,1,67,87,317,8,MECH,1
9.88,2,8,5,3,11,69,456,3,CIVIL,1
8.64,3,7,4,1,15,8,38,8,MECH,1
5.91,5,6,7,0,53,0,460,2,IT,1
9.5,5,1,6,1,86,94,1,8,IT,1
8.12,2,0,8,1,96,41,97,6,MECH,1
6.66,6,1,8,2,10,30,393,8,CSE,1
6.33,1,8,7,1,40,99,4,6,IT,1
5.77,3,9,2,3,14,40,464,3,CIVIL,1
8.38,4,4,4,2,67,21,495,1,CIVIL,1
9.23,3,9,6,3,61,100,297,4,CSE,1
6.94,2,0,0,2,60,45,211,3,IT,1
8.99,2,7,0,0,97,48,400,3,CIVIL,1
7.33,4,2,8,0,38,53,343,2,CSE,1
8.92,0,8,6,2,15,77,114,3,IT,1
8.43,6,0,7,3,68,33,182,8,ECE,1
8.54,3,4,1,0,51,21,492,3,CIVIL,1
8.68,2,1,2,2,60,59,182,2,CSE,1
8.23,0,1,3,1,58,81,278,4,IT,1
6.44,5,2,4,1,79,91,111,2,MECH,1
9.52,1,10,2,1,41,73,463,4,MECH,1
7.04,0,2,3,2,86,100,289,1,CSE,1
7.84,5,2,0,3,19,33,494,7,CSE,1
6.29,2,6,2,2,69,9,114,4,CSE,1
7.49,3,0,6,1,37,84,108,3,MECH,1
9.64,3,3,1,1,8,73,427,7,CSE,1
9.57,1,8,8,0,13,39,396,3,CIVIL,1
8.24,6,10,3,3,80,2,461,8,MECH,1
8.32,3,0,7,3,22,91,63,2,IT,1
9.52,3,1,7,2,31,60,386,1,MECH,1
9.72,0,6,3,3,20,10,436,5,CSE,1
9.12,1,0,6,2,61,0,104,2,IT,1
8.36,4,10,2,0,26,42,262,2,ECE,1
7.2,1,3,7,1,25,61,30,2,MECH,1
7.8,3,7,2,0,18,96,346,6,CIVIL,1
6.0,4,3,7,1,27,41,353,8,MECH,1
6.54,3,2,2,0,93,33,159,1,MECH,1
7.12,4,4,7,2,100,42,420,5,CIVIL,1
7.92,6,0,7,0,79,35,237,3,MECH,1
9.65,2,4,1,1,42,39,160,7,MECH,1
9.46,6,5,5,3,69,64,343,7,IT,1
6.56,6,2,1,3,53,33,463,4,CIVIL,1
6.34,4,3,0,2,38,4,205,2,ECE,1
7.44,5,4,5,3,48,39,157,7,ECE,1
6.76,1,0,4,2,38,93,53,3,IT,1
7.82,6,4,2,1,99,48,174,7,CIVIL,1
7.56,2,2,6,3,40,75,386,7,MECH,1
9.83,6,2,4,2,6,12,330,3,CIVIL,1
9.36,1,2,1,1,89,85,364,7,IT,1
8.89,6,0,2,3,59,55,3,7,MECH,1
8.9,4,7,7,0,59,5,359,7,ECE,1
8.04,1,4,7,3,97,17,480,6,MECH,1
8.43,6,1,2,3,19,80,40,2,ECE,1
6.28,0,2,8,3,22,67,485,5,CIVIL,1
9.19,1,3,2,3,49,72,458,1,IT,1
5.82,4,6,3,2,71,87,236,8,CSE,1
9.16,1,7,1,0,65,6,498,7,IT,1
6.27,2,8,4,2,61,46,219,2,ECE,1
7.42,5,3,0,1,10,11,27,1,CSE,1
8.24,2,1,6,1,77,28,281,2,IT,1
6.18,1,5,6,0,5,59,477,3,ECE,1
6.08,0,10,1,3,30,36,19,7,MECH,1
8.34,1,8,4,3,5,65,20,4,CIVIL,1
8.8,1,3,0,0,35,3,57,7,MECH,0
7.73,6,8,7,3,3,0,426,7,MECH,1
7.0,0,6,3,0,26,55,371,8,MECH,1
8.66,0,5,2,3,76,79,70,5,CSE,1
9.15,6,10,6,1,46,45,177,5,MECH,1
5.52,1,1,0,3,79,87,134,6,CIVIL,1
6.37,2,8,5,2,48,11,12,5,CIVIL,1
7.35,1,3,5,2,21,51,335,8,IT,1
8.32,4,0,2,3,71,67,445,6,IT,1
7.64,0,0,4,0,100,85,380,4,ECE,1
8.85,4,9,0,1,95,56,435,5,ECE,1
8.67,6,7,2,3,50,66,172,2,ECE,1
5.83,4,1,3,3,100,31,32,3,ECE,1
9.78,3,10,8,1,66,55,326,1,CSE,1
7.22,1,1,7,0,38,85,146,7,CSE,1
5.65,6,8,7,3,58,15,168,4,ECE,1
6.42,6,5,8,0,44,95,270,3,CIVIL,1
6.37,5,7,1,1,80,6,318,2,ECE,1
9.54,0,6,0,0,59,51,194,8,CSE,1
6.93,6,0,2,3,53,50,201,7,ECE,1
6.97,0,8,8,0,4,15,180,5,IT,1
9.53,4,10,5,2,5,39,43,2,CSE,1
9.21,4,5,5,3,26,15,267,6,CSE,1
6.99,6,9,5,1,88,47,401,3,ECE,1
6.45,0,9,7,1,29,36,178,4,ECE,1
6.01,1,7,2,2,57,53,48,7,CIVIL,1
5.87,0,7,8,3,59,5,467,1,CSE,1
5.55,4,4,3,1,24,56,207,2,CIVIL,1
7.21,3,6,6,3,57,31,415,6,CIVIL,1
6.54,6,8,5,1,6,43,134,7,MECH,1
6.51,2,6,3,1,83,97,95,7,ECE,1
9.57,2,0,8,3,61,44,333,8,IT,1
5.77,2,0,0,3,79,79,211,3,CIVIL,1
6.35,5,6,5,0,69,47,255,4,ECE,1
7.31,3,1,5,3,27,61,298,1,IT,1
8.55,6,4,7,2,13,85,379,5,IT,1
6.44,6,10,1,0,5,19,195,7,IT,1
8.17,3,9,2,2,26,60,258,5,MECH,1
5.67,4,1,8,2,34,22,156,3,ECE,1
9.82,4,1,3,1,52,20,322,4,CSE,1
7.48,3,10,7,3,40,59,73,2,CSE,1
8.04,5,7,3,0,80,29,68,8,IT,1
9.77,2,3,0,0,12,23,84,4,CSE,1
7.22,6,6,5,2,7,50,473,4,IT,1
5.61,3,0,4,3,100,18,164,1,IT,1
8.83,5,8,3,2,2,86,228,8,CSE,1
8.48,4,4,0,2,5,79,316,7,CIVIL,1
6.67,1,0,6,3,33,78,429,6,MECH,1
5.67,5,3,2,0,14,54,490,4,ECE,1
9.05,3,9,7,1,10,31,352,4,CSE,1
6.14,6,9,5,3,26,99,357,5,CIVIL,1
9.81,3,5,4,1,2,68,243,5,ECE,1
9.29,4,6,3,2,86,98,65,6,MECH,1
9.12,2,3,7,2,4,54,244,1,IT,1
7.17,0,2,6,3,31,44,461,8,CSE,1
7.12,0,2,6,2,1,18,71,7,CSE,1
8.67,3,9,5,1,40,90,264,4,CSE,1
9.33,6,8,6,0,60,51,256,1,CIVIL,1
7.7,3,4,6,0,66,66,161,1,IT,1
5.97,1,8,7,3,67,100,29,3,ECE,1
7.1,5,1,8,1,65,7,246,8,ECE,1
8.59,6,2,1,3,69,74,373,5,IT,1
8.65,3,5,2,0,32,13,260,6,CSE,1
5.51,0,1,2,2,25,66,481,5,CSE,1
8.53,1,9,1,2,93,93,352,4,IT,1
6.95,5,5,5,1,93,87,4,8,CSE,1
6.19,0,10,4,3,98,50,306,4,IT,1
8.61,2,1,2,0,94,92,11,6,MECH,1
8.18,5,9,3,0,2,43,178,6,CSE,1
7.21,5,6,4,0,58,23,65,6,CSE,1
9.0,2,4,8,2,63,12,14,6,MECH,1
8.33,1,4,0,0,27,15,66,4,IT,1
8.56,0,6,1,2,47,12,407,3,CIVIL,1
7.08,0,2,4,0,9,1,415,1,IT,1
9.31,4,10,5,1,90,34,164,4,MECH,1
9.73,2,6,0,0,4,91,150,8,IT,1
8.71,2,9,1,0,10,56,142,4,CSE,1
9.19,1,5,5,0,21,89,410,2,CIVIL,1
8.83,1,1,6,0,10,95,225,1,ECE,1
9.2,3,10,6,3,18,4,314,7,CIVIL,1
6.14,6,2,6,3,83,36,170,7,ECE,1
8.52,3,0,6,3,55,24,85,8,CIVIL,1
6.61,2,6,5,1,76,46,161,8,IT,1
7.41,3,4,1,0,83,94,205,6,CIVIL,1
8.61,0,1,3,1,7,28,240,2,CIVIL,1
7.52,5,3,1,0,83,44,112,5,ECE,1
9.89,1,3,3,1,47,1,197,7,IT,1
7.82,0,6,0,3,96,66,483,7,CIVIL,1
9.66,1,3,3,2,74,89,92,2,ECE,1
7.43,4,6,1,0,58,6,450,7,CIVIL,1
9.08,1,2,1,2,58,44,132,7,CSE,1
5.88,2,10,4,2,35,98,480,2,MECH,1
7.69,4,4,6,0,83,15,144,2,MECH,1
7.64,4,8,7,0,19,27,47,8,MECH,1
8.63,3,2,8,2,61,100,100,3,ECE,1
7.57,4,10,2,0,100,75,21,6,IT,1
8.73,3,10,0,2,21,88,452,4,CIVIL,1
9.3,4,10,6,2,9,41,339,6,ECE,1
7.72,1,9,2,0,50,86,425,3,MECH,1
5.91,5,5,0,1,8,58,221,8,CSE,1
9.71,6,3,2,2,31,69,291,5,ECE,1
9.64,0,10,3,0,93,76,291,5,IT,1
6.37,6,6,4,2,60,4,425,8,CIVIL,1
5.51,3,2,0,1,55,9,279,5,CIVIL,1
9.59,2,2,4,0,99,53,200,5,MECH,1
7.63,2,7,8,2,25,12,12,4,MECH,1
9.92,2,6,5,2,62,46,437,4,MECH,1
9.16,3,8,1,0,66,75,455,4,MECH,1
9.58,6,0,2,1,86,6,47,4,IT,1
7.6,2,9,4,1,10,28,308,7,CSE,1
5.8,5,0,2,1,71,17,119,4,CSE,1
6.19,6,8,3,0,80,9,316,6,ECE,1
7.39,0,6,2,3,85,19,219,4,CIVIL,1
7.83,2,7,1,1,2,84,114,4,CIVIL,1
8.23,2,6,7,2,55,56,135,2,MECH,1
8.5,1,2,0,1,70,4,55,6,MECH,1
7.68,4,7,3,3,11,41,480,8,ECE,1
5.66,2,0,0,0,40,32,436,1,MECH,1
8.99,3,0,4,0,38,15,168,7,CSE,1
8.65,1,0,1,1,29,71,473,1,ECE,1
6.74,1,3,8,3,5,42,157,4,CSE,1
8.0,1,3,1,0,64,85,177,1,MECH,1
6.54,6,2,6,0,84,2,83,4,ECE,1
5.68,1,9,4,2,2,46,499,7,IT,1
6.47,4,7,1,1,61,6,361,2,CSE,1
6.74,4,10,0,0,5,89,138,5,IT,1
6.47,5,5,5,0,21,35,111,2,IT,1
8.55,1,9,7,3,1,44,211,2,CSE,1
9.83,6,2,6,0,24,75,455,7,ECE,1
7.67,6,10,8,0,98,43,21,3,MECH,1
9.6,3,1,0,0,64,88,500,3,MECH,1
6.26,1,8,4,2,98,1,67,2,IT,1
8.03,5,9,1,1,80,90,399,8,ECE,1
7.27,2,5,7,2,46,76,339,6,CIVIL,1
7.67,1,5,7,0,21,28,388,7,CIVIL,1
9.27,3,9,7,1,84,98,408,2,ECE,1
6.53,0,9,1,1,93,59,67,2,CIVIL,1
7.21,5,4,4,2,39,79,411,7,IT,1
5.69,5,0,1,1,7,15,459,7,IT,1
7.33,6,7,6,3,75,55,362,8,CIVIL,1
7.23,4,8,7,0,61,82,224,6,IT,1
6.06,1,3,1,3,93,52,486,7,MECH,1
9.6,0,2,8,2,79,72,9,2,CSE,1
9.82,1,9,2,0,72,34,127,2,MECH,1
7.8,2,2,5,0,3,96,242,1,CSE,1
6.83,6,8,2,2,54,75,109,4,IT,1
8.5,5,3,1,3,2,41,344,1,CIVIL,1
9.47,3,9,0,0,41,65,404,6,IT,1
6.82,5,7,6,2,93,34,162,1,IT,1
6.08,0,1,3,3,35,50,14,8,CIVIL,1
6.25,6,1,3,1,70,83,60,5,ECE,1
8.48,5,8,1,2,54,57,18,8,CSE,1
7.44,3,9,2,3,19,96,482,2,CIVIL,1
5.79,3,8,3,1,98,89,456,6,CIVIL,1
7.65,3,7,2,0,46,43,224,1,MECH,1
8.37,4,6,7,2,79,42,141,4,CIVIL,1
8.8,5,7,6,0,49,56,249,5,IT,1
5.69,1,2,2,2,50,41,419,4,IT,1
8.12,3,9,2,2,35,57,469,6,CSE,1
8.08,1,4,2,3,98,26,442,2,CSE,1
7.13,3,3,1,2,98,44,207,8,IT,1
6.24,5,10,3,0,69,63,105,8,CIVIL,1
7.54,0,0,6,1,67,2,342,4,IT,1
9.91,3,0,4,3,90,91,73,5,MECH,1
6.01,4,1,8,1,11,39,20,4,CSE,1
5.59,1,10,2,2,34,78,422,4,IT,1
9.88,0,9,5,2,50,51,368,5,MECH,1
6.39,6,6,1,3,26,64,380,6,CSE,1
9.29,2,5,0,0,1,38,299,3,ECE,1
7.87,2,6,8,3,25,56,101,4,IT,0
8.88,5,4,6,2,66,96,76,6,MECH,1
6.12,2,10,8,1,3,6,295,2,MECH,1
5.71,6,8,8,1,75,48,200,1,ECE,1
8.98,1,7,6,2,77,8,248,3,MECH,1
9.15,0,0,4,2,75,50,175,1,IT,1
6.09,3,10,3,2,43,94,166,3,MECH,1
7.38,2,4,3,3,2,72,276,3,ECE,1
6.77,4,7,3,1,89,6,239,2,IT,1
9.33,3,3,7,3,9,50,431,8,CSE,1
9.3,3,1,2,3,15,41,160,7,ECE,1
10.0,2,0,8,2,61,13,490,2,ECE,1
5.63,5,2,3,0,48,75,28,1,MECH,1
6.58,1,9,7,2,40,15,21,5,CSE,1
6.31,5,1,0,2,77,91,68,2,IT,1
9.73,0,0,6,2,17,96,435,6,MECH,1
9.5,6,9,4,3,100,26,198,1,MECH,1
7.67,0,0,2,1,74,17,50,5,CIVIL,1
8.61,6,7,1,0,85,71,386,7,MECH,1
9.81,6,4,5,2,52,60,207,4,CIVIL,1
8.56,2,5,8,0,58,5,131,2,IT,1
9.63,6,1,5,1,49,17,337,1,CSE,1
7.76,2,0,1,0,4,51,154,5,CSE,1
6.33,6,2,1,0,27,14,303,1,ECE,1
9.24,3,10,2,2,50,93,354,5,ECE,1
6.58,0,8,3,2,44,100,282,4,CSE,1
9.09,6,0,1,0,24,0,323,3,MECH,1
9.33,5,8,4,3,5,29,423,6,IT,1
7.55,5,0,1,0,71,46,284,6,MECH,1
6.43,5,8,4,3,32,58,481,4,CSE,1
6.54,6,5,6,2,77,46,18,7,IT,1
8.37,6,10,7,0,36,87,77,5,IT,1
7.72,4,5,4,2,97,23,321,5,MECH,1
7.11,0,0,3,1,87,83,82,4,MECH,1
6.52,4,6,3,2,22,89,293,6,ECE,1
8.45,1,5,0,3,41,74,326,7,CSE,1
8.78,0,2,7,1,47,16,246,7,CSE,1
6.28,4,7,0,0,8,23,278,1,MECH,1
6.39,6,8,5,0,3,70,489,5,CIVIL,1
9.54,3,9,8,0,80,32,398,1,CSE,1
8.19,3,4,3,1,0,96,17,4,IT,1
9.14,2,1,8,2,13,95,97,5,CSE,1
6.86,4,3,4,0,36,69,28,3,IT,1
8.1,2,5,7,2,69,19,376,5,MECH,1
6.22,3,6,5,2,2,14,97,2,MECH,1
6.97,4,0,3,1,59,9,261,3,MECH,1
5.92,6,0,5,0,88,91,494,1,CSE,1
5.5,5,1,0,0,4,82,368,1,ECE,1
5.65,4,1,6,3,22,93,147,1,CSE,1
9.25,2,4,2,2,25,29,105,7,IT,1
8.19,5,7,5,1,8,31,247,2,CIVIL,1
5.78,6,7,1,1,83,90,297,7,IT,1
7.43,3,4,6,3,0,41,354,5,IT,1
8.46,6,6,5,3,94,51,333,5,ECE,1
6.25,5,5,1,0,21,89,272,8,CSE,0
9.71,0,10,6,2,0,79,384,5,CSE,1
7.54,2,2,2,1,68,46,104,1,CSE,1
7.82,1,10,8,3,36,80,496,3,ECE,1
7.54,2,6,5,1,78,47,323,8,IT,1
8.0,6,3,7,2,84,75,78,1,MECH,1
7.82,5,5,1,0,4,62,71,7,IT,1
9.63,5,8,6,0,79,2,358,3,IT,1
6.15,4,10,2,3,66,51,63,7,ECE,1
9.33,3,3,4,0,63,74,126,4,CSE,1
6.31,6,5,6,2,95,55,43,8,MECH,1
6.7,4,7,0,1,52,88,52,8,IT,1
8.0,3,7,7,0,23,71,10,4,CIVIL,1
6.39,5,8,2,3,59,85,464,6,IT,1
9.15,4,7,0,0,97,12,460,3,MECH,0
8.29,3,9,1,0,57,45,488,4,IT,1
6.32,4,1,1,3,78,80,365,1,CIVIL,1
7.02,2,9,1,0,2,8,161,7,CSE,1
8.38,0,7,5,0,9,7,60,1,MECH,1
7.08,6,9,8,0,8,23,374,1,IT,1
8.37,4,4,2,1,28,95,312,4,CIVIL,1
8.6,3,7,7,2,40,66,418,6,CSE,1
9.54,3,1,5,3,49,68,381,7,IT,1
6.8,3,0,8,1,93,28,443,2,CIVIL,0
8.06,4,0,4,1,6,62,415,1,CSE,1
7.66,0,6,4,0,77,75,396,8,CSE,1
7.42,6,3,8,3,5,91,240,3,CIVIL,1
9.8,0,3,0,1,91,88,473,6,CIVIL,1
6.07,6,3,4,3,19,27,485,6,CSE,1
6.82,2,2,5,0,68,80,482,6,IT,1
9.99,4,5,4,3,58,23,428,3,IT,1
9.24,3,0,0,0,95,98,392,3,IT,1
8.37,4,9,1,2,71,95,157,5,CSE,1
7.48,5,9,1,3,97,85,488,5,MECH,1
7.51,5,8,7,0,53,9,218,3,IT,1
7.93,4,2,2,0,62,83,226,7,MECH,1
7.86,6,2,1,1,21,22,60,7,CIVIL,1
7.07,5,10,3,2,78,57,72,4,ECE,1
7.64,4,10,5,2,36,30,66,8,CSE,1
9.37,4,10,6,0,7,67,343,6,IT,1
8.3,1,1,5,2,54,56,426,6,MECH,1
6.93,5,3,8,2,18,40,360,4,CIVIL,1
8.03,3,3,8,3,20,16,397,8,MECH,1
7.72,2,7,2,1,54,77,50,6,CSE,1
6.84,6,8,5,1,46,1,264,6,IT,1
7.23,0,0,1,2,36,90,288,2,IT,0
6.08,1,2,6,3,88,42,374,8,MECH,1
9.03,2,9,5,0,25,7,268,5,IT,1
9.68,3,5,4,0,23,14,402,3,MECH,1
6.68,4,10,6,1,74,52,146,8,MECH,1
7.9,1,7,3,3,78,77,135,6,MECH,1
9.7,4,9,3,0,7,42,295,6,CIVIL,1
6.52,5,3,1,1,41,85,494,7,CSE,1
7.79,2,3,6,1,23,8,126,4,IT,1
9.14,1,1,4,2,74,53,20,7,CSE,1
8.62,3,0,6,3,31,5,397,8,MECH,1
8.21,6,5,4,1,18,49,213,2,MECH,1
8.99,4,8,8,0,67,6,438,5,MECH,1
9.48,5,5,5,1,69,89,360,3,CSE,1
6.52,0,7,3,2,31,7,15,7,ECE,1
6.86,3,10,6,0,26,15,411,5,CIVIL,1
6.21,0,3,5,3,34,89,135,7,IT,1
6.94,3,2,6,2,17,97,205,6,ECE,1
7.34,2,5,4,0,78,16,60,7,MECH,1
9.93,1,0,1,0,60,99,32,7,CIVIL,1
9.61,6,1,2,3,92,67,218,7,CSE,1
9.34,1,0,4,0,33,23,380,2,CIVIL,1
8.71,1,3,7,0,83,23,369,8,MECH,1
9.41,1,6,5,0,34,41,338,7,CIVIL,1
9.01,4,6,7,0,51,82,50,7,IT,1
9.66,4,3,5,1,89,44,85,7,CSE,1
8.52,6,10,0,1,23,15,159,2,CSE,1
9.71,0,0,5,3,34,48,334,5,MECH,1
6.6,5,5,8,0,14,8,173,2,CIVIL,1
5.63,0,7,4,3,32,69,463,3,ECE,1
7.7,0,2,6,1,50,32,102,2,CSE,1
5.85,5,4,0,3,49,74,43,6,MECH,1
6.93,1,10,8,3,92,77,146,5,ECE,1
9.12,5,3,5,1,44,98,332,8,CSE,1
7.01,1,8,5,3,99,51,252,6,CSE,1
8.76,1,2,3,0,37,100,292,2,IT,0
7.95,1,5,2,2,15,69,427,3,CIVIL,1
9.97,0,2,5,1,81,0,116,4,CSE,1
8.8,6,0,5,3,96,81,68,7,CSE,1
9.24,2,9,1,1,95,17,335,4,MECH,1
9.19,3,3,3,0,73,81,485,5,MECH,1
7.66,1,0,2,2,18,37,242,5,CSE,1
7.07,3,7,5,0,50,18,258,1,IT,1
5.79,3,5,3,1,18,55,73,2,CSE,1
8.85,0,5,4,1,70,59,122,1,MECH,1
8.92,4,4,2,2,82,19,415,6,MECH,1
7.34,5,3,1,2,38,11,424,6,CSE,1
7.38,0,5,3,0,12,47,48,6,IT,0
6.28,4,8,7,1,11,60,367,6,CIVIL,1
8.98,2,0,8,2,44,17,190,5,IT,1
8.49,5,0,0,2,44,21,202,8,CSE,1
6.36,3,3,3,2,38,55,76,8,CSE,1
8.92,3,2,2,1,45,64,53,6,ECE,1
6.55,1,0,4,1,64,78,89,2,ECE,1
8.57,1,0,6,0,97,65,0,8,MECH,1
6.67,0,2,1,0,89,27,359,6,CSE,1
8.79,6,10,7,2,48,63,405,4,CSE,1
8.55,6,8,0,2,27,84,132,7,CSE,1
7.93,4,4,0,1,99,84,161,3,CSE,1
8.52,4,4,8,0,97,40,315,5,ECE,1
8.14,6,6,2,3,93,44,362,5,IT,1
9.63,3,8,6,3,26,17,402,7,CIVIL,1
8.83,3,7,2,1,25,76,20,7,IT,1
9.62,2,3,1,3,15,85,112,4,CSE,1
8.75,6,0,7,0,76,9,401,2,CIVIL,1
9.85,4,9,0,1,96,34,248,6,CSE,1
9.45,0,6,0,1,80,49,439,6,CIVIL,1
9.84,6,5,8,0,53,79,304,3,ECE,1
8.96,1,2,8,1,54,68,292,3,MECH,1
7.69,3,5,3,2,32,54,150,4,CSE,1
9.28,3,7,0,0,13,63,42,7,CSE,1
8.77,0,4,3,1,47,100,118,5,CIVIL,1
7.6,1,7,8,1,27,46,163,4,IT,1
6.47,3,2,3,1,13,75,371,2,CSE,1
6.53,4,0,6,0,3,87,267,6,CSE,1
6.86,2,4,7,2,60,96,380,2,CSE,1
9.1,3,1,0,1,90,9,368,7,IT,1
6.51,6,9,7,1,62,18,186,2,ECE,1
6.0,6,1,2,2,19,80,395,2,CIVIL,1
5.89,0,6,4,3,30,35,193,5,CSE,1
6.24,0,7,3,3,98,9,293,3,ECE,1
6.18,3,9,7,3,90,35,52,2,ECE,1
6.52,1,7,1,2,17,68,284,3,CIVIL,1
7.77,6,6,6,0,14,93,336,7,CSE,1
7.99,1,6,8,0,28,15,462,7,IT,1
5.88,3,6,3,3,80,99,433,2,CSE,1
9.29,2,6,2,1,26,28,140,3,CIVIL,1
9.57,4,7,3,3,51,59,500,3,ECE,1
6.44,0,7,6,2,35,96,99,3,CSE,1
8.68,0,1,2,2,7,7,467,7,IT,1
6.64,6,1,7,2,37,96,82,4,IT,1
9.57,4,8,1,3,3,42,411,3,ECE,1
7.79,2,3,5,3,42,28,267,3,CIVIL,1
6.75,0,10,5,1,59,55,191,7,ECE,1
8.25,0,9,8,1,14,20,433,6,CSE,1
7.81,1,5,0,3,20,22,102,1,CIVIL,1
9.58,1,3,1,1,45,17,144,1,CIVIL,1
7.47,5,8,0,2,50,50,326,5,ECE,1
9.56,2,1,3,0,12,23,292,6,ECE,0
9.59,4,4,0,2,79,95,321,7,IT,1
5.72,6,1,2,3,74,37,176,2,MECH,1
5.97,3,1,5,2,4,85,240,5,IT,1
6.49,5,10,6,3,54,91,338,6,MECH,1
9.32,5,3,5,2,40,66,372,1,ECE,1
8.72,4,0,7,1,86,60,329,2,MECH,1
6.88,0,3,0,1,21,48,53,8,CIVIL,1
5.64,3,4,2,0,0,81,39,4,CIVIL,1
6.43,6,8,6,0,57,43,430,5,ECE,1
9.1,5,5,5,0,37,43,48,4,IT,1
5.97,3,8,7,2,38,12,278,8,ECE,1
9.83,4,5,3,1,22,55,144,4,MECH,1
8.66,3,8,2,0,72,0,328,1,CIVIL,1
7.31,1,9,8,0,95,31,106,8,CIVIL,1
9.94,3,6,6,2,80,4,144,7,CSE,1
6.0,3,3,4,2,25,61,306,1,CSE,1
7.41,5,3,1,2,45,18,202,2,MECH,1
7.55,0,4,2,1,87,100,4,8,CSE,1
7.54,2,4,0,2,97,65,478,2,ECE,1
8.36,3,4,8,2,85,1,254,7,IT,1
6.26,4,10,5,0,98,28,351,5,CIVIL,1
9.97,5,1,4,0,93,77,278,2,CSE,1
6.15,0,0,7,2,50,0,365,3,MECH,1
7.06,1,7,7,3,42,34,95,8,CSE,1
6.43,4,7,3,0,3,81,309,3,CSE,1
9.39,6,3,0,0,98,63,34,8,CSE,1
6.81,0,7,0,0,76,100,156,1,CIVIL,1
9.59,2,3,1,1,100,61,160,8,MECH,1
9.87,1,10,4,1,22,4,55,7,MECH,1
7.5,4,9,6,0,88,50,467,8,MECH,1
8.73,5,9,4,1,94,37,151,5,IT,1
9.63,5,7,3,2,84,18,483,5,ECE,1
7.98,3,10,7,3,100,10,438,2,ECE,1
7.07,1,10,5,1,4,54,321,8,CIVIL,1
8.65,2,10,4,3,2,90,395,8,CIVIL,1
7.67,2,3,3,1,30,0,16,7,CIVIL,1
6.61,2,4,3,1,24,10,85,7,ECE,1
7.87,1,6,0,3,4,60,111,5,CSE,1
9.49,1,9,7,2,59,31,255,2,CIVIL,1
9.58,4,5,4,1,30,87,69,1,CSE,1
6.9,2,6,1,3,7,99,305,1,MECH,1
8.67,1,1,2,0,64,3,67,3,CSE,1
7.63,6,9,7,3,5,38,196,4,ECE,1
6.62,6,3,1,3,43,6,110,5,IT,1
8.62,5,3,4,3,73,10,26,8,IT,1
7.85,2,0,2,1,3,96,417,6,IT,1
7.47,5,5,4,2,49,86,62,8,IT,1
7.34,6,1,2,1,85,28,334,6,IT,1
5.51,0,4,6,0,36,67,257,1,MECH,1
6.44,5,7,7,2,42,36,200,1,MECH,1
7.25,0,3,3,1,3,12,479,5,CSE,1
5.81,2,10,3,3,42,12,192,6,CSE,1
9.52,4,6,6,2,26,33,256,6,CSE,1
8.66,2,1,0,3,41,38,57,5,ECE,1
9.32,5,0,1,1,29,44,436,7,ECE,1
7.42,0,3,6,2,20,39,17,8,CIVIL,1
7.19,2,2,3,2,23,99,371,1,IT,1
9.83,1,5,7,2,88,63,276,4,ECE,1
7.47,6,5,3,1,61,72,373,7,MECH,1
8.13,2,1,0,0,1,72,10,3,ECE,1
9.54,3,8,7,2,93,81,329,6,IT,1
6.48,1,7,6,0,37,13,441,6,CSE,1
9.72,3,8,8,2,45,63,164,8,IT,1
7.92,4,2,3,1,10,4,403,2,CSE,1
6.94,2,7,5,2,63,83,434,6,ECE,1
5.82,3,0,7,0,35,61,270,8,CSE,1
7.63,4,10,6,2,98,26,159,8,IT,1
5.93,0,2,3,2,2,78,300,4,CIVIL,1
8.88,3,1,7,0,3,2,55,7,IT,1
6.98,2,10,0,1,45,77,480,8,CIVIL,1
6.05,3,0,6,1,70,20,468,6,ECE,1
6.67,4,0,3,0,99,23,480,2,ECE,1
6.9,2,10,0,0,51,98,393,6,CSE,1
8.54,6,1,4,2,81,81,310,1,ECE,1
8.48,3,5,8,3,85,65,373,2,ECE,1
9.95,6,5,8,3,50,14,305,8,CSE,1
9.81,2,3,2,2,46,58,167,8,ECE,1
8.7,1,5,1,3,74,68,204,2,ECE,1
6.98,1,3,4,0,57,95,97,2,MECH,1
8.6,1,6,2,0,50,28,98,3,CSE,1
8.92,2,10,7,3,75,34,192,3,CIVIL,1
6.26,1,6,3,2,1,88,34,5,ECE,1
8.2,5,3,8,3,13,90,34,6,CIVIL,1
7.89,6,0,8,3,43,20,359,7,ECE,1
8.53,4,9,1,3,9,78,160,2,CSE,1
8.61,3,8,5,2,83,87,334,7,CSE,1
9.0,0,8,1,2,46,72,439,4,ECE,1
8.55,0,6,6,0,25,0,401,8,CIVIL,1
6.24,0,0,6,0,56,15,209,6,CIVIL,1
7.66,0,1,4,3,99,60,11,6,CSE,1
7.83,1,3,6,3,77,69,99,8,CIVIL,1
7.28,3,3,3,3,10,0,330,7,MECH,1
5.97,0,9,0,3,7,19,64,2,CIVIL,1
9.36,0,9,4,3,43,40,223,3,MECH,1
5.53,2,0,8,3,89,73,135,2,MECH,1
6.33,4,10,5,2,15,44,139,1,CIVIL,1
8.21,4,6,5,2,56,2,37,7,IT,1
8.38,6,7,8,2,24,92,197,4,MECH,1
9.81,3,5,5,2,6,62,116,6,ECE,1
8.29,2,8,8,2,66,65,239,2,CSE,1
8.72,3,9,2,2,48,5,484,7,ECE,1
6.66,3,3,4,3,38,20,251,7,CSE,1
9.01,4,6,7,1,57,43,89,8,IT,1
8.17,6,9,6,0,27,25,485,5,CSE,1
8.37,2,5,2,0,64,98,152,6,ECE,1
6.05,2,9,6,2,13,29,175,1,CIVIL,1
6.57,2,10,3,0,32,44,421,1,CSE,1
8.24,6,3,1,0,77,38,155,5,ECE,1
6.02,0,5,1,0,71,73,408,1,CIVIL,1
6.11,2,3,6,3,100,22,424,1,MECH,1
5.85,0,10,1,0,33,9,314,2,CIVIL,0
7.04,6,7,0,1,79,31,389,4,CSE,1
7.99,6,10,2,1,79,94,51,3,CSE,1
6.68,6,4,8,2,16,52,474,4,IT,1
8.89,2,7,7,2,72,40,445,8,MECH,1
7.69,2,2,2,2,70,91,156,2,CSE,1
8.57,0,9,7,2,19,85,317,5,IT,1
8.97,2,10,8,2,14,1,478,4,MECH,1
5.74,5,3,0,3,74,96,257,2,CIVIL,1
7.71,0,10,6,0,11,66,257,4,CIVIL,1
9.55,3,9,7,2,10,44,363,8,IT,1
5.66,2,6,1,2,80,43,195,6,MECH,1
6.54,5,10,4,3,46,52,435,4,ECE,1
7.12,1,9,7,2,50,61,500,3,CSE,1
5.67,3,8,2,0,31,22,369,8,IT,1
8.39,2,1,5,2,58,68,112,1,CIVIL,1
6.56,0,0,6,1,92,31,75,8,MECH,1
9.29,4,8,2,2,94,31,7,6,IT,1
7.68,4,8,5,3,70,94,121,6,MECH,1
6.67,4,0,0,3,6,79,383,1,MECH,1
9.06,6,6,2,3,5,71,12,4,CSE,1
9.55,0,8,2,2,78,31,154,4,CIVIL,1
6.47,6,9,0,0,11,61,385,4,IT,1
9.96,0,9,8,1,97,87,488,8,CSE,1
8.32,1,7,7,2,98,40,252,5,MECH,1
8.75,5,6,4,0,48,41,355,5,ECE,1
8.37,1,10,3,3,89,61,118,4,ECE,1
6.22,2,2,2,2,30,58,176,2,CSE,1
8.59,5,3,2,1,6,67,413,6,CSE,1
8.38,6,8,3,0,4,34,167,5,ECE,1
7.6,1,8,7,3,59,44,267,1,CSE,1
8.95,0,5,7,0,23,17,210,2,CIVIL,1
9.45,1,8,3,1,83,15,399,2,ECE,1
9.59,2,10,2,0,41,97,125,6,ECE,1
8.73,0,7,4,3,65,17,458,5,CSE,1
6.6,3,4,1,0,91,18,470,3,ECE,1
9.48,6,7,4,2,87,41,29,1,ECE,1
7.95,5,8,2,0,84,6,288,8,CIVIL,1
8.94,0,2,6,2,94,66,390,7,MECH,1
9.09,2,10,3,2,12,28,190,2,CIVIL,1
5.53,5,0,4,3,82,72,108,8,MECH,1
8.03,0,10,3,1,7,58,134,7,ECE,1
6.26,4,1,4,2,42,83,260,5,ECE,1
6.29,2,5,1,1,78,45,167,6,CIVIL,1
6.35,4,8,0,1,32,0,223,4,MECH,1
6.76,3,3,4,3,38,9,227,4,ECE,1
7.05,5,0,0,3,0,82,334,3,IT,1
8.65,5,8,6,1,89,24,215,7,MECH,1
6.59,6,8,3,1,42,96,435,8,ECE,1
9.44,2,8,5,3,16,100,367,6,ECE,1
7.56,2,10,0,0,45,15,90,5,CIVIL,1
9.89,5,10,0,3,72,69,208,7,CIVIL,1
7.27,0,5,2,2,41,56,498,1,ECE,1
8.28,4,4,7,2,56,25,200,8,CIVIL,1
7.84,0,3,5,1,52,78,441,2,MECH,1
7.23,4,8,3,2,87,49,195,5,MECH,1
6.18,4,4,3,0,35,63,317,1,IT,1
6.23,0,7,8,2,100,23,130,5,ECE,1
6.87,1,1,3,2,0,91,262,4,ECE,1
9.03,3,1,5,2,27,69,307,6,MECH,1
7.94,6,10,0,0,62,1,183,4,MECH,1
9.7,5,3,8,1,37,12,252,2,IT,1
7.77,5,5,2,0,80,6,398,5,ECE,1
8.51,0,0,2,0,51,73,100,7,CIVIL,1
7.09,4,9,1,1,26,80,475,2,CIVIL,1
5.84,1,6,4,0,40,55,72,1,ECE,1
6.4,2,1,0,1,67,49,10,3,MECH,1
6.24,6,3,6,1,0,99,166,3,CSE,1
7.23,3,3,3,3,46,21,68,5,MECH,1
9.39,1,0,6,2,80,41,430,1,CSE,1
8.76,6,8,2,0,65,21,178,1,MECH,1
6.87,4,5,6,0,50,65,5,1,CIVIL,1
6.74,1,6,4,3,25,76,351,8,ECE,1
9.6,5,3,4,1,43,66,284,1,ECE,1
7.71,4,9,0,0,21,0,362,5,MECH,1
8.99,2,4,5,0,39,28,428,4,CIVIL,1
8.01,4,7,6,0,20,12,115,7,CIVIL,1
5.77,0,1,1,0,69,74,142,2,ECE,1
7.49,1,10,8,2,72,53,87,5,CSE,1
8.93,3,0,4,3,1,41,412,3,CSE,1
9.19,6,2,7,1,84,76,125,5,CIVIL,1
9.19,2,6,2,0,68,2,400,7,CSE,1
7.85,1,6,7,3,31,63,12,6,IT,1
9.2,5,3,5,0,57,25,23,5,CIVIL,1
7.96,3,6,7,3,31,12,276,6,MECH,1
7.65,6,7,0,0,92,60,138,6,IT,1
6.31,5,3,5,2,86,13,36,3,ECE,1
8.78,2,10,8,0,43,98,426,3,CSE,1
9.23,6,4,3,0,47,97,257,2,MECH,1
8.69,1,9,3,1,63,8,474,4,ECE,1
6.25,5,6,1,1,5,64,476,4,CSE,1
7.8,5,0,0,3,29,91,42,6,CIVIL,1
9.02,6,9,3,3,26,81,402,4,CIVIL,1
6.08,6,4,2,3,75,75,430,6,MECH,1
7.63,4,7,0,2,74,64,138,5,IT,1
7.3,1,8,1,3,5,78,24,3,IT,1
9.68,4,6,7,3,78,5,387,4,CIVIL,1
7.52,1,6,4,2,80,15,403,1,CSE,1
8.27,5,9,3,1,90,25,183,8,ECE,1
9.43,3,4,6,2,71,89,307,1,MECH,1
7.67,2,7,5,3,65,10,23,3,MECH,1
6.07,5,0,5,1,36,39,253,2,MECH,1
6.94,3,0,0,1,20,1,283,5,MECH,1
7.28,1,7,6,1,86,68,364,1,IT,1
5.66,2,7,5,1,21,93,478,2,CSE,1
9.88,0,7,8,1,23,13,192,4,IT,1
7.66,3,6,7,3,94,61,93,6,CIVIL,1
8.59,4,7,0,0,53,1,66,8,CIVIL,1
6.49,1,9,5,0,90,83,389,1,CSE,1
6.23,0,6,5,0,29,5,446,7,CIVIL,1
9.37,5,3,7,3,59,86,49,6,MECH,1
6.26,4,8,2,3,29,27,51,7,CSE,1
7.55,2,1,1,1,53,90,157,2,CIVIL,1
9.62,2,7,1,1,31,94,298,3,IT,1
8.21,3,7,0,3,49,31,308,6,CIVIL,1
8.64,2,4,8,1,53,65,38,5,MECH,1
7.63,5,10,4,3,94,50,307,8,MECH,1
9.96,3,8,4,1,84,20,159,6,IT,1
6.97,5,8,8,3,29,79,496,5,MECH,1
6.16,5,4,7,2,52,54,180,4,MECH,1
9.25,5,2,5,0,77,64,192,2,IT,1
7.21,2,1,0,3,10,99,320,5,MECH,1
9.98,4,6,0,3,69,98,417,7,MECH,1
7.72,2,5,0,2,60,60,151,3,IT,1
7.28,4,6,8,1,78,46,466,1,CIVIL,1
6.04,0,4,7,2,0,97,158,3,ECE,0
7.07,5,4,7,0,9,100,470,6,CIVIL,1
8.28,4,10,2,2,21,61,399,2,CSE,1
5.69,3,3,0,2,77,90,332,7,ECE,1
9.64,0,7,2,3,91,78,316,1,ECE,1
6.22,4,1,1,2,20,83,250,7,CIVIL,1
9.87,6,5,6,0,73,77,377,5,IT,1
7.55,1,2,0,2,39,81,391,7,ECE,1
9.54,4,10,0,0,43,56,261,6,MECH,1
9.09,1,7,3,1,20,79,167,8,MECH,1
5.84,4,2,5,0,60,0,383,4,CSE,1
9.78,3,7,2,2,25,82,262,1,ECE,1
9.01,2,4,4,2,87,95,370,2,CSE,1
6.21,3,8,4,2,37,62,351,5,ECE,1
9.1,1,6,8,3,72,83,99,3,ECE,1
9.96,4,10,3,1,42,59,484,1,IT,1
5.58,4,5,3,0,66,53,306,4,ECE,1
8.38,5,4,5,0,44,6,435,5,MECH,1
9.24,1,3,2,0,84,96,399,8,CIVIL,1
7.61,2,1,4,2,6,51,145,5,CSE,1
6.49,3,2,6,1,94,57,180,1,ECE,1
9.55,0,2,5,1,16,84,73,8,ECE,1
6.72,6,5,7,2,53,86,61,7,IT,1
8.08,2,7,7,2,67,96,206,2,IT,1
7.09,0,6,6,2,16,83,60,5,ECE,1
9.87,1,10,2,1,84,92,392,5,IT,1
9.04,5,0,0,3,23,61,239,7,CIVIL,1
9.58,6,3,3,0,78,41,158,5,ECE,1
8.21,6,4,2,0,97,17,303,4,MECH,1
5.89,0,3,8,0,43,73,132,1,IT,1
9.94,3,2,4,3,87,36,416,5,CIVIL,1
8.22,3,2,7,3,46,71,341,4,IT,1
6.75,4,1,0,3,64,99,109,4,IT,1
9.12,3,5,3,0,99,50,316,3,MECH,1
8.59,2,8,0,0,19,83,498,2,MECH,1
8.59,6,7,5,3,95,38,301,2,ECE,1
7.96,4,2,3,1,93,89,429,4,CSE,1
7.53,1,4,1,1,15,26,413,4,CSE,0
9.01,1,2,8,0,33,3,104,2,MECH,1
6.51,4,4,6,0,38,39,320,3,CIVIL,1
6.58,5,8,2,1,91,44,144,4,IT,1
7.67,6,0,4,3,2,42,338,1,CIVIL,1
6.71,3,1,7,3,95,68,197,5,MECH,1
9.82,0,0,4,3,5,20,34,2,MECH,1
5.96,4,5,7,2,30,55,457,1,MECH,1
9.18,5,1,4,2,5,50,277,5,ECE,1
9.3,6,1,8,3,86,87,383,6,ECE,1
7.42,2,10,2,1,42,98,483,7,CSE,1
6.8,4,1,8,2,78,84,11,2,IT,1
9.51,1,0,2,3,54,17,131,2,IT,1
8.97,0,10,4,3,48,71,299,1,MECH,1
9.74,6,2,4,1,60,35,307,4,CIVIL,1
7.38,0,4,1,1,86,50,185,7,IT,1
7.85,1,1,3,1,58,51,281,3,CSE,1
8.47,4,8,6,2,70,98,278,7,MECH,1
7.68,2,10,5,1,0,88,469,1,ECE,1
6.63,2,5,7,3,41,72,179,6,ECE,1
7.83,6,6,0,3,50,24,352,7,MECH,1
5.89,3,8,2,2,27,27,340,2,MECH,0
8.2,1,3,8,3,21,36,381,2,MECH,1
5.91,3,3,6,0,30,77,310,6,IT,1
7.33,5,4,0,2,85,90,123,4,ECE,1
8.74,1,3,0,2,48,51,79,1,CSE,0
9.31,0,10,1,3,30,45,371,4,IT,1
9.41,2,7,7,1,6,14,388,5,CIVIL,1
6.23,6,4,2,2,80,81,475,5,CSE,1
9.7,2,5,0,2,13,48,207,1,ECE,1
8.38,5,1,8,1,46,69,114,8,IT,1
8.26,6,7,4,2,0,60,198,6,CIVIL,1
9.07,3,1,4,0,16,64,399,2,ECE,1
7.06,2,0,6,3,72,71,406,6,CSE,1
7.76,6,9,3,3,43,48,180,2,MECH,1
9.73,4,10,5,0,48,100,53,5,MECH,1
8.47,0,5,7,1,8,67,439,8,CSE,1
9.56,3,2,5,0,14,62,278,3,CIVIL,1
8.94,0,5,8,2,82,37,475,8,IT,1
6.97,6,9,6,0,19,4,192,6,CIVIL,1
9.07,1,7,3,0,14,16,450,6,IT,1
6.35,6,7,6,1,70,15,424,4,ECE,1
9.83,3,0,2,0,94,78,391,4,CSE,1
5.54,1,4,6,3,51,63,73,6,CIVIL,1
8.76,3,7,0,1,20,94,425,8,IT,1
6.47,0,5,5,1,18,55,9,4,ECE,1
5.98,0,9,6,0,14,33,30,8,CIVIL,1
8.73,1,8,2,1,71,3,276,4,IT,1
6.4,3,8,3,0,30,48,258,7,CSE,1
7.58,5,9,3,3,91,49,183,1,ECE,1
5.97,6,7,1,3,72,44,413,1,ECE,1
8.96,1,5,8,1,67,24,121,1,IT,1
9.53,5,5,2,2,11,100,160,7,CIVIL,1
7.38,0,6,6,0,68,53,290,5,IT,1
9.43,3,4,5,2,9,33,427,1,IT,1
7.67,3,0,0,2,67,78,435,7,ECE,1
9.56,6,5,3,1,17,30,409,2,ECE,1
7.46,6,10,2,0,35,80,391,7,IT,1
8.76,0,8,3,0,51,59,369,6,MECH,1
8.94,1,9,8,0,22,13,477,3,MECH,1
8.35,4,9,2,1,24,81,401,3,CSE,1
8.29,1,10,2,3,21,41,438,7,MECH,1
8.34,1,10,5,0,17,89,193,4,CSE,1
6.62,2,4,7,2,83,4,245,6,MECH,1
8.25,5,5,7,0,10,22,288,2,CIVIL,1
8.07,6,1,3,1,86,47,305,6,IT,1
9.33,1,3,3,1,71,61,495,1,MECH,1
7.66,6,8,6,1,94,6,459,2,CSE,1
8.08,0,8,2,2,18,52,266,1,CIVIL,1
5.55,1,10,7,0,18,19,262,8,CIVIL,1
7.85,4,3,6,2,40,45,153,4,CIVIL,1
7.79,0,9,4,0,99,81,48,5,MECH,1
8.08,4,9,8,3,7,57,77,5,CIVIL,1
9.11,3,1,3,3,44,83,311,5,IT,1
5.54,1,0,1,2,82,18,80,6,IT,1
6.15,0,0,7,1,99,93,187,5,CSE,1
6.02,6,4,3,0,1,40,112,7,MECH,1
6.68,5,8,5,2,52,99,43,1,CSE,1
7.51,1,9,2,3,28,65,95,5,MECH,1
8.48,6,1,4,0,38,34,37,8,CSE,1
8.2,4,5,8,3,41,62,168,5,CSE,1
8.98,2,3,7,2,53,13,315,5,ECE,1
5.63,2,7,2,2,22,72,390,5,CSE,1
6.11,5,4,6,0,16,53,313,4,CIVIL,1
8.67,3,9,3,2,15,35,15,7,CIVIL,1
7.06,0,7,4,3,58,58,448,6,IT,1
8.53,1,7,3,0,95,73,53,2,MECH,1
7.95,0,6,6,1,8,16,318,6,MECH,1
7.94,1,6,1,1,50,33,448,6,MECH,1
7.0,1,1,1,2,66,32,166,2,CIVIL,1
9.63,3,0,0,0,35,42,327,7,CIVIL,1
8.41,0,4,3,2,32,57,351,2,CSE,1
9.0,3,10,6,3,100,80,472,7,CSE,1
5.94,0,3,6,3,20,100,294,2,IT,1
8.51,1,2,6,3,61,15,284,6,IT,1
6.56,5,5,8,0,2,23,276,5,IT,1
6.51,2,8,3,0,46,12,364,7,MECH,1
9.07,5,4,8,0,55,16,340,7,CIVIL,1
7.14,5,2,3,0,95,18,42,2,CSE,1
9.31,6,5,7,2,28,60,18,7,ECE,1
8.89,4,7,0,2,19,52,8,2,MECH,1
8.23,4,2,0,1,58,10,54,1,ECE,1
9.27,5,3,8,3,54,89,483,6,ECE,1
7.53,4,3,7,1,52,60,238,2,CIVIL,1
6.55,5,1,5,1,14,26,18,5,MECH,1
9.79,2,1,8,3,91,1,20,5,CSE,1
6.32,0,10,8,2,43,7,441,1,IT,1
6.57,4,1,4,3,2,80,104,2,CSE,1
7.17,3,4,0,3,89,78,212,3,ECE,1
5.57,2,4,6,1,24,1,8,1,ECE,1
7.58,1,1,1,3,13,14,443,2,CSE,1
8.01,4,9,1,3,14,87,192,4,IT,1
9.7,5,5,7,0,92,66,230,3,CSE,1
7.95,4,9,1,3,29,67,7,5,CIVIL,1
5.61,6,5,3,0,30,77,233,7,IT,1
6.46,2,1,6,0,44,41,406,1,MECH,1
6.52,0,8,1,0,1,2,172,3,ECE,1
9.05,3,6,4,0,57,24,78,4,CSE,1
7.94,2,1,1,2,76,34,169,2,CIVIL,1
7.19,0,3,0,0,51,12,75,7,CSE,1
9.42,5,6,0,3,71,12,92,5,CSE,1
7.47,6,7,1,0,8,78,203,5,CIVIL,1
7.64,6,5,3,3,45,15,97,2,CSE,1
8.41,4,9,0,1,44,27,143,8,ECE,1
7.07,6,2,5,2,73,80,491,8,CIVIL,1
9.22,6,4,3,2,48,85,202,3,CSE,1
8.97,3,4,8,1,85,79,443,5,CIVIL,1
6.83,2,7,4,3,40,16,349,2,IT,1
8.61,1,8,3,0,49,86,375,7,CSE,1
7.58,6,3,0,3,68,96,147,6,ECE,1
7.19,4,0,6,3,71,22,409,7,CSE,1
9.28,1,2,3,2,78,99,208,6,CSE,1
7.15,2,10,8,2,86,18,410,5,CSE,1
6.96,0,9,5,1,46,92,319,6,CSE,1
5.54,3,6,8,0,79,41,409,8,CIVIL,1
9.15,3,0,7,3,16,98,243,3,CSE,1
9.56,0,8,1,1,92,43,121,4,CSE,1
8.88,0,1,5,1,89,13,482,2,IT,1
5.81,3,4,8,1,8,29,407,7,MECH,1
6.66,0,5,3,2,60,83,254,4,CIVIL,1
9.87,5,8,6,0,82,9,230,3,CIVIL,1
8.19,0,8,2,2,93,95,122,2,ECE,1
7.92,3,10,6,2,46,71,46,7,MECH,1
6.95,0,2,6,2,18,3,257,7,CIVIL,1
6.61,2,7,7,1,69,32,84,8,CIVIL,1
7.93,5,9,5,3,17,35,93,1,CIVIL,1
6.64,1,5,0,1,49,78,103,2,IT,1
7.76,4,5,3,2,11,86,212,6,CIVIL,1
8.54,5,7,3,3,85,31,274,5,CSE,1
8.53,5,4,1,1,30,18,113,2,CSE,1
7.61,5,3,6,3,67,70,239,3,CSE,1
7.21,4,7,0,3,34,23,427,6,IT,1
9.66,6,4,4,0,83,17,251,6,CSE,1
7.25,4,9,0,3,73,61,263,4,CSE,1
8.49,0,7,2,0,55,69,430,3,IT,1
9.51,5,8,7,2,94,31,377,1,IT,1
9.66,1,1,3,2,5,56,400,6,IT,1
8.92,2,7,0,1,13,7,68,3,CSE,1
7.23,6,10,0,2,31,100,489,7,CSE,1
8.02,1,10,3,0,30,0,273,3,CSE,1
9.98,0,10,6,2,1,53,19,3,CSE,1
5.62,3,2,4,3,41,72,64,7,ECE,1
8.13,5,5,6,2,54,91,72,1,MECH,1
8.44,1,1,1,2,24,71,439,8,MECH,1
9.11,0,8,0,1,37,39,131,8,ECE,1
8.14,3,8,0,2,20,4,223,2,CSE,1
5.98,4,2,3,1,48,93,120,5,CIVIL,1
8.6,5,4,5,3,99,96,379,3,CIVIL,1
8.8,0,6,0,3,97,79,135,8,CSE,1
6.09,3,4,6,1,76,90,471,6,CIVIL,1
9.32,5,4,3,3,6,39,254,6,CIVIL,1
6.79,1,10,6,0,91,28,477,1,IT,1
5.59,3,5,3,1,43,38,425,1,CSE,1
9.44,1,8,4,3,13,49,57,1,MECH,1
7.38,6,3,3,3,67,71,293,4,CIVIL,1
6.24,0,9,3,1,93,51,88,6,CSE,1
5.76,2,2,6,0,48,9,78,4,IT,1
7.07,4,8,7,2,6,78,333,4,IT,1
7.3,0,1,0,0,67,40,144,6,ECE,1
9.07,2,10,6,0,46,7,10,4,CIVIL,1
7.13,5,1,7,3,27,75,384,2,MECH,1
6.7,0,2,8,1,45,40,456,3,IT,1
8.54,1,4,3,2,14,14,209,7,ECE,1
8.01,2,6,4,3,86,32,43,2,CSE,1
9.65,3,2,7,0,25,46,191,7,CSE,1
6.03,1,4,1,1,96,30,337,3,IT,1
6.51,1,9,0,0,78,71,407,2,CIVIL,1
9.41,1,10,2,3,39,86,417,2,CIVIL,1
7.16,1,3,2,2,85,98,265,6,MECH,1
8.54,2,4,6,1,59,3,454,5,CIVIL,1
5.84,5,8,8,3,22,94,86,5,CIVIL,1
6.11,3,9,8,0,11,22,478,6,CSE,1
7.29,5,3,3,1,34,52,351,2,MECH,1
5.85,3,2,6,0,0,84,336,2,CSE,1
9.46,6,0,1,2,14,43,203,1,CIVIL,1
9.15,3,6,7,3,30,65,134,8,CIVIL,1
9.42,1,2,5,0,15,1,207,7,CIVIL,1
8.8,4,7,6,2,72,9,123,1,IT,1
6.57,6,8,5,2,84,25,315,1,CIVIL,1
6.75,0,0,7,2,24,60,304,2,ECE,1
5.76,4,8,1,2,8,93,500,4,MECH,1
6.01,5,8,2,1,75,41,134,6,CSE,1
6.72,6,3,6,3,59,87,158,4,MECH,1
6.71,3,10,5,1,4,96,275,6,ECE,1
6.56,0,10,7,3,31,95,289,6,MECH,1
6.22,4,5,6,0,45,68,197,5,IT,1
7.27,6,10,6,1,53,5,486,2,IT,1
8.21,6,9,2,1,8,24,139,6,MECH,1
8.69,4,4,5,1,19,70,326,7,IT,1
8.17,4,1,6,0,3,31,160,5,MECH,1
6.89,0,4,6,2,90,1,386,1,IT,1
6.98,0,10,8,3,12,44,35,5,IT,1
8.08,6,9,4,3,91,85,98,6,MECH,1
8.88,3,1,8,1,16,61,92,1,CSE,1
6.32,1,5,6,1,20,77,281,5,ECE,1
6.73,2,3,1,1,44,22,41,7,IT,1
9.39,6,9,5,0,75,41,222,5,IT,1
7.21,6,5,8,0,28,23,472,3,ECE,1
5.6,1,6,0,2,94,44,50,2,IT,1
9.45,6,5,1,1,58,12,365,8,IT,1
8.57,1,1,0,3,18,24,142,4,IT,1
9.41,1,9,3,1,65,25,274,5,ECE,1
7.12,1,5,6,2,66,62,52,6,MECH,1
9.54,0,5,1,3,54,77,406,6,MECH,1
6.71,4,10,4,1,28,23,471,6,ECE,1
6.13,6,2,2,1,8,22,45,1,IT,1
9.03,2,7,3,2,43,0,200,7,ECE,1
5.89,2,0,2,3,100,55,137,5,ECE,1
9.41,5,4,4,3,99,69,471,2,IT,1
5.62,2,6,3,1,17,17,400,3,CIVIL,1
6.08,6,6,7,0,73,34,243,6,CSE,1
9.99,6,5,8,3,88,65,152,7,MECH,1
7.41,2,2,5,1,91,77,17,3,CIVIL,1
7.72,6,5,2,2,71,32,415,5,IT,1
7.35,5,4,7,0,32,44,110,8,MECH,1
7.57,2,10,8,2,79,60,35,2,CSE,1
6.08,2,10,3,3,64,51,49,2,MECH,1
9.01,6,6,3,0,79,86,134,4,ECE,1
6.21,4,5,4,3,29,10,119,5,MECH,1
7.49,2,7,1,1,1,49,306,1,CSE,1
9.27,6,1,7,2,42,14,10,5,MECH,1
6.66,0,6,0,2,72,72,96,5,MECH,1
7.63,5,1,7,0,16,22,332,4,CIVIL,1
6.53,0,7,0,3,40,96,439,6,CSE,1
7.33,6,2,6,0,49,74,197,8,CIVIL,1
9.76,6,9,2,3,14,21,123,4,MECH,1
6.55,6,10,4,2,76,59,283,5,CIVIL,1
7.85,5,4,1,1,69,24,114,6,CSE,1
7.59,6,9,3,2,15,27,113,8,CIVIL,1
8.6,0,0,7,0,56,2,120,4,CIVIL,1
6.76,0,3,7,3,32,25,245,5,ECE,1
9.89,3,3,5,2,96,100,71,7,ECE,1
5.56,1,4,7,1,61,82,225,1,MECH,1
6.84,5,10,5,2,97,28,326,4,CIVIL,1
7.78,2,3,2,0,6,13,414,2,ECE,1
6.08,5,1,0,2,78,12,250,5,IT,1
5.99,6,1,0,0,36,58,498,8,IT,1
7.31,5,8,7,2,20,47,107,5,MECH,1
6.72,5,3,2,1,9,52,266,2,IT,1
7.38,6,6,6,0,81,48,370,4,CSE,1
6.02,0,10,2,2,37,75,346,6,IT,1
7.63,0,0,2,3,36,56,270,6,MECH,1
6.58,5,3,6,1,83,89,146,6,MECH,1
9.61,2,10,3,2,15,7,284,8,CIVIL,1
6.66,5,1,1,2,41,75,124,4,MECH,1
6.5,2,10,5,3,60,56,481,7,CIVIL,1
6.29,1,8,1,0,43,40,435,3,MECH,1
5.6,3,2,3,3,69,69,285,5,CSE,1
6.57,6,3,4,1,86,37,211,2,MECH,1
6.37,2,4,8,0,29,64,167,7,IT,1
7.02,1,3,4,0,34,55,321,1,CSE,1
7.35,4,10,7,3,49,55,438,1,CSE,1
7.94,0,9,4,0,80,60,177,5,CIVIL,1
5.85,6,8,1,1,99,13,190,6,MECH,1
6.77,4,1,8,3,79,75,473,1,CIVIL,1
7.11,3,8,1,0,48,32,93,7,ECE,1
9.46,1,2,3,3,33,22,447,2,MECH,1
9.44,0,8,2,1,24,97,495,6,IT,1
8.8,6,3,6,1,24,37,463,7,CIVIL,1
9.66,1,0,3,1,82,55,498,7,ECE,1
7.42,6,9,0,1,9,61,295,7,ECE,1
6.77,0,0,7,2,90,82,219,3,IT,1
5.51,5,3,1,3,74,47,73,1,MECH,1
8.57,5,7,6,0,34,21,56,1,MECH,1
9.36,1,6,3,0,52,61,188,3,ECE,1
9.88,2,1,6,2,98,33,393,2,MECH,1
9.75,4,3,5,1,29,6,279,3,ECE,1
7.44,1,8,7,0,10,70,318,4,IT,1
9.5,0,2,3,2,83,72,156,6,CSE,1
7.79,5,5,0,2,56,23,219,7,IT,1
9.42,1,7,2,3,89,85,183,4,ECE,1
6.49,2,8,8,0,5,13,199,2,CIVIL,1
9.83,4,4,6,2,67,69,369,1,CIVIL,1
7.23,6,8,2,0,0,4,244,4,CSE,1
9.96,6,7,5,1,52,69,307,8,MECH,1
5.55,2,6,7,1,23,63,382,1,MECH,1
9.81,1,0,0,1,60,28,269,6,ECE,0
9.27,2,5,1,0,49,23,191,2,ECE,1
8.7,6,10,0,3,17,52,202,4,IT,1
8.04,6,6,5,0,27,23,429,5,ECE,1
8.22,2,0,8,3,90,86,125,8,ECE,1
9.13,2,8,2,0,92,51,155,8,IT,1
8.61,5,2,6,2,5,10,450,5,ECE,1
9.81,2,9,7,1,72,93,108,6,MECH,1
9.6,5,1,4,0,90,99,76,8,ECE,1
7.85,2,5,0,1,28,72,24,2,ECE,1
7.57,1,8,4,2,87,22,465,7,ECE,1
8.51,2,4,2,0,21,78,322,8,IT,1
6.67,3,8,5,2,32,50,4,3,ECE,1
8.22,1,0,7,1,50,5,33,6,CSE,1
8.16,5,7,1,0,77,99,53,6,MECH,1
8.21,1,5,3,2,11,75,365,2,ECE,1
9.37,0,3,4,3,24,74,47,3,MECH,1
7.96,2,6,6,1,70,13,311,6,MECH,1
7.82,0,8,4,0,76,70,384,7,CSE,1
7.4,2,0,4,1,31,80,267,5,ECE,1
6.01,6,4,4,3,64,56,49,3,IT,1
7.63,5,8,5,0,10,47,486,8,ECE,1
5.78,2,5,7,2,0,33,271,2,CIVIL,1
9.75,3,10,0,3,86,1,325,5,MECH,1
6.42,3,6,3,3,77,86,338,5,CSE,1
5.7,4,4,4,1,55,78,410,5,IT,1
9.11,5,0,5,2,87,6,409,8,MECH,1
6.79,5,6,7,2,55,22,349,4,ECE,1
9.35,2,9,5,1,43,6,369,3,IT,1
6.11,2,2,5,2,29,9,483,2,CIVIL,1
7.97,0,7,7,0,57,45,479,5,CSE,1
8.33,0,6,2,1,77,59,30,1,MECH,1
9.3,3,1,3,2,96,99,204,6,IT,1
8.32,3,0,2,3,47,96,279,1,IT,1
8.73,6,1,6,1,83,29,305,1,CIVIL,1
9.41,0,5,5,0,17,75,349,4,MECH,1
6.67,1,7,4,3,20,15,464,6,ECE,1
9.13,5,4,0,0,86,96,240,3,MECH,1
9.14,5,7,1,2,37,47,382,4,MECH,1
6.86,6,9,4,1,96,68,428,7,CIVIL,1
8.47,3,1,7,2,92,80,365,2,ECE,1
8.31,3,8,8,2,40,29,313,5,ECE,1
6.83,6,9,5,2,11,96,276,5,CSE,1
7.89,3,7,0,3,0,65,38,2,IT,1
9.65,3,6,6,3,6,53,320,2,IT,1
5.76,5,4,5,2,39,18,398,4,CSE,1
8.68,2,1,6,2,59,81,174,1,IT,1
7.67,6,7,1,1,74,14,77,8,CSE,1
7.01,6,2,6,2,62,25,190,6,CSE,1
7.29,4,2,5,1,34,73,121,5,CSE,1
7.17,6,5,3,1,97,67,391,7,CSE,1
9.6,2,4,6,1,33,33,156,5,IT,1
6.58,1,2,6,3,28,41,294,6,ECE,1
7.01,3,4,1,1,54,3,90,6,IT,1
6.02,3,1,4,3,22,94,102,6,ECE,1
8.25,1,8,1,0,77,31,407,8,IT,1
9.25,1,10,2,0,90,23,144,4,IT,1
9.63,0,7,5,0,52,2,75,3,CSE,1
6.52,1,5,8,2,61,14,69,3,MECH,1
9.44,5,10,7,1,46,58,122,1,ECE,1
6.82,4,3,7,2,69,87,219,8,MECH,1
9.06,4,2,5,3,99,17,428,5,MECH,1
5.62,5,8,5,1,69,88,188,1,IT,1
7.59,2,2,1,0,56,22,254,6,CIVIL,1
9.78,1,9,4,2,70,33,29,1,CIVIL,1
9.96,2,3,1,0,19,33,393,8,CSE,1
8.4,0,6,5,1,38,83,324,6,ECE,1
8.82,0,4,7,1,36,94,64,5,ECE,1
5.65,6,10,4,1,37,59,285,4,CIVIL,1
8.27,6,1,1,0,69,94,484,6,CSE,1
6.84,6,7,8,2,5,7,231,2,CSE,1
9.98,1,10,1,2,45,0,46,8,CIVIL,1
8.21,6,3,4,0,28,60,300,3,ECE,1
8.05,6,9,3,0,67,1,58,2,ECE,1
6.73,2,8,0,1,53,9,22,5,ECE,1
8.12,2,5,4,1,22,26,360,8,IT,1
7.32,0,1,3,0,21,35,81,1,IT,1
7.23,6,8,2,1,100,75,440,4,IT,1
7.07,1,2,1,2,8,46,285,6,IT,1
5.67,1,1,8,0,3,80,486,5,CSE,1
9.67,3,0,8,3,100,86,56,7,MECH,1
6.79,2,3,7,1,67,80,362,2,IT,1
9.93,2,5,3,0,19,61,296,5,CSE,1
7.25,2,7,7,2,40,20,141,6,IT,1
9.02,1,9,0,2,28,67,329,2,IT,1
7.78,1,0,4,2,74,86,441,6,ECE,1
9.3,0,7,2,0,92,70,233,1,ECE,1
8.51,3,2,5,0,51,49,291,7,ECE,1
7.6,0,10,6,2,0,4,402,2,ECE,1
6.99,2,5,7,0,67,69,210,4,MECH,0
6.84,2,7,4,3,16,9,104,5,CIVIL,1
9.51,2,3,7,2,80,46,363,3,ECE,1
9.78,0,0,3,3,58,91,480,8,MECH,1
7.47,1,7,7,2,54,84,445,3,IT,1
8.36,3,7,3,2,97,27,89,5,ECE,1
9.98,3,9,4,0,74,46,482,6,CSE,1
7.19,0,7,0,0,0,98,246,4,MECH,1
6.91,3,10,7,1,95,70,446,4,CSE,1
8.66,6,4,2,3,96,9,109,3,IT,1
5.86,5,9,1,2,38,28,414,2,CIVIL,1
7.59,3,5,8,0,15,72,232,1,ECE,1
7.09,1,2,3,2,71,97,484,6,MECH,1
9.15,5,0,0,0,60,22,223,4,MECH,1
5.68,3,1,3,0,3,69,451,6,IT,1
9.54,0,7,7,3,0,19,456,3,CIVIL,1
8.4,4,1,5,1,1,69,8,3,ECE,1
9.51,6,0,1,0,10,35,417,4,IT,1
6.05,0,3,1,0,16,55,275,1,CSE,1
6.17,2,10,0,1,77,74,217,6,IT,1
7.66,6,3,6,0,44,74,104,8,MECH,1
6.91,6,5,2,0,47,12,104,2,MECH,1
6.42,2,2,3,3,53,74,18,1,MECH,1
6.2,6,6,7,2,48,40,326,6,IT,1
9.99,1,8,1,0,37,91,103,8,CIVIL,1
8.04,0,2,2,1,51,17,124,7,MECH,1
9.48,6,2,5,3,8,61,433,3,CSE,1
9.68,2,8,7,3,90,21,279,1,CIVIL,1
9.67,2,9,1,0,60,57,91,5,MECH,1
7.93,3,8,3,0,30,6,452,1,IT,1
9.93,5,1,4,0,99,13,322,3,CSE,1
9.28,2,5,7,0,37,0,249,7,CIVIL,1
8.04,2,0,8,3,99,88,160,6,CSE,1
6.48,1,10,5,0,94,61,204,3,IT,1
8.66,0,3,6,1,57,27,386,6,CIVIL,1
6.35,4,2,1,1,47,60,182,2,IT,1
5.61,3,0,2,0,39,69,213,3,CSE,1
6.92,2,6,4,1,99,41,78,6,MECH,1
6.37,1,9,2,3,69,40,417,3,IT,1
8.07,6,1,4,2,93,7,412,3,MECH,1
6.75,5,2,6,2,1,89,340,3,CSE,1
8.94,6,3,4,3,49,86,98,4,ECE,1
7.92,1,0,4,1,1,39,381,5,CIVIL,1
6.15,2,2,1,3,16,46,109,8,CIVIL,1
8.51,4,9,1,0,49,13,42,2,ECE,1
5.69,0,7,5,0,34,90,101,6,MECH,1
5.86,5,3,6,1,83,22,271,2,MECH,1
8.99,4,9,8,2,98,60,372,4,MECH,1
7.09,1,5,4,3,50,51,384,3,CIVIL,1
9.37,5,0,1,2,30,6,354,4,MECH,1
8.03,5,9,3,3,44,91,170,7,IT,1
8.78,6,5,3,3,14,51,290,6,CIVIL,1
9.21,4,9,7,3,85,39,240,7,MECH,1
6.91,4,4,2,1,65,46,2,6,CIVIL,1
8.03,0,7,8,3,37,46,4,4,CIVIL,1
7.99,0,3,1,2,19,46,330,4,IT,1
9.11,6,1,7,1,86,60,419,4,MECH,1
9.73,1,9,2,1,87,7,335,6,CSE,1
8.97,3,7,7,1,60,59,368,1,IT,1
9.32,1,6,1,3,3,46,141,6,CIVIL,1
7.16,4,0,2,3,82,91,71,2,CIVIL,1
7.65,4,6,8,3,22,91,441,5,ECE,1
7.43,3,1,4,1,34,57,401,3,IT,1
5.94,2,5,5,2,45,14,117,6,MECH,1
9.23,4,8,8,2,6,84,480,3,IT,1
7.34,4,3,5,1,24,46,389,7,ECE,1
7.85,1,4,3,2,69,47,46,1,CSE,1
6.83,6,4,6,0,48,80,199,6,MECH,1
8.04,6,5,5,2,7,50,86,1,IT,1
9.19,1,7,8,0,83,30,492,7,CSE,1
8.17,1,3,6,0,94,97,92,7,IT,1
9.13,5,0,5,3,65,51,440,4,ECE,1
6.06,3,4,2,0,45,71,149,2,IT,1
8.5,6,3,8,0,55,37,87,6,ECE,1
7.45,1,8,5,2,25,37,259,6,ECE,1
6.73,0,6,3,3,75,54,148,1,ECE,1
9.89,6,2,1,1,63,100,244,7,CSE,1
8.6,0,6,7,0,96,10,86,7,IT,1
9.49,1,3,4,2,78,63,387,2,MECH,1
6.65,1,5,2,3,7,58,149,4,CIVIL,1
7.9,2,1,6,1,74,85,256,7,ECE,1
6.84,6,5,5,0,84,0,360,8,ECE,1
7.57,5,10,6,3,12,72,164,8,MECH,1
6.14,1,0,8,3,79,61,435,2,MECH,1
8.34,2,6,7,2,78,7,437,3,IT,1
8.51,5,1,0,3,59,65,80,5,IT,1
7.94,2,10,4,3,22,93,258,3,ECE,1
8.22,0,9,0,2,32,31,486,7,MECH,1
6.58,1,3,5,2,59,42,168,7,IT,1
6.21,0,8,4,1,38,47,467,7,MECH,1
7.17,5,10,8,1,53,46,356,5,ECE,1
9.95,4,9,2,3,41,39,387,8,IT,1
8.35,5,9,7,0,57,88,364,4,CSE,1
7.26,4,1,6,1,25,58,140,2,CIVIL,1
7.75,4,3,0,1,48,50,92,5,MECH,1
8.24,0,9,0,2,27,79,351,1,ECE,1
5.53,6,9,7,0,11,22,201,6,CSE,1
5.95,2,6,4,1,2,31,340,5,IT,1
6.66,4,2,6,2,62,64,321,6,ECE,1
7.52,1,6,4,2,23,39,462,6,IT,1
6.11,3,7,0,0,84,58,60,2,CSE,1
6.61,4,2,7,3,58,50,185,7,ECE,1
8.32,5,0,8,3,80,63,6,3,CSE,1
8.17,2,4,4,1,36,30,29,3,CIVIL,1
9.61,2,1,0,1,40,100,199,5,IT,1
9.08,6,0,7,0,14,37,38,2,ECE,1
5.92,2,2,4,1,59,8,401,5,MECH,1
7.91,1,6,0,0,88,93,288,6,ECE,1
5.76,1,1,4,1,81,25,402,1,CIVIL,1
9.66,1,1,2,3,77,0,25,4,ECE,1
9.85,5,1,5,3,73,47,327,7,IT,1
8.91,6,6,8,2,19,81,432,6,MECH,1
8.12,2,0,2,1,72,12,21,8,ECE,1
6.28,1,2,4,1,22,98,227,4,IT,1
6.5,4,0,1,3,82,36,370,8,MECH,1
9.82,2,0,3,2,16,90,468,2,CIVIL,1
7.24,3,6,4,1,64,21,277,3,MECH,1
8.0,3,3,4,2,59,3,467,3,MECH,1
8.59,4,1,2,3,75,27,370,8,CSE,1
7.6,2,3,3,2,55,28,444,6,IT,1
6.89,0,8,5,0,69,27,159,1,CSE,1
9.99,1,9,0,1,99,2,76,6,MECH,1
5.95,4,10,3,3,24,69,85,1,MECH,1
9.92,3,3,6,0,80,11,442,5,CSE,1
5.66,5,2,6,0,28,23,356,4,IT,1
6.64,6,9,3,1,10,24,43,3,CIVIL,1
9.62,4,5,6,1,29,93,104,3,CIVIL,1
6.51,2,2,1,3,33,96,462,7,ECE,1
6.79,2,1,1,1,63,41,348,8,ECE,1
6.56,1,1,1,3,78,63,374,1,IT,1
7.47,0,3,1,0,68,4,303,5,CSE,1
5.76,5,9,5,3,15,85,333,7,ECE,1
9.58,6,8,1,3,73,75,148,6,MECH,1
9.34,6,7,4,2,56,10,6,6,IT,1
8.46,5,9,0,3,24,18,196,3,IT,1
9.58,0,3,4,2,20,73,57,8,IT,1
8.95,2,10,6,1,44,71,440,3,MECH,1
9.41,4,8,6,1,94,51,214,3,MECH,1
5.88,3,9,7,1,16,78,177,7,ECE,1
8.7,6,7,2,1,99,86,158,8,MECH,1
8.18,3,7,6,2,91,96,75,3,IT,1
8.41,4,7,4,1,66,71,465,3,CSE,1
9.55,0,8,3,3,21,83,11,3,IT,1
6.33,6,9,8,1,24,19,287,5,CSE,1
8.76,3,0,3,0,64,94,499,4,MECH,1
7.79,2,4,2,0,51,12,121,1,IT,1
9.0,0,3,8,0,51,47,249,2,IT,1
7.66,4,4,1,3,60,81,0,4,IT,1
6.12,4,1,2,3,96,43,62,5,CSE,1
9.49,4,10,8,3,96,96,181,8,CSE,1
9.58,2,3,7,0,78,47,355,2,CSE,1
6.85,0,8,2,3,87,100,131,7,ECE,1
5.57,2,1,3,1,45,20,108,5,CIVIL,1
6.06,3,5,5,2,24,53,420,1,CSE,1
6.84,1,2,4,0,86,36,343,4,ECE,1
6.59,0,6,0,0,79,76,79,5,IT,1
7.14,3,10,2,3,74,20,473,7,IT,1
8.28,2,5,7,2,45,73,91,3,MECH,1
7.45,2,4,8,2,57,4,90,3,MECH,1
8.52,0,7,7,0,73,44,309,6,CSE,1
7.6,1,10,2,0,60,75,387,3,IT,1
9.74,2,6,7,2,52,98,358,7,ECE,1
8.12,6,1,7,2,6,5,198,4,ECE,1
7.81,5,1,3,0,44,75,222,7,ECE,1
8.91,0,2,0,2,73,48,481,2,MECH,1
5.65,6,5,3,3,50,16,305,1,ECE,1
8.81,4,1,5,0,55,94,171,5,CSE,1
9.25,4,3,6,2,25,75,252,4,ECE,1
6.29,0,4,4,3,58,54,269,3,ECE,1
8.31,0,6,1,1,15,35,11,1,ECE,1
7.82,1,9,1,2,48,42,174,6,IT,1
8.6,5,9,2,1,13,98,335,5,MECH,1
6.44,1,3,5,1,6,90,117,4,IT,1
6.9,5,9,8,2,97,55,102,1,CIVIL,1
6.22,3,5,5,1,83,57,401,4,CSE,1
7.63,2,8,3,2,82,94,76,4,IT,1
9.11,2,1,0,0,30,48,445,4,CIVIL,1
9.87,0,3,5,2,21,57,265,3,MECH,1
6.99,3,3,4,3,93,26,486,5,ECE,1
5.92,2,9,1,1,97,57,420,2,ECE,1
6.5,1,8,3,2,43,38,190,5,CSE,1
6.16,5,5,0,3,58,92,321,3,MECH,1
7.83,2,6,1,1,76,55,190,5,ECE,1
5.97,1,2,8,0,14,16,162,1,ECE,1
8.01,6,3,1,2,30,17,329,7,CSE,1
6.32,3,7,8,2,43,59,69,2,IT,1
9.43,1,8,6,2,12,71,424,8,MECH,1
6.61,3,4,2,0,21,87,282,1,IT,1
9.98,2,7,0,2,79,90,41,8,MECH,1
9.97,1,10,7,2,74,51,393,1,IT,1
6.42,0,4,4,1,45,82,32,5,IT,1
8.92,6,7,2,3,57,88,123,8,IT,1
6.49,3,0,0,1,55,100,57,5,CSE,1
5.6,4,3,8,3,19,67,428,3,IT,1
9.02,0,8,0,1,30,9,148,3,CIVIL,1
9.26,3,5,7,0,96,52,309,6,MECH,1
8.06,3,0,3,2,26,2,334,8,CSE,1
9.92,4,8,3,3,66,74,77,7,MECH,1
7.26,6,7,4,2,49,29,143,8,IT,1
8.14,6,9,0,0,10,49,435,7,MECH,1
9.61,5,10,6,1,42,95,304,4,MECH,1
7.94,2,10,1,0,22,67,291,8,ECE,1
8.3,5,9,4,1,38,2,428,8,CSE,1
7.7,4,1,3,1,66,25,36,6,CSE,1
9.31,1,8,0,1,1,90,392,8,ECE,1
5.66,4,9,5,3,39,86,265,2,IT,1
6.4,5,1,3,3,84,99,496,7,MECH,1
7.85,2,10,2,3,33,36,234,6,ECE,1
7.82,1,0,2,0,10,82,374,7,IT,1
7.13,5,10,4,0,67,6,399,6,CSE,1
6.63,2,8,7,2,42,80,40,1,CIVIL,1
8.44,3,6,3,0,44,36,53,6,ECE,1
7.49,1,6,6,1,89,73,284,7,ECE,1
9.28,5,10,4,1,80,35,359,2,CIVIL,1
7.04,4,6,4,3,30,73,137,8,IT,1
9.38,0,2,2,3,5,62,484,7,IT,0
8.41,0,0,2,2,70,19,175,5,ECE,1
8.84,5,1,0,2,61,99,428,1,MECH,1
5.66,3,4,4,3,29,51,353,4,CIVIL,1
9.34,6,10,8,2,97,87,199,7,ECE,1
7.21,6,10,4,1,3,2,450,4,MECH,1
5.55,0,5,1,0,24,82,84,1,CSE,1
9.73,4,8,1,1,56,51,192,8,MECH,1
9.39,5,7,0,0,62,94,483,1,ECE,1
8.86,4,5,0,2,16,15,237,7,CSE,1
8.2,1,1,4,1,22,7,157,8,IT,1
7.07,2,7,7,2,33,54,245,8,CIVIL,1
9.51,6,1,6,2,69,10,342,3,ECE,1
6.94,0,1,2,2,19,57,81,5,MECH,1
7.9,5,9,4,1,12,94,159,6,CSE,1
8.1,4,1,0,1,75,36,241,8,CSE,1
6.57,5,7,5,1,41,14,107,3,CIVIL,1
6.54,5,10,3,3,75,19,466,7,MECH,1
6.23,2,7,6,2,67,69,291,3,IT,1
9.29,4,0,6,1,50,34,82,4,CIVIL,1
7.39,4,0,4,0,48,35,67,1,MECH,1
7.63,0,0,4,0,85,75,487,1,MECH,1
7.97,5,10,3,1,55,81,6,7,MECH,1
8.07,6,5,2,1,20,47,56,5,ECE,1
8.25,3,8,4,3,10,59,242,4,IT,1
9.25,5,6,6,0,87,87,154,3,MECH,1
5.92,1,9,3,1,35,32,189,3,MECH,1
6.13,1,7,4,0,36,5,238,6,ECE,1
5.82,1,5,7,1,48,79,49,6,CSE,1
5.8,1,3,3,1,59,58,130,4,MECH,1
7.97,4,2,7,0,40,71,1,7,IT,1
7.99,4,1,1,0,79,43,2,2,CIVIL,1
9.37,2,3,5,1,28,79,241,4,ECE,1
5.72,1,5,2,0,46,81,87,4,IT,1
8.32,0,1,3,0,98,72,274,4,CSE,1
7.7,1,3,1,1,60,17,327,7,CSE,1
9.8,6,5,5,1,45,1,385,2,MECH,1
6.82,6,6,3,0,78,98,378,3,IT,1
7.17,6,6,8,2,12,40,4,1,MECH,1
7.01,1,10,1,1,2,89,187,2,CSE,1
8.93,0,3,0,3,16,93,137,5,CIVIL,1
5.74,6,1,6,3,85,10,336,3,CIVIL,1
9.39,1,0,2,1,92,55,496,4,MECH,1
8.73,6,7,1,1,77,4,311,2,CIVIL,1
6.03,3,1,3,2,89,36,342,3,IT,1
7.82,4,9,5,2,21,55,346,4,IT,1
6.47,2,6,4,1,50,69,130,6,CIVIL,1
6.97,2,0,7,0,36,18,390,5,IT,1
5.84,6,6,0,1,60,99,371,4,CSE,1
6.53,5,8,6,3,44,93,483,2,MECH,1
6.56,6,8,6,0,73,6,296,1,IT,1
6.27,2,2,4,3,27,30,39,7,ECE,1
9.52,0,5,6,0,61,53,361,6,IT,1
6.07,2,5,1,3,85,30,122,7,CIVIL,1
8.84,0,5,6,3,100,63,434,7,CIVIL,1
9.53,2,10,6,2,0,54,20,8,CIVIL,1
5.76,6,5,2,0,64,86,68,1,MECH,1
9.55,5,0,1,0,85,63,250,7,ECE,0
9.92,3,9,3,2,33,61,366,6,CSE,1
7.41,0,3,0,2,26,77,233,5,CIVIL,1
7.45,6,2,3,0,6,38,340,6,CSE,1
6.33,5,10,2,2,54,84,352,8,IT,1
7.43,1,1,2,3,56,13,140,1,CSE,1
9.37,5,6,2,2,76,32,141,6,IT,1
9.48,6,0,5,0,90,35,426,6,CIVIL,1
9.82,3,7,2,3,96,51,293,5,IT,1
6.63,3,1,6,0,84,57,474,2,MECH,1
6.34,5,6,5,0,3,34,238,6,IT,1
9.72,2,6,3,3,37,46,268,5,CIVIL,1
8.69,2,0,6,1,64,51,369,5,IT,1
6.48,2,5,1,2,96,52,267,4,CIVIL,1
8.46,6,2,3,1,6,85,107,4,ECE,1
5.66,0,0,1,0,42,81,208,3,CIVIL,1
9.65,0,0,0,1,5,50,430,4,IT,1
7.4,5,8,2,1,71,42,19,2,ECE,1
9.52,3,4,1,0,18,97,352,6,MECH,1
9.23,3,7,3,0,98,97,215,3,IT,1
9.52,4,2,5,1,94,72,25,3,CIVIL,1
9.73,3,0,4,1,96,72,341,5,ECE,1
9.1,0,0,2,2,7,57,123,8,ECE,1
7.33,6,1,1,1,20,73,17,6,CIVIL,1
6.46,6,10,5,2,51,13,498,5,MECH,1
5.67,1,3,6,1,26,99,429,5,ECE,1
7.96,3,7,2,2,83,32,352,4,IT,1
9.33,5,2,2,1,61,54,2,1,IT,1
6.97,5,9,6,2,19,100,255,4,MECH,1
6.22,5,7,7,0,4,26,197,8,MECH,1
8.06,2,0,4,1,89,100,108,7,CSE,1
7.59,1,6,3,0,41,15,59,6,MECH,1
7.65,3,4,7,1,51,17,330,8,CSE,1
9.09,5,9,7,3,82,67,191,2,IT,1
9.47,0,6,0,2,14,35,470,7,ECE,1
9.81,1,2,7,3,48,83,192,5,IT,1
6.42,3,1,7,2,73,25,48,5,CSE,1
8.14,0,0,2,3,21,69,491,6,MECH,1
9.63,5,3,5,3,56,42,137,5,MECH,1
9.9,3,1,1,2,49,44,381,1,CIVIL,1
7.36,6,5,5,0,79,29,375,6,CIVIL,1
7.89,6,6,6,0,0,3,358,5,ECE,1
7.81,6,4,8,2,12,47,225,8,CIVIL,1
6.93,1,6,7,1,68,35,418,8,CIVIL,1
5.57,2,5,0,0,45,71,251,5,IT,1
7.53,4,3,3,1,60,19,473,2,MECH,1
8.11,3,4,2,0,1,14,242,7,MECH,1
5.52,0,10,4,1,59,42,296,8,CSE,1
7.97,2,0,8,1,60,12,8,7,ECE,1
8.5,1,9,8,1,29,38,499,4,IT,1
7.86,1,8,1,1,52,88,218,7,IT,1
5.94,3,5,0,0,54,55,332,7,CSE,1
7.06,3,2,2,1,0,55,96,7,CSE,1
6.96,5,10,3,1,61,93,168,6,ECE,1
9.79,5,1,7,3,31,0,425,3,MECH,1
7.14,6,1,3,1,11,100,173,7,ECE,1
9.17,5,10,1,2,44,52,440,4,CSE,1
6.75,5,6,8,3,24,2,290,5,ECE,1
7.48,6,1,1,3,24,72,127,8,CIVIL,1
7.56,6,1,0,1,53,68,227,8,CIVIL,1
9.62,4,8,0,2,44,92,120,5,ECE,1
9.09,5,6,3,0,7,18,476,8,IT,1
9.03,3,2,7,2,35,100,473,1,MECH,1
5.51,2,0,4,0,0,33,470,5,CIVIL,1
7.36,0,2,0,1,93,65,204,7,MECH,1
6.54,2,9,1,3,39,10,157,5,CIVIL,1
5.86,5,7,2,0,79,13,435,1,MECH,1
6.87,0,0,6,0,19,19,489,8,IT,1
9.15,3,6,4,2,21,59,30,1,ECE,1
5.98,6,6,7,1,56,66,293,1,IT,1
8.43,2,7,6,0,87,87,476,1,IT,1
7.85,6,10,3,0,29,81,402,2,IT,1
9.5,5,8,7,0,31,24,164,3,CSE,1
5.8,2,3,1,3,50,44,149,8,MECH,1
6.62,3,10,7,1,21,49,192,4,ECE,1
5.68,0,5,8,0,79,97,146,4,CSE,1
6.38,5,2,5,2,62,88,491,5,CIVIL,1
5.69,6,6,8,1,84,90,70,2,IT,1
6.25,4,4,6,0,21,38,440,5,MECH,1
5.84,0,8,1,3,16,41,90,4,ECE,1
7.7,4,3,1,1,50,26,317,6,CIVIL,1
5.63,1,9,1,0,18,62,159,7,CIVIL,1
8.64,0,7,3,2,55,71,180,2,MECH,1
6.05,1,3,4,2,66,70,424,2,CIVIL,1
7.98,5,2,5,2,47,71,80,3,CSE,1
6.91,3,0,0,0,20,66,51,8,CIVIL,1
8.71,0,10,8,0,75,46,234,2,CSE,1
5.9,0,9,6,3,69,86,260,1,ECE,1
9.98,0,5,1,3,75,27,326,5,CIVIL,1
5.91,5,3,4,3,15,62,482,2,ECE,1
9.46,3,3,7,3,92,71,58,6,ECE,1
7.52,3,5,3,0,47,53,146,3,MECH,1
9.97,1,4,7,3,63,23,288,6,CSE,1
5.95,4,7,3,2,38,88,178,6,IT,1
8.29,4,8,2,0,68,97,447,7,MECH,1
6.64,2,10,1,3,87,54,160,3,ECE,1
6.69,1,2,7,2,50,92,213,2,IT,1
9.65,3,6,0,3,58,50,485,2,IT,1
7.95,3,5,3,0,86,78,204,6,CIVIL,1
9.89,1,7,4,3,100,34,36,6,IT,1
7.04,6,9,3,0,80,36,465,7,IT,1
8.12,0,6,1,1,89,53,43,2,MECH,1
7.63,0,10,4,2,7,22,246,5,CSE,1
9.01,3,6,4,2,18,9,55,2,ECE,1
6.2,0,0,0,0,20,27,28,5,MECH,0
8.43,4,8,3,3,67,10,420,3,CIVIL,1
9.26,4,2,7,0,79,26,112,3,CSE,1
8.71,4,7,5,2,85,68,64,2,CIVIL,1
6.62,1,7,4,0,65,75,469,4,CIVIL,1
9.93,4,3,1,0,14,31,4,3,CSE,1
9.56,2,2,3,1,37,30,484,5,CSE,1
5.98,0,5,5,1,89,70,11,8,ECE,1
8.27,5,6,2,2,42,0,135,2,CSE,1
7.23,6,7,1,0,82,34,26,1,IT,1
9.44,2,5,6,2,61,21,243,4,CIVIL,1
5.85,4,9,3,3,65,33,33,4,MECH,1
9.95,6,5,1,3,45,42,323,8,IT,1
8.02,6,9,8,1,78,31,416,2,IT,1
9.49,2,7,3,1,38,72,486,4,ECE,1
8.66,6,10,0,2,93,60,105,2,CIVIL,1
6.29,1,3,0,3,58,50,235,6,ECE,1
6.7,6,2,8,2,50,46,186,6,CSE,1
5.64,3,4,2,3,86,100,435,5,ECE,1
8.67,3,0,6,3,36,41,409,5,CIVIL,1
6.95,3,4,0,3,24,14,191,7,CSE,1
7.88,4,1,6,1,75,86,442,8,ECE,1
8.24,0,4,2,3,19,66,42,1,CSE,1
8.25,2,6,5,1,89,61,32,5,CIVIL,1
9.68,6,6,0,0,72,61,110,4,ECE,1
9.72,4,9,3,2,3,47,165,8,IT,1
6.01,2,5,0,1,21,92,326,5,CIVIL,1
9.95,2,8,8,3,4,20,138,6,ECE,1
5.55,0,4,6,1,79,8,348,6,CIVIL,1
9.47,4,5,2,0,60,63,126,5,CSE,1
6.12,3,8,4,1,92,32,258,1,IT,1
7.56,3,8,7,3,97,55,102,3,CIVIL,1
8.41,5,6,3,2,75,81,195,5,ECE,1
5.82,5,4,3,0,46,54,30,1,ECE,1
8.02,3,7,7,2,34,36,142,4,ECE,1
8.92,4,1,1,0,92,66,16,7,IT,1
9.55,0,8,1,2,82,39,145,6,MECH,1
6.18,1,1,3,3,30,89,352,6,ECE,1
7.88,0,3,8,0,98,46,264,4,MECH,1
8.68,2,5,0,2,78,0,462,5,ECE,1
6.32,3,5,6,1,68,93,463,4,CSE,1
6.17,1,1,7,2,26,83,303,7,MECH,1
7.9,6,0,0,1,19,17,82,7,MECH,1
5.96,0,8,2,2,7,24,17,8,ECE,1
5.93,6,6,0,3,56,32,486,6,ECE,1
6.82,1,2,3,3,52,69,380,2,MECH,1
7.92,0,1,3,3,33,62,73,5,CSE,1
9.6,0,9,8,1,33,43,422,3,MECH,1
6.44,5,0,2,0,25,79,2,1,CIVIL,1
6.25,6,6,0,3,20,81,121,6,IT,1
9.95,0,8,5,2,74,71,468,6,CIVIL,1
7.55,6,6,3,0,69,37,407,4,ECE,1
7.08,6,3,4,0,20,51,294,1,MECH,1
5.68,0,6,3,0,8,48,146,2,MECH,1
8.96,6,8,8,0,36,8,126,5,MECH,1
6.8,2,3,0,1,56,49,384,1,MECH,1
7.46,3,1,5,1,37,82,343,2,CSE,1
5.89,5,8,7,3,67,80,468,1,IT,1
8.43,4,10,4,1,2,30,191,1,CIVIL,1
9.41,4,0,3,0,66,70,459,3,ECE,1
8.56,1,1,0,2,6,31,132,8,CIVIL,1
7.1,1,2,2,2,90,32,309,2,MECH,1
7.95,0,5,0,1,95,32,283,2,ECE,1
6.61,6,8,4,1,68,50,203,8,IT,1
6.2,4,5,2,0,9,29,278,4,MECH,1
5.9,5,7,1,2,43,40,405,6,ECE,1
7.09,3,9,8,0,51,50,40,1,ECE,1
9.86,2,1,3,1,60,72,22,1,ECE,1
8.24,5,2,0,0,23,97,138,1,CIVIL,1
9.6,1,2,3,3,97,0,1,6,IT,1
6.51,0,4,7,3,36,41,169,8,CSE,1
8.79,0,0,5,2,6,42,136,2,ECE,1
8.21,3,6,6,2,29,19,15,8,CSE,1
9.54,3,6,4,3,67,68,65,8,MECH,1
6.42,6,8,2,3,72,22,214,1,CSE,1
7.11,2,5,8,1,15,79,224,4,ECE,1
6.3,1,4,7,3,51,30,143,6,CSE,1
6.75,3,5,0,2,18,42,271,8,CSE,1
5.87,6,9,1,3,49,54,134,1,MECH,1
8.89,5,7,2,3,36,73,228,8,CIVIL,1
8.17,3,6,7,2,97,50,399,4,CIVIL,1
9.24,2,10,2,2,57,33,155,4,MECH,1
8.42,0,5,4,0,73,96,282,1,CSE,1
8.77,1,4,2,2,36,45,56,4,MECH,1
9.98,5,0,0,1,3,28,426,8,ECE,1
7.6,0,5,3,1,30,39,236,5,MECH,1
7.29,3,9,2,3,2,31,281,3,MECH,1
9.11,3,3,4,2,1,56,285,2,MECH,1
7.89,3,7,5,2,25,72,59,3,CSE,1
6.75,6,9,0,3,17,85,80,8,CIVIL,1
9.62,4,6,4,3,41,28,148,6,CSE,1
7.79,5,8,5,2,11,1,194,1,IT,1
9.3,6,5,2,3,54,71,22,4,MECH,1
9.15,3,7,1,2,35,96,10,4,IT,1
5.53,4,9,2,0,64,41,407,5,CSE,1
9.16,4,4,0,3,99,70,105,3,IT,1
6.18,6,8,8,2,97,4,219,3,IT,1
6.9,4,1,0,2,42,83,139,6,MECH,1
7.03,2,8,1,2,41,26,21,8,CIVIL,1
6.33,5,8,4,3,86,6,346,6,CSE,1
6.71,2,5,2,3,64,93,363,3,ECE,1
9.56,4,8,4,1,6,100,399,5,ECE,1
6.11,2,5,2,3,73,10,446,3,IT,1
5.95,1,6,3,2,88,71,37,4,ECE,1
6.77,3,6,8,0,44,30,338,5,ECE,1
5.97,4,7,7,3,51,46,31,1,MECH,1
9.13,0,3,3,3,15,14,199,3,CIVIL,1
6.9,0,9,5,3,25,52,391,6,MECH,1
7.2,4,9,6,1,52,96,278,8,ECE,1
8.46,1,9,7,3,82,14,253,2,CIVIL,1
7.07,1,7,0,3,40,88,345,7,MECH,1
7.53,4,9,4,1,28,85,92,3,IT,1
5.93,5,9,7,1,75,1,11,5,CSE,1
6.43,0,10,1,1,92,65,276,1,ECE,1
7.3,0,10,4,2,46,82,7,5,ECE,1
6.89,3,6,1,0,99,7,87,2,MECH,1
9.89,2,10,8,2,6,40,432,6,MECH,1
6.92,2,8,7,2,18,33,91,5,MECH,1
9.92,3,3,3,2,57,61,302,5,CIVIL,1
9.39,1,4,5,0,71,73,170,6,IT,1
8.08,1,4,3,2,52,53,361,2,IT,1
7.3,1,10,5,2,31,73,288,7,MECH,1
9.84,5,0,8,2,41,74,343,3,MECH,1
8.19,2,9,6,1,12,6,289,4,CIVIL,1
8.13,6,6,0,1,4,7,445,3,CIVIL,1
8.11,1,7,3,1,20,14,104,3,IT,1
9.39,3,6,3,0,38,26,319,6,ECE,1
8.31,3,7,3,2,22,11,295,8,MECH,1
9.49,0,9,5,0,17,11,251,2,CSE,1
8.85,4,8,0,3,41,8,121,3,CIVIL,1
6.06,6,4,4,1,0,22,86,4,CSE,1
6.89,3,1,1,3,29,31,371,7,CIVIL,1
9.73,0,6,2,2,89,15,40,2,IT,1
6.29,1,8,4,0,39,59,185,7,MECH,1
7.12,3,10,7,3,92,62,82,6,CSE,1
6.79,4,6,6,3,7,48,336,2,IT,1
9.87,5,6,8,1,83,54,325,5,ECE,1
8.19,1,8,8,0,83,20,136,2,CIVIL,1
6.14,2,8,6,2,50,26,87,3,CIVIL,1
6.72,4,6,7,0,71,29,343,6,CIVIL,1
7.9,5,1,6,1,25,96,139,5,CIVIL,1
8.87,1,1,1,0,33,5,196,8,CSE,1
8.19,0,6,5,1,92,19,218,2,CIVIL,1
8.34,5,5,3,2,23,21,374,8,ECE,1
9.35,5,5,8,3,9,9,287,4,CIVIL,1
6.09,1,1,0,2,75,61,53,7,ECE,1
9.72,6,1,2,1,74,37,25,2,ECE,1
7.07,1,7,8,1,21,88,147,6,CIVIL,1
7.54,4,0,6,1,69,64,448,4,CIVIL,1
9.47,3,6,1,3,12,94,121,2,ECE,1
9.57,1,7,7,0,33,9,93,3,ECE,1
7.2,6,2,2,1,9,46,164,8,ECE,1
6.86,0,10,5,1,9,25,334,2,MECH,1
9.67,4,2,7,2,26,81,223,1,IT,1
8.98,2,2,0,3,9,55,421,3,CSE,1
6.28,3,5,3,3,23,89,221,8,MECH,1
7.77,1,5,8,3,45,88,489,3,ECE,1
9.27,6,4,4,3,79,26,157,1,ECE,1
7.99,6,9,4,2,43,80,313,5,ECE,1
6.28,5,3,4,2,39,83,61,2,IT,1
5.54,4,2,6,1,17,71,134,7,MECH,1
6.88,3,9,6,0,90,57,327,6,ECE,1
9.15,1,1,8,0,16,33,199,7,CIVIL,1
8.06,0,0,2,2,62,89,382,2,CIVIL,1
7.04,2,0,0,1,30,51,304,2,IT,1
7.22,0,7,5,3,44,66,106,4,CSE,1
8.02,5,3,0,0,74,40,129,5,CSE,1
9.74,4,6,2,0,57,10,146,2,IT,1
9.37,6,3,8,3,46,17,492,4,CIVIL,1
8.27,5,8,6,3,71,10,119,2,IT,1
5.86,1,3,2,2,74,67,64,7,MECH,1
9.91,3,10,2,0,48,21,235,5,MECH,1
6.23,5,9,6,2,53,2,83,6,CIVIL,1
7.15,1,2,7,1,56,45,489,8,ECE,1
9.3,0,7,7,1,1,96,442,6,IT,1
9.05,0,3,6,1,57,2,86,2,MECH,1
7.05,0,0,5,0,50,18,445,1,CIVIL,1
9.87,2,9,6,3,13,7,6,7,CIVIL,1
9.21,3,6,8,0,12,39,332,6,MECH,1
8.64,6,1,6,2,83,42,478,2,CSE,1
7.13,6,2,5,3,86,1,479,7,CSE,1
6.47,5,3,7,1,27,9,330,7,CIVIL,1
9.05,6,3,2,1,43,82,206,7,CIVIL,1
6.33,2,9,1,2,21,89,243,2,CSE,1
8.17,4,2,1,3,21,60,40,5,IT,1
7.53,6,4,7,3,0,95,16,6,CIVIL,1
8.01,4,9,7,1,47,24,135,1,MECH,1
8.02,3,9,1,2,74,95,297,4,IT,1
8.85,6,7,1,0,60,18,258,1,IT,1
9.74,0,4,8,1,77,77,377,3,CSE,1
8.89,3,6,6,2,52,93,381,3,MECH,1
7.64,0,6,1,1,95,10,495,3,MECH,1
7.18,4,8,2,3,5,19,0,8,CIVIL,1
9.4,6,5,3,1,44,14,150,7,CIVIL,1
9.71,1,7,4,2,28,76,483,4,MECH,1
7.31,4,6,6,1,85,86,24,1,ECE,1
9.31,0,7,1,3,32,86,352,5,CSE,1
8.93,3,5,3,0,99,44,406,8,CSE,1
7.6,4,0,4,1,70,96,92,2,CSE,1
7.32,0,0,7,0,4,73,132,4,CSE,1
6.26,6,3,3,3,8,26,231,8,ECE,1
6.36,2,0,7,0,66,91,143,5,ECE,1
8.44,6,7,3,2,72,80,460,2,IT,1
8.3,0,1,7,0,75,16,232,6,CSE,1
6.48,6,2,8,0,9,4,396,1,IT,1
8.01,6,2,7,1,56,5,390,2,IT,1
8.34,1,1,6,1,12,78,394,7,CSE,1
8.56,6,3,3,0,22,71,84,4,CSE,1
6.81,1,3,8,3,63,46,56,4,ECE,1
9.69,4,5,4,3,25,71,166,8,IT,1
6.92,2,10,5,1,15,87,39,4,IT,1
7.52,2,10,7,1,47,62,7,6,IT,1
5.58,4,1,0,3,92,67,456,8,IT,1
7.23,1,2,6,0,86,29,473,3,CIVIL,1
8.57,6,0,3,1,66,7,23,3,CSE,1
5.69,4,2,3,3,51,15,414,6,MECH,1
8.57,6,3,7,1,8,30,259,4,ECE,1
7.59,6,9,1,2,91,30,25,4,MECH,1
6.73,5,0,6,1,75,85,56,7,MECH,1
9.28,1,1,0,0,100,69,169,1,IT,1
6.38,3,5,7,3,70,54,249,7,CSE,1
7.67,6,9,7,3,65,51,213,6,MECH,1
6.48,0,1,2,1,8,73,160,1,CIVIL,1
9.32,0,3,6,1,7,91,271,2,MECH,1
8.01,5,1,8,3,94,84,133,4,CIVIL,1
9.43,5,2,0,3,94,84,213,1,MECH,1
7.07,2,10,5,0,74,13,416,3,MECH,1
5.93,0,5,2,1,25,95,203,4,ECE,1
5.98,6,8,4,0,39,20,368,7,ECE,1
9.33,6,3,4,1,74,90,172,3,IT,1
5.61,0,10,2,2,53,81,413,3,CIVIL,1
9.68,1,7,1,2,82,10,372,6,MECH,1
8.45,6,7,7,2,100,72,214,6,CIVIL,1
5.81,6,9,6,0,57,80,18,4,IT,1
7.45,4,0,5,0,88,95,384,5,CSE,1
8.59,1,2,6,2,58,34,93,3,CSE,1
9.39,3,5,5,3,44,98,15,8,CSE,1
6.94,4,5,0,3,81,95,246,6,IT,1
6.34,0,6,6,3,11,6,351,5,CIVIL,1
6.6,1,0,5,0,16,85,491,8,CIVIL,1
7.09,3,6,5,2,97,96,406,5,CSE,1
8.59,0,0,7,2,8,72,71,2,MECH,1
8.69,2,9,0,2,55,79,119,8,CSE,1
7.17,0,7,7,2,96,34,253,1,ECE,1
5.74,4,4,3,0,29,37,98,8,ECE,1
9.97,0,8,1,0,14,91,469,5,MECH,1
7.83,2,7,2,3,8,22,424,8,IT,1
8.76,3,3,7,0,59,65,280,8,ECE,1
8.73,3,1,6,3,58,61,365,3,CSE,1
5.51,1,0,2,2,100,57,142,6,CIVIL,1
9.83,4,10,4,0,49,38,366,5,ECE,1
7.76,2,1,6,0,4,92,391,3,CIVIL,0
7.81,0,7,5,3,86,7,197,3,MECH,1
6.9,2,2,8,1,26,62,110,7,ECE,1
7.03,6,1,4,0,17,93,485,1,CIVIL,1
8.78,5,1,4,2,60,33,246,5,IT,1
7.24,2,3,3,1,12,48,310,3,CSE,0
8.84,2,2,6,3,70,13,326,3,CIVIL,1
7.23,2,4,1,1,51,97,372,1,CSE,1
5.88,5,10,4,3,89,52,23,8,CSE,1
8.32,3,9,8,0,61,17,275,4,ECE,1
8.45,2,0,5,0,49,31,380,6,IT,1
6.38,1,3,5,0,39,1,308,3,CIVIL,1
8.47,1,0,6,2,86,80,176,6,CIVIL,1
8.45,0,6,2,2,89,37,411,8,IT,1
5.74,4,6,4,3,71,20,337,5,ECE,1
6.16,5,8,0,2,50,38,47,4,ECE,1
6.25,4,6,8,0,53,20,62,8,MECH,1
6.56,0,0,1,2,3,49,331,6,MECH,1
5.74,2,9,6,1,24,24,458,2,CSE,1
5.84,4,1,1,2,74,82,193,8,IT,1
9.39,4,8,3,0,91,22,424,5,CIVIL,1
8.45,2,6,6,0,4,47,491,2,ECE,1
8.44,2,3,7,3,84,81,97,5,IT,1
7.58,6,7,2,1,15,62,486,5,IT,1
8.22,1,0,1,2,38,89,123,2,IT,1
6.33,3,1,3,3,37,61,198,1,IT,1
5.91,5,1,2,3,44,44,415,1,CSE,1
5.85,3,9,5,0,10,15,220,8,MECH,1
6.44,3,8,0,1,66,93,239,3,ECE,1
7.51,3,8,6,0,76,30,116,7,CSE,1
8.33,2,9,1,1,37,65,387,6,ECE,1
7.8,0,0,6,2,45,86,415,1,MECH,1
8.04,3,8,0,2,51,73,480,5,MECH,1
8.49,4,5,8,0,5,30,404,8,ECE,1
6.76,1,6,8,0,68,22,97,7,ECE,1
7.15,6,6,5,3,76,39,253,8,MECH,1
9.32,2,1,5,2,52,73,153,1,MECH,1
5.84,4,1,5,3,8,40,76,7,CSE,1
8.28,5,10,4,3,68,56,193,2,ECE,1
6.6,5,3,5,0,55,76,23,8,ECE,1
7.67,6,8,3,1,63,89,56,5,IT,1
7.67,6,4,7,2,69,6,493,2,CSE,1
5.65,4,6,3,1,94,61,442,3,IT,1
8.49,4,9,7,2,0,52,307,2,IT,1
8.9,4,0,4,0,45,16,355,7,IT,1
9.07,5,10,8,3,13,81,101,4,MECH,1
7.14,1,0,4,2,29,69,169,1,CIVIL,1
9.81,5,6,4,3,18,0,419,1,ECE,1
5.65,3,8,6,1,97,63,106,8,MECH,1
9.94,4,7,3,1,71,21,79,7,ECE,1
7.21,0,0,1,0,60,82,270,5,MECH,1
6.06,3,10,3,0,32,48,291,1,MECH,1
7.98,0,3,1,1,92,22,117,3,CIVIL,0
7.68,0,5,5,2,59,22,166,4,CIVIL,1
7.56,2,3,7,1,0,63,207,4,CSE,1
7.01,5,7,7,3,10,25,124,1,CIVIL,1
7.68,5,8,8,0,48,57,414,5,CSE,1
7.86,1,8,1,3,34,95,361,1,MECH,1
8.28,5,2,6,2,80,25,241,3,CSE,1
9.83,1,3,4,1,59,82,13,8,CSE,1
7.28,3,4,4,3,68,20,434,5,ECE,1
8.84,0,0,7,2,85,5,71,5,MECH,1
6.18,2,0,8,3,47,30,229,8,MECH,1
8.55,2,0,6,3,0,58,335,8,CSE,1
8.05,2,9,5,2,12,6,227,5,ECE,1
6.25,5,4,0,3,12,28,458,7,ECE,1
9.13,1,4,3,2,48,13,251,8,MECH,1
6.52,0,8,6,0,68,64,178,4,CIVIL,1
7.88,5,2,1,1,100,95,339,5,ECE,1
8.06,6,7,8,1,66,77,299,7,ECE,1
7.22,5,8,0,2,81,73,110,3,CIVIL,1
9.95,2,7,7,3,65,95,268,7,CSE,1
9.88,1,9,4,2,26,59,222,7,CIVIL,1
7.16,4,9,0,3,65,32,405,6,CIVIL,1
7.66,2,4,5,3,5,2,114,1,MECH,1
8.95,1,4,2,1,65,8,40,3,MECH,1
7.75,0,4,2,1,44,58,45,5,CSE,1
7.03,4,3,7,2,10,6,79,6,IT,1
8.98,1,8,5,0,86,14,49,3,IT,1
9.28,5,2,5,1,21,67,20,6,CIVIL,1
9.97,6,7,1,3,46,78,361,6,ECE,1
6.47,1,2,2,2,19,58,338,5,CIVIL,1
7.08,0,3,7,2,47,15,430,4,ECE,1
5.55,4,6,8,1,4,45,141,4,IT,1
8.9,4,10,0,1,42,72,264,7,CSE,1
7.69,5,0,5,3,53,84,86,3,ECE,1
6.3,5,10,6,2,52,87,351,7,MECH,1
7.28,2,4,7,1,88,28,136,6,IT,1
6.46,1,5,3,2,65,43,374,2,ECE,1
7.43,4,3,7,3,98,14,493,6,ECE,1
6.89,0,3,6,2,29,27,427,4,CSE,1
8.09,0,0,1,3,29,51,5,7,CSE,1
8.94,2,1,4,3,62,26,404,8,ECE,1
9.98,4,0,8,3,66,26,455,2,IT,1
7.97,5,2,4,1,27,60,477,7,CSE,1
9.36,2,2,0,2,66,67,238,6,MECH,0
6.26,6,5,2,1,61,70,328,7,CIVIL,1
5.61,5,7,0,1,22,88,31,8,CIVIL,0
7.57,4,8,1,2,66,25,334,8,MECH,1
8.72,3,5,4,3,59,0,291,6,CSE,1
9.06,6,1,8,0,8,24,198,1,MECH,1
6.77,2,4,2,1,85,74,313,1,CSE,1
8.87,4,10,8,3,100,53,399,2,CSE,1
9.86,1,5,2,1,59,93,377,4,ECE,1
9.26,3,0,1,3,26,20,458,4,IT,1
8.64,2,7,1,1,96,86,422,6,CIVIL,1
8.52,6,4,0,2,61,49,70,3,MECH,1
7.13,5,1,5,1,10,20,347,5,CSE,1
9.07,5,2,6,0,77,66,109,1,CIVIL,1
9.95,5,6,6,0,6,41,452,6,IT,1
8.23,0,5,8,0,5,10,129,4,CIVIL,1
7.91,1,10,3,3,98,81,294,3,ECE,1
7.63,3,3,7,1,82,25,191,8,ECE,1
7.71,0,7,1,1,36,43,359,4,CIVIL,1
6.43,3,7,4,3,54,18,150,1,CSE,1
9.07,5,0,5,0,56,98,480,7,CSE,1
6.29,6,4,4,1,20,69,289,7,CSE,1
7.06,3,10,8,0,95,60,2,5,CIVIL,1
8.31,2,6,2,1,12,47,452,6,IT,1
7.49,3,5,3,2,13,83,479,6,ECE,1
5.91,4,10,3,0,79,74,254,1,ECE,1
8.24,5,4,7,2,11,73,116,1,ECE,1
8.3,1,1,4,1,12,98,47,7,MECH,1
5.85,2,5,7,1,43,65,347,4,ECE,1
6.77,5,10,3,1,85,60,25,5,ECE,1
9.68,0,3,1,1,34,83,8,4,CIVIL,1
9.19,1,9,8,1,16,12,26,6,CSE,1
9.17,4,10,2,3,75,37,43,5,CIVIL,1
8.4,0,3,0,1,23,24,242,2,MECH,1
6.12,3,9,3,3,45,24,475,4,CIVIL,1
6.9,0,10,8,2,47,61,119,7,CSE,1
8.4,5,5,6,2,80,73,380,7,CSE,1
8.72,1,4,5,2,44,24,465,5,CSE,1
7.68,6,2,3,0,16,74,296,8,IT,1
7.64,5,2,2,0,63,51,366,4,IT,1
8.62,4,8,6,2,61,30,487,7,IT,1
8.8,6,9,4,3,47,3,306,6,ECE,1
6.6,5,2,6,2,93,65,483,7,MECH,1
7.75,3,6,6,0,59,30,256,7,CSE,1
6.19,0,6,7,3,34,96,122,4,ECE,1
6.26,2,5,6,3,34,92,9,5,MECH,1
9.23,5,3,4,0,16,51,231,7,MECH,1
9.44,6,0,3,1,84,30,481,2,CSE,1
8.53,1,4,4,1,37,15,454,8,ECE,1
8.74,5,4,2,1,92,54,43,5,MECH,1
6.06,2,8,4,2,95,10,386,8,MECH,1
9.2,5,5,1,3,15,8,356,8,CSE,1
6.76,1,10,7,2,93,54,136,8,IT,1
8.71,0,6,6,1,91,14,438,2,IT,1
9.23,4,5,1,2,69,80,487,1,CIVIL,1
5.51,1,3,4,3,99,80,417,5,CIVIL,1
6.3,6,7,7,2,55,70,397,5,ECE,1
9.83,6,4,7,3,88,38,426,8,IT,1
9.86,1,0,5,0,30,11,12,2,IT,1
8.17,3,5,4,0,75,3,240,4,CIVIL,1
7.71,4,10,2,1,55,60,341,8,MECH,1
9.98,0,3,8,2,64,79,144,8,ECE,1
9.67,3,8,7,2,15,19,321,5,CSE,1
6.26,0,5,3,1,37,52,98,2,CIVIL,1
8.37,2,0,3,3,56,38,308,4,CSE,1
8.06,3,1,8,3,54,3,76,7,CSE,1
9.17,0,3,0,1,13,39,380,3,ECE,1
5.69,2,3,2,1,36,41,339,6,ECE,0
6.05,6,10,4,0,25,4,450,2,MECH,1
7.08,0,8,3,2,74,63,194,8,MECH,1
9.14,6,6,5,0,69,91,242,1,MECH,1
8.99,4,2,3,0,86,73,186,3,CSE,1
6.0,1,5,0,0,27,34,494,1,CIVIL,1
8.8,3,2,1,2,43,78,295,2,MECH,1
7.37,1,5,6,0,72,94,315,1,ECE,1
6.33,3,6,0,1,21,88,97,6,CIVIL,1
9.06,2,4,2,3,97,69,354,3,CIVIL,1
9.14,2,8,6,1,18,3,299,5,MECH,1
6.28,6,8,8,1,1,37,386,7,CIVIL,1
9.58,5,8,6,0,26,76,44,6,CIVIL,1
6.63,3,7,2,0,0,0,275,2,CSE,1
9.85,6,1,1,2,75,41,50,3,CSE,1
8.5,4,2,1,0,33,10,123,2,ECE,1
6.54,4,6,8,0,60,63,460,1,ECE,1
9.9,6,1,8,0,34,65,418,1,MECH,1
8.22,3,7,7,3,4,66,222,5,MECH,1
7.12,4,2,7,0,50,69,28,3,MECH,1
7.99,3,9,8,0,99,61,187,1,CSE,1
7.79,6,9,3,2,18,17,164,4,MECH,1
8.37,5,8,4,2,40,61,230,5,MECH,1
9.27,4,7,7,1,37,93,408,6,IT,1
6.03,0,8,0,0,93,23,377,1,CIVIL,1
6.29,0,9,8,3,58,57,55,4,CIVIL,1
9.69,1,10,8,3,69,43,60,2,ECE,1
7.11,3,6,3,1,87,82,386,1,ECE,1
5.85,2,3,8,1,4,53,65,6,CIVIL,1
6.89,6,6,8,2,59,57,103,6,CSE,1
8.29,0,9,1,0,85,8,266,3,CSE,1
7.07,2,7,8,0,46,70,489,6,MECH,1
8.32,3,8,3,2,5,9,304,5,MECH,1
6.93,3,5,4,1,98,88,34,5,ECE,1
6.33,3,0,8,3,37,39,32,5,CIVIL,1
8.57,2,2,5,1,10,15,146,2,ECE,1
8.13,0,4,0,2,71,80,287,1,MECH,1
5.95,0,10,8,1,29,65,152,8,IT,1
7.78,1,10,5,0,49,61,23,7,CSE,1
7.77,4,0,7,1,38,92,138,4,IT,1
7.57,0,10,1,0,10,86,124,5,IT,1
6.2,1,1,0,2,17,61,254,8,CSE,1
6.09,2,3,5,0,20,24,416,3,CSE,1
7.94,3,4,2,0,5,99,254,6,MECH,1
7.9,4,3,8,0,13,73,347,8,CSE,1
6.72,5,1,4,3,60,29,149,2,IT,1
9.85,3,3,3,2,50,46,416,6,CIVIL,1
9.25,1,6,3,3,29,6,72,7,ECE,1
6.57,3,9,8,2,19,29,333,7,IT,1
7.82,6,10,6,2,31,61,194,6,CIVIL,1
5.55,1,0,2,3,6,2,30,1,CSE,1
9.28,6,6,1,1,98,47,227,2,IT,1
8.41,0,6,8,0,48,78,494,1,CIVIL,1
9.39,2,7,7,3,93,32,423,7,CIVIL,1
7.49,2,6,1,3,45,48,253,1,CIVIL,1
6.03,6,1,4,0,29,73,197,1,IT,1
8.2,4,2,1,2,24,49,253,4,CIVIL,1
8.25,0,5,1,2,35,21,443,3,CSE,1
5.55,6,9,1,2,77,10,116,1,CIVIL,1
7.24,1,9,4,1,32,89,401,7,ECE,1
6.59,0,4,5,2,3,9,33,1,CIVIL,1
7.93,0,10,7,3,98,34,172,3,CSE,1
6.36,0,5,3,1,1,98,403,5,CSE,1
5.51,4,2,5,3,52,78,153,6,CSE,1
6.14,0,3,3,3,12,18,429,5,CIVIL,1
7.17,1,0,0,0,31,95,358,8,MECH,0
8.2,6,4,5,0,68,11,228,1,MECH,1
7.61,2,10,6,1,100,72,157,6,MECH,1
7.32,1,6,5,0,75,36,279,7,CIVIL,1
8.42,4,5,8,3,43,96,110,4,ECE,1
8.88,2,1,5,0,82,79,116,7,IT,1
9.35,5,1,0,2,19,60,303,5,CIVIL,1
7.37,6,1,7,3,41,93,432,8,MECH,1
6.1,6,10,3,1,63,100,382,3,IT,1
6.39,1,1,6,0,51,37,207,8,CSE,1
9.59,3,3,6,2,49,16,19,3,IT,1
9.17,3,8,3,0,100,44,208,8,IT,1
5.68,0,3,1,0,15,87,318,2,CSE,1
9.34,2,3,0,0,13,62,371,3,IT,1
9.15,3,3,3,2,13,55,351,7,ECE,1
9.43,0,6,3,3,89,20,460,3,IT,1
5.62,0,7,4,1,34,1,358,4,CSE,1
8.99,6,0,0,1,12,56,219,1,CIVIL,1
8.76,5,1,0,0,73,93,388,4,ECE,1
8.03,0,4,7,1,77,44,172,7,CSE,1
5.82,5,1,7,2,13,83,499,4,IT,1
8.57,6,2,6,0,85,86,454,6,CSE,1
7.87,6,8,4,2,59,18,122,7,ECE,1
8.19,6,8,4,1,97,78,216,7,IT,1
7.58,1,10,7,3,84,53,66,2,CIVIL,1
7.28,5,10,4,1,37,5,325,4,MECH,1
5.85,5,3,1,0,81,48,176,4,MECH,1
9.02,4,3,4,0,83,88,84,3,CSE,1
9.23,0,6,8,1,0,5,170,8,CIVIL,1
5.51,5,1,4,0,86,89,197,1,CIVIL,1
6.09,1,10,4,0,14,77,236,4,ECE,1
9.03,4,9,3,1,90,35,314,6,ECE,1
6.77,4,8,2,1,14,1,330,5,CSE,1
7.97,4,10,6,3,28,40,489,5,ECE,1
9.43,6,10,1,3,75,21,231,6,CIVIL,1
8.93,0,9,1,2,59,82,163,3,CSE,1
7.21,6,8,1,0,18,40,131,1,IT,1
8.65,0,6,0,3,91,33,381,8,CSE,1
8.75,1,3,3,2,36,61,362,2,IT,1
7.06,1,3,4,3,69,49,466,6,CSE,1
9.15,4,5,5,0,45,62,105,2,ECE,1
8.58,1,2,0,0,76,44,433,4,CIVIL,1
8.6,5,0,4,2,56,12,367,3,CIVIL,1
9.68,2,9,1,3,38,98,171,4,CSE,1
9.6,1,1,5,0,100,13,301,8,IT,1
8.26,6,0,1,1,29,48,380,1,IT,1
8.73,5,3,8,1,7,1,250,7,CSE,1
6.82,4,1,1,3,77,58,375,7,CSE,1
9.25,4,6,4,1,99,87,269,4,IT,1
6.08,4,3,6,3,70,67,302,7,IT,1
9.8,3,8,6,2,91,71,481,6,MECH,1
9.63,6,2,2,1,58,27,114,2,ECE,1
6.93,0,2,5,2,85,38,33,1,CSE,1
7.63,5,3,4,0,85,2,214,4,ECE,1
8.86,2,0,8,2,34,67,229,4,CSE,1
5.89,6,7,7,0,51,13,343,4,CIVIL,1
5.94,3,7,6,3,45,40,137,5,MECH,1
7.98,3,3,6,0,83,76,232,7,MECH,1
8.31,0,10,5,1,47,87,350,3,CIVIL,1
6.04,4,9,8,2,32,79,79,6,CIVIL,1
6.04,2,5,2,2,71,10,400,4,MECH,1
5.83,5,1,8,2,3,98,272,1,MECH,1
6.44,6,7,5,0,31,7,499,3,CIVIL,0
6.62,0,3,8,1,42,51,202,6,CIVIL,1
6.87,5,5,0,2,8,5,23,7,ECE,1
8.2,5,9,6,2,48,52,425,5,CSE,1
6.6,3,2,4,3,58,1,318,5,ECE,1
5.85,5,4,3,1,91,5,149,7,CIVIL,1
5.81,5,3,0,1,47,82,18,2,MECH,1
5.52,5,2,0,3,50,36,342,4,ECE,1
9.52,0,0,6,3,56,52,204,3,CSE,1
9.01,1,0,3,0,68,95,373,1,CIVIL,1
9.17,3,5,7,1,73,90,317,6,ECE,1
7.57,0,4,5,1,73,87,339,8,CSE,1
7.8,4,0,6,0,12,4,28,7,ECE,1
8.53,1,6,4,0,39,14,433,7,IT,1
6.21,3,4,8,3,79,92,350,5,CSE,1
7.15,2,8,7,3,29,41,355,1,IT,1
7.0,5,9,4,3,26,69,184,3,IT,1
7.01,6,7,1,1,8,36,321,4,IT,1
6.76,2,5,8,3,67,69,94,1,IT,1
9.31,5,1,6,2,25,91,119,3,MECH,1
6.06,4,3,0,3,92,40,150,3,MECH,1
9.77,2,1,8,2,88,62,320,4,CIVIL,1
5.97,4,4,5,0,46,32,223,7,IT,1
9.49,0,5,1,2,40,23,294,3,CSE,1
5.63,3,3,4,3,28,76,344,6,MECH,1
5.91,2,7,8,3,8,13,177,4,MECH,1
5.75,2,2,5,2,76,15,304,3,ECE,1
5.68,3,8,6,2,30,3,55,1,IT,1
5.63,0,6,3,0,49,86,260,5,ECE,1
8.68,3,7,7,2,94,44,266,7,IT,1
8.97,6,3,2,1,69,100,429,3,CIVIL,1
9.61,3,1,4,3,25,47,367,6,CSE,1
8.23,4,0,5,0,88,33,178,6,ECE,1
7.75,5,3,3,2,57,22,242,4,MECH,1
5.75,0,9,2,3,25,92,341,4,ECE,1
8.93,6,4,0,2,6,79,176,8,IT,1
9.12,6,6,4,0,91,38,290,8,CSE,1
7.51,3,5,4,1,63,49,300,6,CSE,1
8.38,2,6,0,3,47,52,272,3,MECH,1
8.43,1,8,3,1,33,98,97,7,CIVIL,1
7.24,2,2,6,0,57,59,24,6,CSE,1
9.83,4,5,4,1,82,42,60,3,CSE,1
7.86,1,2,5,3,99,57,92,1,ECE,1
8.88,0,8,5,0,75,1,117,1,MECH,1
6.46,0,9,8,3,2,83,152,8,IT,1
9.41,2,9,2,1,71,8,373,6,CSE,1
5.81,3,0,8,0,10,71,285,1,ECE,1
6.19,0,9,4,0,89,55,3,3,ECE,1
8.62,3,5,8,0,7,44,290,6,IT,1
8.31,4,3,1,0,85,14,450,7,IT,1
6.87,0,7,6,2,43,31,94,3,MECH,1
9.31,0,3,2,1,33,56,113,3,CIVIL,1
5.65,2,5,6,1,38,86,220,1,IT,1
8.02,4,2,4,2,93,95,118,3,ECE,1
6.94,2,1,8,2,52,67,51,1,CIVIL,1
5.85,1,4,8,3,72,54,230,7,CSE,1
7.53,2,2,3,0,6,40,440,6,ECE,1
8.2,0,2,7,2,68,2,310,8,IT,1
7.08,5,5,3,1,56,25,229,7,CSE,1
5.59,6,2,7,2,27,87,3,6,ECE,1
9.33,5,10,7,1,52,28,367,8,CSE,1
6.03,1,8,2,0,67,20,464,7,CIVIL,1
9.23,2,1,5,3,83,93,435,8,CSE,1
6.7,1,4,3,3,80,66,235,1,MECH,1
9.92,1,2,2,0,100,72,95,3,MECH,1
8.24,2,5,7,0,51,49,10,3,CSE,1
6.28,6,5,1,3,68,22,143,4,CIVIL,1
6.09,4,4,6,3,61,84,267,7,CSE,1
9.41,6,0,4,2,67,89,281,7,CSE,1
7.18,2,9,8,3,31,83,272,3,MECH,1
7.19,0,10,3,0,38,5,291,3,CSE,1
9.64,5,6,4,1,35,77,351,7,MECH,1
8.53,2,7,8,1,73,37,341,3,ECE,1
6.19,1,8,2,3,77,74,139,4,ECE,1
7.09,6,8,6,1,69,64,185,2,ECE,1
7.1,6,9,2,1,59,50,244,3,IT,1
6.11,3,7,6,0,72,27,45,2,MECH,1
6.41,6,1,3,3,89,18,408,5,CIVIL,1
8.58,4,10,0,3,14,77,380,3,ECE,1
9.72,6,3,5,1,39,51,410,6,CSE,1
8.43,5,4,8,0,43,85,435,6,CIVIL,1
6.51,4,5,1,2,14,24,255,1,CSE,1
5.82,2,8,8,1,58,41,446,1,CIVIL,1
7.72,4,8,6,3,31,58,93,8,ECE,1
6.39,6,4,8,0,26,98,381,4,CSE,1
5.79,3,10,3,2,32,48,479,4,IT,1
5.72,2,9,6,1,1,5,266,5,CSE,1
7.84,2,9,2,3,60,45,238,5,CSE,1
9.22,2,10,3,3,100,1,498,6,MECH,1
8.83,0,8,2,0,20,29,322,6,CSE,1
6.98,5,6,7,1,17,78,368,5,CIVIL,1
5.72,6,7,1,3,86,19,298,5,CSE,1
7.75,3,6,3,0,17,82,19,2,CSE,1
6.13,4,2,2,3,49,46,469,7,ECE,1
7.49,6,3,0,2,7,87,28,5,CIVIL,1
8.01,0,5,6,2,99,42,294,7,IT,1
8.18,6,7,1,1,88,45,276,8,CSE,1
5.51,5,5,6,1,66,45,369,1,IT,1
8.52,3,1,7,2,63,33,311,7,CIVIL,1
6.28,2,8,4,3,57,35,435,1,IT,1
9.7,0,6,3,0,38,100,268,7,CIVIL,1
6.84,6,4,5,1,45,30,98,1,MECH,1
8.41,4,6,3,2,73,96,126,1,CSE,1
7.13,6,10,3,1,11,99,407,8,MECH,1
8.46,5,1,5,3,32,21,90,5,CIVIL,1
6.98,6,6,6,0,96,28,274,8,CSE,1
9.05,1,3,8,2,5,52,188,7,IT,1
6.45,3,6,0,0,15,77,145,8,CIVIL,1
5.78,0,1,3,3,12,12,360,3,IT,1
6.43,5,7,7,1,67,59,16,7,CSE,1
7.54,5,9,5,2,51,64,76,4,CSE,1
8.47,5,0,1,2,9,44,74,3,CIVIL,1
5.73,6,8,7,2,83,44,38,2,MECH,1
8.57,2,5,3,3,48,74,230,8,CSE,1
9.89,4,7,0,2,81,45,75,5,MECH,1
5.75,5,0,0,3,82,67,466,4,IT,1
5.82,1,4,4,3,14,23,441,8,CSE,1
8.55,3,5,1,1,39,11,195,3,ECE,1
8.46,2,7,8,0,72,29,53,7,CSE,1
8.11,4,3,3,2,49,92,498,2,IT,1
8.0,5,1,6,0,93,78,248,3,IT,1
5.61,1,0,3,3,62,96,327,2,CSE,1
9.43,6,3,0,2,31,71,174,5,IT,1
8.69,5,1,3,3,68,32,358,4,CSE,1
5.89,2,7,0,1,83,100,315,5,CSE,1
8.27,3,9,0,3,34,7,212,2,MECH,1
8.16,1,5,4,1,11,74,195,3,IT,1
6.0,4,7,5,1,60,14,322,4,IT,1
7.03,1,7,5,3,51,62,301,8,ECE,1
9.17,2,4,1,0,42,21,471,8,CIVIL,1
9.09,0,0,6,1,28,37,416,5,CIVIL,1
5.86,4,3,8,3,17,18,266,7,CSE,1
6.94,6,8,1,2,85,55,255,7,CIVIL,1
7.6,4,9,1,1,21,62,324,5,ECE,1
7.57,2,2,4,3,78,27,6,2,IT,1
8.28,4,2,8,0,36,87,137,4,CIVIL,1
9.02,1,4,6,0,29,21,370,7,ECE,1
6.98,0,4,7,2,72,62,99,7,IT,1
6.69,6,8,1,3,20,18,242,8,MECH,1
5.76,6,7,2,0,8,63,336,1,MECH,1
7.78,6,6,2,1,4,64,64,8,ECE,1
6.67,4,9,2,1,7,80,105,3,ECE,1
7.28,5,6,6,3,68,38,351,5,CIVIL,1
8.38,2,0,3,2,11,47,271,1,IT,1
7.99,3,5,3,2,13,34,301,2,MECH,1
7.27,4,5,1,2,31,48,211,1,CSE,1
8.92,0,6,8,3,19,95,329,2,CSE,1
8.06,3,4,7,0,99,2,279,3,CSE,1
6.44,2,7,4,2,96,75,111,8,CSE,1
9.29,3,6,0,3,35,5,342,4,ECE,1
5.93,1,3,1,1,17,98,227,6,CIVIL,1
6.67,4,6,5,3,60,24,80,1,CIVIL,1
5.66,1,10,0,3,68,34,415,1,IT,1
9.56,1,7,4,3,76,96,211,2,CIVIL,1
7.72,5,4,2,3,76,82,172,3,CSE,1
8.73,5,3,1,2,76,56,98,4,IT,1
7.47,4,1,5,3,58,23,276,2,ECE,1
6.09,4,8,1,1,28,81,9,1,ECE,1
5.58,1,0,3,2,51,41,261,3,CIVIL,1
9.81,1,8,2,1,10,15,77,2,CSE,1
9.63,4,10,7,2,6,29,415,4,MECH,1
8.63,1,9,2,3,33,45,182,7,CSE,1
6.58,4,4,6,3,70,58,210,3,CSE,1
9.64,0,9,2,3,63,22,357,1,MECH,1
6.24,3,5,6,2,62,26,123,4,CSE,1
7.94,4,9,2,1,99,32,489,1,IT,1
6.35,1,6,8,2,55,50,267,8,CIVIL,1
5.56,0,3,0,3,3,4,54,4,IT,1
7.58,6,6,3,2,86,88,203,2,ECE,1
5.92,2,9,6,0,41,36,324,5,CIVIL,1
7.33,4,7,0,3,21,95,211,8,CSE,1
8.09,3,1,7,3,53,1,148,1,CSE,1
6.85,3,1,8,2,50,48,382,3,CSE,1
8.48,1,0,2,0,27,9,381,5,ECE,1
8.79,3,4,1,3,46,85,443,6,MECH,1
6.62,1,10,0,0,11,12,466,2,IT,1
8.47,0,1,1,3,21,88,332,4,ECE,1
9.04,0,5,4,2,14,0,370,3,CSE,1
8.39,3,6,0,2,89,57,341,2,IT,1
5.89,5,9,3,2,82,55,7,8,CSE,1
9.87,3,2,2,0,62,88,117,5,CIVIL,1
8.78,2,5,6,3,78,96,373,3,IT,1
5.72,3,9,2,1,51,33,190,3,CSE,1
9.34,2,10,0,3,68,31,144,1,IT,1
9.63,6,9,7,2,52,57,191,7,MECH,1
7.51,2,10,6,3,68,5,194,3,CSE,1
6.41,6,7,1,0,54,45,459,2,IT,1
7.95,1,3,4,3,55,49,407,1,CIVIL,1
7.64,4,6,0,0,56,15,217,7,CIVIL,1
7.23,3,4,4,0,87,28,354,1,ECE,1
6.4,3,2,8,1,64,32,414,8,CSE,1
8.03,1,5,8,3,65,87,332,3,ECE,1
8.6,5,0,4,1,3,84,196,2,CIVIL,1
8.18,4,0,8,0,64,54,326,4,CIVIL,1
5.51,4,2,5,2,73,78,224,8,CIVIL,1
6.9,0,4,5,3,48,27,310,4,ECE,1
9.15,6,2,2,1,41,90,361,7,ECE,1
9.51,5,8,5,1,19,88,345,2,MECH,1
6.76,1,3,8,0,26,62,226,4,IT,1
6.88,3,9,7,1,51,43,170,3,CSE,1
7.4,6,4,7,3,67,59,387,2,CIVIL,1
7.17,0,6,6,2,25,55,78,5,IT,1
6.84,0,10,5,0,43,74,469,1,ECE,1
8.84,4,2,6,0,5,58,32,6,CIVIL,1
9.54,5,5,1,0,87,26,482,3,IT,1
5.75,1,1,2,0,94,7,74,5,IT,1
6.2,4,7,6,2,1,83,64,1,ECE,1
9.08,0,1,4,3,26,27,218,7,IT,1
8.29,4,10,0,3,15,49,219,6,CSE,1
8.52,0,0,6,3,51,82,91,5,MECH,1
9.85,1,7,6,3,71,1,497,3,ECE,1
6.69,0,1,8,2,14,34,364,6,CIVIL,1
9.64,1,10,1,1,93,85,76,2,IT,1
8.54,6,6,0,2,25,50,107,8,MECH,1
9.03,4,1,1,0,99,20,479,2,CSE,1
5.83,0,4,8,1,26,87,299,7,MECH,1
6.99,3,5,4,0,47,26,275,1,MECH,1
8.55,2,10,7,2,96,12,128,5,IT,1
6.66,0,4,4,3,8,91,49,6,MECH,1
8.58,2,1,6,1,16,69,408,2,MECH,1
5.87,2,6,2,3,84,95,429,7,ECE,1
6.76,6,9,5,2,31,30,474,3,ECE,1
9.56,5,1,7,0,12,52,227,8,IT,1
7.94,1,9,7,2,26,62,299,3,CIVIL,1
9.94,4,4,2,1,45,27,392,8,IT,1
7.45,2,5,0,3,23,18,284,5,IT,1
8.21,1,9,5,1,77,55,148,2,CIVIL,1
9.45,2,4,6,1,61,54,371,3,CIVIL,1
8.86,3,9,0,2,51,24,487,6,CIVIL,1
8.96,2,7,3,2,34,50,486,3,MECH,1
6.3,3,5,1,1,77,94,155,1,MECH,1
7.17,6,4,3,0,82,30,8,5,MECH,1
6.49,0,9,2,3,75,37,241,5,CIVIL,1
6.76,1,4,2,2,28,53,493,1,CIVIL,1
8.9,4,5,8,2,29,53,351,3,IT,1
8.63,4,4,5,1,95,47,471,8,CIVIL,1
7.66,3,2,8,3,25,90,82,2,IT,1
7.92,6,6,1,2,86,88,224,6,ECE,1
6.1,5,0,8,2,4,47,208,3,CIVIL,1
7.24,6,6,7,1,10,14,292,7,ECE,1
7.73,5,0,4,0,35,5,404,5,IT,1
8.75,5,4,7,3,46,9,166,7,IT,1
8.47,3,8,8,0,57,47,419,6,CIVIL,1
6.26,0,1,3,0,44,91,268,7,ECE,1
6.43,1,8,4,3,16,17,483,2,CSE,1
9.8,4,7,5,0,29,22,248,8,IT,1
9.02,2,3,3,3,82,79,19,4,ECE,1
7.43,3,0,4,3,100,58,315,7,CIVIL,1
9.23,2,10,1,3,48,15,23,2,MECH,1
8.58,6,0,6,1,84,57,279,1,CSE,1
8.71,5,10,1,0,32,48,205,2,MECH,1
6.62,3,4,4,0,13,72,377,1,IT,1
8.62,4,3,5,1,18,47,169,8,MECH,1
6.23,6,9,1,0,72,96,410,8,MECH,1
7.72,5,6,7,1,39,74,66,6,MECH,1
8.85,2,0,6,0,7,95,107,1,CIVIL,0
6.92,4,0,0,0,3,56,241,4,MECH,1
8.58,1,4,6,3,58,89,424,7,ECE,1
5.59,0,8,0,3,53,62,445,8,IT,1
9.87,4,4,5,0,86,29,298,3,MECH,1
8.5,1,3,0,3,2,49,164,2,CSE,1
7.83,2,7,2,1,83,65,315,1,IT,1
5.67,5,2,4,3,56,91,424,5,IT,1
9.89,1,0,5,2,78,48,69,5,MECH,1
9.67,0,5,8,2,7,100,375,6,MECH,1
6.3,2,6,2,3,55,66,394,8,CIVIL,1
8.97,1,5,2,2,27,24,467,1,IT,1
8.97,3,1,2,0,4,24,331,4,MECH,1
8.5,4,6,3,2,86,22,314,2,MECH,1
6.29,1,0,4,1,79,70,269,5,IT,1
6.03,5,7,0,0,98,3,301,6,ECE,1
6.55,6,0,5,2,30,22,447,4,ECE,1
9.39,5,1,0,0,10,75,109,3,IT,1
6.12,4,9,2,0,74,83,82,8,CIVIL,1
8.66,0,4,7,0,61,98,298,8,MECH,1
9.48,1,0,6,1,31,26,300,4,ECE,1
6.37,2,0,1,2,69,51,190,2,CSE,1
5.78,6,6,0,3,56,34,461,1,CSE,1
7.81,4,0,3,2,14,71,58,4,IT,1
5.92,6,1,3,1,10,38,380,2,IT,1
8.6,4,2,0,1,78,79,57,1,ECE,1
5.69,4,0,1,3,22,75,254,6,ECE,1
7.47,5,9,0,2,4,79,444,3,CIVIL,1
9.27,1,7,6,1,66,97,461,7,IT,1
7.28,4,0,8,3,85,67,265,8,CSE,1
5.89,5,1,3,3,63,19,459,2,CSE,1
8.45,4,6,5,0,11,82,12,6,CIVIL,1
7.77,3,9,1,3,71,15,144,6,CSE,1
7.25,2,7,6,2,100,55,150,1,MECH,1
7.71,4,0,0,1,50,99,131,5,IT,1
9.25,6,0,2,0,90,34,37,4,IT,1
8.82,1,0,3,0,65,90,111,1,CSE,1
6.01,3,0,2,0,18,41,120,5,IT,1
6.15,1,8,2,3,56,70,318,5,ECE,1
8.66,5,6,3,0,1,98,405,1,CSE,1
9.19,3,10,8,0,62,85,469,3,ECE,1
8.01,3,2,4,3,7,44,326,7,ECE,1
7.65,5,0,7,2,45,32,64,7,ECE,1
8.1,1,6,0,1,13,98,118,1,ECE,1
6.16,2,7,1,0,99,14,342,7,MECH,1
6.29,3,7,1,3,13,14,428,1,IT,1
7.78,3,9,2,2,47,68,330,2,IT,1
9.07,3,8,5,2,65,55,452,3,CIVIL,1
9.21,2,3,1,2,35,34,102,2,ECE,1
9.35,1,8,1,3,95,81,61,4,MECH,1
9.47,1,2,8,1,48,18,230,8,CIVIL,1
5.7,2,6,1,0,33,88,30,2,MECH,1
8.93,0,0,5,3,90,44,197,5,CSE,1
6.84,5,2,4,3,4,89,93,3,IT,1
8.0,3,7,4,3,100,86,343,3,ECE,1
6.11,6,10,7,2,50,87,201,4,CIVIL,1
8.93,0,6,8,3,22,36,10,2,CSE,1
6.88,1,1,8,0,5,87,39,8,CSE,1
8.16,6,5,6,1,43,22,23,1,CIVIL,1
8.1,5,9,5,3,11,26,315,3,MECH,1
8.87,5,6,5,2,77,1,465,8,ECE,1
7.12,2,5,8,1,51,60,259,7,CSE,1
6.81,1,1,2,0,47,65,79,3,CSE,1
6.2,3,7,2,1,43,25,370,8,IT,1
7.04,5,6,5,3,0,97,13,3,CIVIL,1
6.96,5,9,5,0,93,42,115,8,MECH,1
6.56,5,7,7,0,75,22,311,6,IT,1
6.38,2,1,4,2,63,53,116,1,IT,1
9.19,3,5,8,3,69,41,482,5,MECH,1
9.07,2,6,3,2,11,94,338,8,MECH,1
5.89,4,8,8,1,79,12,75,8,IT,1
6.67,0,2,8,0,24,97,274,1,MECH,1
7.04,0,9,8,2,51,61,318,1,MECH,1
8.16,4,1,0,3,42,89,120,5,IT,1
6.11,2,5,0,0,87,93,129,8,MECH,1
9.28,6,1,8,0,84,35,53,3,CIVIL,1
8.62,4,1,8,3,95,100,196,7,CIVIL,1
9.0,0,4,1,2,52,9,33,7,ECE,1
7.29,5,5,8,1,45,79,368,1,CSE,1
8.26,0,3,1,1,17,22,43,4,CSE,1
7.29,2,7,2,0,50,73,452,4,CIVIL,1
8.15,5,8,6,2,16,31,51,5,ECE,1
7.35,5,5,2,2,56,75,430,2,CIVIL,1
5.93,4,4,6,1,76,48,26,3,MECH,1
8.1,6,7,3,3,38,13,163,8,ECE,1
7.75,5,3,4,3,64,88,176,4,IT,1
9.08,6,4,6,0,43,41,17,4,CSE,1
6.36,1,7,4,3,3,91,92,2,CIVIL,1
5.84,5,8,7,1,95,52,151,6,IT,1
6.88,5,10,7,3,91,10,274,2,ECE,1
9.12,1,4,1,0,78,56,414,2,CSE,1
9.92,0,4,5,3,9,10,387,4,ECE,1
7.55,6,6,7,2,20,70,443,5,MECH,1
7.33,3,9,2,3,51,90,316,6,MECH,1
8.72,6,10,4,0,2,46,32,3,ECE,1
9.9,6,5,5,1,36,18,426,4,CSE,1
9.81,1,5,1,2,73,15,158,2,IT,1
5.77,6,5,5,0,80,6,41,7,MECH,1
5.63,1,8,4,2,17,52,373,1,ECE,1
9.59,0,7,0,3,6,1,143,5,ECE,1
7.7,6,1,6,1,10,81,302,2,MECH,1
8.44,4,0,8,2,2,87,59,3,MECH,1
6.18,1,7,5,0,39,77,432,1,CSE,1
8.08,5,9,8,1,47,78,228,1,CSE,1
8.11,1,7,8,2,62,14,380,7,CSE,1
8.11,0,1,2,1,45,75,103,2,MECH,1
9.84,5,5,8,1,17,16,75,7,IT,1
5.59,5,9,4,2,39,99,427,6,ECE,1
5.64,3,3,0,3,10,83,229,2,MECH,1
7.47,6,9,1,3,8,73,154,4,CSE,1
8.05,0,1,7,2,43,10,240,3,IT,1
5.8,3,6,3,3,61,76,108,1,IT,1
8.6,0,2,8,0,77,45,82,7,ECE,1
9.18,0,10,5,2,64,27,421,5,IT,1
5.83,4,5,7,2,50,91,354,7,MECH,1
9.5,6,10,8,1,82,3,299,3,CIVIL,1
7.97,5,5,7,0,49,1,28,5,MECH,1
7.39,2,7,7,3,90,57,34,6,ECE,1
8.99,6,0,1,3,94,39,362,6,IT,1
5.66,1,3,6,3,89,34,368,1,ECE,1
7.7,5,5,2,0,74,49,27,2,CSE,1
6.45,2,1,4,3,34,6,42,6,CSE,1
10.0,2,9,6,2,44,83,94,2,ECE,1
6.11,3,6,4,3,89,82,351,5,CSE,1
9.82,1,0,5,0,14,2,326,8,CSE,1
7.28,5,6,1,2,0,4,233,8,IT,1
9.39,1,9,0,0,66,99,98,2,MECH,1
7.64,4,2,5,1,94,37,163,8,MECH,1
8.49,6,9,0,2,46,69,378,2,CSE,1
8.12,2,9,7,2,12,98,178,2,CSE,1
6.88,5,0,2,3,42,50,187,8,MECH,1
7.45,4,1,7,0,57,20,487,6,ECE,0
7.84,5,8,2,1,12,69,145,4,CSE,1
6.02,3,10,5,3,83,82,414,3,IT,1
6.33,5,0,6,3,44,94,110,2,MECH,1
6.12,2,10,6,2,72,43,360,3,CIVIL,1
8.23,0,3,1,2,24,44,154,8,IT,1
8.62,4,1,4,0,7,41,280,6,ECE,1
9.08,2,6,1,2,14,44,496,3,CSE,1
6.22,5,6,1,0,68,98,360,3,CSE,1
6.05,5,4,8,3,19,40,95,4,ECE,1
7.47,1,1,0,1,45,45,334,5,MECH,1
8.58,5,4,3,2,13,16,480,8,CIVIL,1
6.65,3,6,2,3,3,75,105,1,MECH,1
6.3,2,9,1,3,28,75,114,5,CIVIL,1
6.43,4,0,0,2,0,73,471,5,CIVIL,1
6.93,4,1,3,0,81,97,272,4,IT,1
8.95,0,3,3,3,19,82,163,3,CSE,1
9.9,0,7,1,1,10,66,265,3,CSE,1
7.91,6,2,2,0,37,85,491,5,CIVIL,1
9.15,5,7,2,0,15,61,172,4,IT,1
6.41,6,6,0,2,45,29,442,2,IT,1
8.44,2,8,5,2,78,6,15,3,MECH,1
9.4,4,2,3,2,26,95,495,4,CIVIL,1
6.09,5,5,6,1,50,8,28,7,ECE,1
7.59,5,6,8,3,26,86,187,7,CSE,1
8.55,5,8,4,1,49,22,161,7,IT,1
5.62,5,0,7,0,4,69,280,2,CSE,1
8.53,3,3,0,0,0,13,383,4,CSE,1
8.45,1,1,2,1,65,2,262,8,MECH,1
5.84,3,4,6,3,24,96,144,8,CIVIL,1
6.55,2,10,7,2,2,38,19,4,CSE,1
6.38,1,2,6,3,18,92,489,4,CIVIL,1
7.56,0,0,1,0,90,67,434,1,CSE,1
9.69,0,5,4,0,88,8,314,1,IT,1
5.65,4,1,8,0,62,21,67,5,MECH,1
7.21,3,6,0,2,0,34,148,4,MECH,1
8.89,1,7,3,1,21,99,480,3,IT,1
9.53,4,1,6,3,44,27,433,1,MECH,1
9.04,5,2,0,2,5,62,362,1,CSE,0
5.95,2,7,3,1,68,83,357,6,ECE,1
6.44,4,2,1,2,99,7,369,5,CSE,1
5.97,0,1,6,1,55,58,54,2,ECE,1
8.73,0,1,2,1,17,22,406,6,CSE,1
6.76,6,2,7,1,76,55,277,3,MECH,1
7.32,6,2,5,0,49,59,301,8,ECE,1
7.82,3,8,5,1,68,15,304,1,IT,1
9.64,5,8,0,1,70,13,249,4,CSE,1
6.64,5,4,6,0,45,26,496,7,ECE,1
7.96,2,7,6,0,71,86,489,2,CIVIL,1
6.27,6,0,3,3,54,94,441,8,MECH,1
6.7,5,2,4,0,37,97,75,1,CIVIL,1
8.01,4,0,0,2,5,42,233,5,CSE,0
9.42,0,9,6,1,4,90,222,7,CIVIL,1
9.06,1,4,2,0,31,91,267,4,MECH,1
8.63,5,2,8,3,84,72,210,7,ECE,1
7.16,2,3,7,0,64,69,365,4,IT,1
7.41,3,10,4,3,93,7,39,4,MECH,1
7.44,0,7,3,2,58,26,346,6,CSE,1
7.14,2,8,8,2,7,11,420,8,CSE,1
9.31,5,7,3,0,90,79,175,7,CIVIL,1
9.48,1,3,4,1,28,82,372,8,CSE,1
5.74,5,6,3,3,34,4,197,2,IT,1
9.37,2,8,0,2,42,71,229,6,CSE,1
8.34,4,1,1,1,7,12,164,8,ECE,1
8.71,0,4,5,3,81,82,298,1,MECH,1
9.97,4,1,7,1,84,97,269,8,CIVIL,1
5.85,5,1,0,1,20,94,383,4,CSE,1
5.92,6,3,2,2,91,96,188,5,CIVIL,1
7.62,5,4,4,0,89,89,103,4,MECH,1
8.69,1,5,1,0,47,0,55,4,MECH,1
6.03,2,2,5,2,52,43,2,2,ECE,1
7.13,5,2,8,2,34,59,61,5,CSE,1
6.57,3,2,1,3,93,93,383,8,CIVIL,1
7.26,3,0,5,3,99,41,334,3,IT,1
6.4,0,3,0,3,61,29,456,4,CIVIL,1
7.67,4,10,8,2,16,66,31,7,CIVIL,1
7.72,4,5,8,0,82,80,10,2,IT,1
5.78,3,5,5,0,85,83,363,4,ECE,1
7.17,6,2,4,2,79,82,134,4,CIVIL,1
7.49,3,3,4,2,73,99,441,6,ECE,1
5.56,6,9,7,3,0,2,24,3,ECE,1
9.83,0,1,4,1,16,47,307,7,CIVIL,1
9.2,3,5,5,3,87,71,256,4,IT,1
7.12,3,4,2,2,17,7,0,8,IT,1
8.78,0,2,4,1,91,64,122,6,ECE,1
8.08,1,10,4,2,58,5,370,6,IT,1
6.0,1,0,2,0,72,74,57,3,ECE,1
8.58,3,5,8,3,24,7,207,3,CSE,1
7.37,2,6,2,2,7,37,256,6,MECH,1
5.95,1,2,8,1,9,18,391,8,IT,1
5.78,4,3,4,2,43,53,135,7,CSE,1
5.65,2,8,6,3,59,12,170,8,CSE,1
8.98,0,9,7,3,4,58,91,3,MECH,1
8.28,0,6,6,2,28,61,278,3,CSE,1
6.93,4,8,0,0,45,25,364,4,IT,1
7.1,0,3,1,2,12,66,446,1,CSE,1
7.31,1,2,2,1,0,4,204,1,ECE,1
5.77,5,3,4,2,95,91,217,4,CSE,1
6.07,1,1,3,3,49,33,299,6,ECE,1
7.66,2,10,6,3,80,53,28,2,MECH,1
6.16,1,0,2,0,40,72,309,1,IT,1
7.07,4,9,3,2,47,47,457,8,IT,1
7.66,5,9,3,0,76,91,105,7,CIVIL,1
8.15,2,4,2,0,32,49,480,8,IT,1
7.98,3,0,3,0,26,36,114,7,CIVIL,1
6.28,6,6,5,3,20,30,32,1,ECE,1
7.42,2,7,5,1,53,3,408,7,ECE,1
6.55,1,6,3,1,10,31,482,1,CIVIL,1
6.14,5,2,5,1,21,79,124,1,IT,1
9.34,2,7,6,3,58,22,404,2,ECE,1
8.3,1,2,8,3,80,43,449,5,CSE,1
6.53,3,1,5,0,67,4,279,2,ECE,1
9.36,6,5,2,1,17,65,380,8,IT,1
7.07,2,5,6,0,53,28,2,8,MECH,1
7.61,1,5,3,3,18,87,151,6,CIVIL,1
7.05,2,2,2,3,2,87,71,7,IT,1
9.93,6,3,4,1,24,18,204,3,ECE,1
6.14,2,4,5,2,75,46,42,5,MECH,1
8.65,3,0,8,2,90,48,108,3,ECE,1
7.71,0,6,1,3,21,97,82,1,IT,1
6.79,3,0,5,3,23,20,88,5,MECH,1
9.39,6,0,4,0,88,3,404,1,ECE,1
8.41,4,6,3,1,1,66,4,5,CIVIL,1
8.17,2,1,0,1,12,60,151,7,MECH,1
8.47,0,1,6,0,10,38,440,1,ECE,1
9.04,5,2,4,0,15,83,183,5,ECE,1
7.46,4,3,1,1,1,54,100,5,CIVIL,1
5.52,1,8,4,1,61,88,379,6,MECH,1
9.32,6,4,4,0,94,69,380,2,MECH,1
5.85,2,4,7,1,91,82,288,6,IT,1
7.02,1,6,6,1,77,11,446,7,MECH,1
7.07,5,3,4,3,33,14,473,8,IT,1
6.23,5,10,7,3,80,7,464,2,ECE,1
9.15,3,7,4,3,70,32,258,3,IT,1
7.02,1,4,3,2,58,97,19,8,MECH,1
8.5,3,1,8,3,65,52,115,6,MECH,1
5.64,3,4,4,1,43,31,115,2,CIVIL,1
7.8,4,9,6,0,61,36,44,7,IT,1
8.27,5,8,6,2,90,64,370,6,MECH,1
9.53,0,6,3,1,37,22,87,2,IT,1
7.57,5,1,0,2,8,59,423,5,IT,1
6.55,1,9,0,3,50,62,282,2,CIVIL,1
6.76,2,1,6,3,17,27,112,5,CSE,1
9.7,5,0,1,1,90,79,370,2,MECH,1
9.27,4,9,7,2,9,35,474,1,IT,1
9.68,2,10,5,3,51,63,80,3,ECE,1
8.79,6,5,6,0,73,3,11,4,CSE,1
9.36,3,9,4,0,51,40,303,7,IT,1
7.14,3,4,6,0,70,10,97,4,MECH,1
9.8,6,10,8,3,3,86,292,5,CSE,1
5.78,4,7,0,0,90,6,390,2,CIVIL,1
9.24,1,3,4,1,22,73,213,1,ECE,1
9.1,1,3,5,3,60,47,444,4,MECH,1
6.75,1,5,6,1,2,2,240,8,IT,1
7.97,5,5,5,2,21,4,461,4,IT,1
9.66,4,4,3,2,13,58,99,4,IT,1
8.8,0,4,1,1,78,77,174,2,ECE,1
8.11,3,7,0,2,10,82,498,6,CSE,1
5.92,3,4,2,0,39,27,432,6,CIVIL,1
7.0,3,1,7,1,67,9,173,2,IT,1
8.77,0,3,6,0,55,85,65,8,CIVIL,1
6.46,4,5,1,0,62,77,365,3,MECH,1
8.34,5,7,1,3,6,44,432,1,CIVIL,1
6.79,1,5,4,2,40,22,470,6,ECE,1
7.48,5,3,4,2,10,89,293,1,ECE,1
6.57,6,7,1,0,89,94,457,3,ECE,1
6.87,3,10,3,2,88,25,277,6,CSE,1
8.6,6,5,0,0,97,41,439,8,MECH,1
5.58,1,0,6,2,89,63,239,3,CIVIL,1
8.58,3,5,4,2,7,65,391,3,MECH,1
6.29,6,10,3,0,72,83,12,5,MECH,1
5.67,2,3,0,3,82,50,18,4,CSE,1
7.39,6,9,6,3,66,25,12,6,MECH,1
5.54,5,3,6,0,65,5,420,3,ECE,1
9.15,3,6,0,0,99,84,69,7,IT,1
5.9,5,0,6,2,68,49,256,7,CSE,1
9.47,4,1,3,0,76,25,306,2,IT,1
5.66,4,1,2,0,36,35,52,6,ECE,1
8.09,2,3,7,2,81,59,26,7,CIVIL,1
8.8,3,6,8,0,18,79,491,7,IT,1
7.12,3,7,2,3,44,39,419,5,MECH,1
6.88,3,5,7,0,46,46,260,7,ECE,1
9.79,3,0,3,3,50,59,393,6,MECH,1
9.16,4,3,4,3,83,64,46,2,ECE,1
9.1,2,9,7,1,62,29,113,4,MECH,1
9.54,5,10,5,0,79,21,131,5,CSE,1
9.91,1,6,5,0,1,18,470,6,CIVIL,1
6.52,1,0,5,2,46,4,4,7,ECE,1
8.68,3,6,2,2,86,74,490,2,CSE,1
9.05,0,3,7,2,17,75,489,8,MECH,1
7.63,6,1,3,0,52,80,396,4,CIVIL,1
6.72,4,1,3,0,8,84,67,8,IT,1
6.38,6,10,0,1,70,53,336,2,IT,1
7.81,3,4,8,0,3,38,249,2,MECH,1
8.94,0,5,3,1,72,65,221,3,ECE,1
7.13,1,1,4,3,19,29,135,1,MECH,1
7.82,2,2,7,3,66,15,27,5,CSE,1
7.65,6,2,0,0,45,78,346,8,MECH,1
9.46,6,3,0,3,70,72,281,6,CIVIL,1
6.4,4,6,0,2,15,87,277,8,MECH,1
7.6,0,10,0,2,39,1,60,7,MECH,1
8.67,4,8,1,3,41,8,1,2,CSE,1
5.84,0,3,0,2,12,63,82,6,CSE,1
9.33,5,9,5,2,4,34,482,3,IT,1
5.84,3,7,1,2,26,66,216,7,MECH,1
5.55,6,7,1,1,17,25,303,2,CIVIL,1
6.9,0,5,7,1,78,39,242,8,CIVIL,1
8.15,5,2,0,3,16,76,489,1,CSE,1
9.42,2,10,4,0,2,18,15,5,CIVIL,1
9.15,1,3,7,3,57,42,102,7,CIVIL,1
5.67,0,6,0,1,39,75,172,8,ECE,1
8.12,4,10,8,3,76,61,139,5,ECE,1
5.83,0,1,1,1,52,6,12,1,CSE,1
5.77,0,6,0,2,30,15,217,4,IT,1
9.95,0,10,3,1,16,15,445,5,IT,1
7.19,0,7,3,2,6,4,222,2,ECE,1
7.14,3,9,2,1,92,36,373,2,CSE,1
6.35,6,9,7,2,98,73,261,1,IT,1
7.88,4,7,0,2,5,40,492,7,IT,1
5.95,3,2,6,0,92,99,19,8,CSE,1
7.18,6,10,1,0,100,35,258,3,CIVIL,1
7.65,6,1,0,1,95,59,469,5,MECH,1
8.45,5,3,3,0,0,0,20,8,MECH,1
6.45,4,9,7,0,28,66,245,7,MECH,1
8.81,0,6,2,2,83,93,242,5,MECH,1
6.46,0,9,1,3,93,20,416,6,IT,1
8.04,1,6,0,3,45,83,437,6,IT,1
8.19,6,10,4,0,66,7,500,5,MECH,1
9.88,5,5,6,0,81,0,193,7,IT,1
8.6,0,8,8,2,32,5,18,8,IT,1
8.26,0,3,1,2,33,35,203,6,CSE,1
7.2,4,0,8,1,28,15,24,2,CIVIL,1
9.96,5,8,4,3,17,25,137,1,CSE,1
8.79,1,9,7,3,4,81,280,4,CSE,1
5.84,3,8,2,2,94,62,178,4,MECH,1
7.6,4,0,8,2,5,61,68,4,MECH,1
8.66,1,8,7,1,33,57,11,7,IT,1
6.46,1,8,7,2,23,4,235,6,MECH,1
9.56,4,1,6,3,37,93,28,3,CIVIL,1
9.07,1,9,6,2,16,82,11,4,ECE,1
9.31,2,9,2,0,37,57,413,1,MECH,1
5.55,5,1,8,1,47,11,74,1,CIVIL,1
7.29,3,0,6,0,93,41,41,8,CIVIL,1
7.02,6,6,3,2,72,62,446,4,ECE,1
9.8,2,9,1,1,85,55,465,5,CSE,1
8.68,5,1,7,3,65,40,406,7,ECE,1
5.64,1,5,8,3,30,43,52,7,MECH,1
9.9,0,10,1,2,38,46,451,2,CIVIL,1
7.3,5,8,4,3,66,91,257,4,ECE,1
7.62,5,4,6,2,62,57,376,2,IT,1
7.86,2,9,2,2,50,90,235,6,MECH,1
8.53,1,3,3,0,5,9,148,7,CIVIL,1
6.91,3,6,7,0,82,19,413,2,MECH,1
9.31,3,8,2,1,80,41,279,5,MECH,1
6.71,1,5,1,2,33,8,254,5,IT,1
5.57,5,6,4,2,39,45,317,2,CIVIL,1
9.97,0,7,0,3,91,38,430,1,CSE,1
8.79,5,7,0,0,88,43,297,8,MECH,1
8.77,6,3,2,0,95,67,416,3,CSE,1
6.53,1,1,7,1,37,37,298,1,MECH,1
6.79,3,2,2,2,99,4,229,7,CIVIL,1
7.66,3,5,6,0,30,98,354,4,ECE,1
5.94,2,0,7,1,80,27,237,4,CSE,1
9.4,1,5,7,1,94,12,370,2,IT,0
9.9,1,4,8,2,36,69,76,8,IT,1
7.88,5,7,0,2,80,54,392,1,MECH,1
6.86,3,0,6,1,100,85,77,4,IT,1
8.47,5,3,5,2,70,63,28,4,ECE,1
8.49,2,5,6,2,60,73,469,7,CSE,1
9.02,3,5,0,0,40,51,288,4,ECE,1
6.56,0,6,0,1,24,64,209,6,CIVIL,1
9.83,4,6,3,2,78,64,443,5,MECH,1
8.29,3,6,3,0,34,85,173,4,IT,1
8.05,4,4,8,3,66,41,265,6,CIVIL,1
8.2,5,1,6,3,61,67,265,5,CSE,1
6.87,2,6,7,3,67,73,17,4,IT,1
5.97,0,5,3,3,88,80,147,5,CIVIL,1
9.6,1,0,4,2,69,14,38,2,CIVIL,1
9.93,2,4,6,3,19,47,260,2,IT,0
9.95,6,6,3,2,39,58,355,5,IT,1
6.85,1,1,5,2,88,43,38,8,CSE,1
9.14,2,3,1,0,76,18,428,1,CSE,1
8.48,2,3,0,0,57,1,318,4,CIVIL,0
8.21,1,10,5,3,20,45,223,4,CSE,1
9.8,3,10,4,3,45,78,199,4,MECH,1
8.31,3,8,8,0,50,19,48,5,IT,1
8.12,4,9,7,0,96,13,9,1,IT,1
5.97,1,6,3,1,76,82,21,3,CIVIL,1
8.21,2,10,1,2,83,99,84,2,MECH,1
7.0,4,3,8,1,51,62,69,8,MECH,1
5.91,4,4,6,0,73,0,149,7,ECE,1
6.53,1,4,3,3,1,15,90,5,CSE,1
9.85,0,6,3,3,30,91,247,7,IT,1
9.18,0,6,8,3,43,72,30,7,CIVIL,1
5.5,5,3,8,0,15,62,318,5,CSE,1
7.36,3,7,6,1,72,49,18,6,ECE,1
6.65,5,6,0,2,21,2,390,7,CIVIL,1
8.29,2,3,0,0,10,3,33,3,ECE,1
5.56,0,0,1,0,17,55,219,1,MECH,1
7.16,1,2,3,3,76,9,435,7,MECH,1
7.0,6,2,3,0,19,75,37,2,IT,1
6.77,0,4,4,1,48,39,224,4,MECH,1
8.12,5,0,3,2,42,97,141,8,MECH,1
9.34,4,2,3,0,79,26,212,3,CSE,1
7.86,0,5,3,2,60,98,127,8,CIVIL,1
6.94,4,6,4,3,96,1,227,1,IT,1
8.2,2,2,6,3,72,78,15,1,ECE,1
6.6,1,10,0,3,23,96,168,1,IT,1
5.81,5,2,4,3,43,16,19,8,ECE,1
6.57,6,6,6,1,90,71,120,1,CIVIL,1
6.48,2,4,4,1,65,62,478,1,IT,1
7.07,1,3,3,0,87,14,3,6,CIVIL,1
9.92,5,4,4,1,16,86,315,5,IT,1
9.52,6,4,4,3,90,78,215,6,MECH,1
9.22,5,5,2,3,27,83,345,8,MECH,1
9.68,0,1,7,0,50,93,440,4,ECE,1
9.62,6,7,4,0,62,20,246,4,MECH,1
8.23,1,9,4,1,43,7,151,4,CIVIL,1
7.21,0,8,6,1,24,10,110,4,CSE,1
7.6,3,5,2,3,41,86,379,6,IT,1
8.04,1,10,4,0,92,12,380,4,ECE,1
6.27,4,2,1,3,68,9,143,5,IT,1
6.24,3,7,2,2,91,93,121,8,CSE,1
9.32,1,0,0,2,99,24,429,4,CSE,1
5.64,4,1,1,1,35,3,125,6,MECH,1
7.57,2,1,8,0,49,9,469,6,CIVIL,1
8.33,0,4,4,2,23,27,101,1,MECH,1
5.82,0,3,5,2,27,73,12,8,CSE,1
6.64,0,10,5,3,47,7,92,1,CSE,1
7.24,2,10,2,0,24,14,140,6,ECE,1
8.17,3,8,1,2,44,69,167,1,IT,1
6.12,0,6,0,0,34,20,295,2,MECH,1
8.99,5,7,2,3,80,36,40,7,MECH,1
9.95,4,4,8,1,93,93,184,6,IT,1
7.28,2,3,1,2,64,61,470,7,CSE,1
7.98,4,7,4,0,17,46,473,1,ECE,1
5.89,5,3,8,0,34,38,256,8,MECH,1
7.06,4,9,7,1,6,15,463,2,MECH,1
8.81,5,7,4,2,88,51,368,8,CIVIL,1
6.39,4,8,5,1,33,39,127,4,ECE,1
6.67,1,9,3,3,79,68,164,2,CSE,1
8.13,2,5,7,2,5,47,193,2,CIVIL,1
8.85,2,9,8,0,87,4,65,4,MECH,1
6.44,4,4,3,0,29,82,325,3,CIVIL,1
9.24,3,2,6,3,46,49,112,3,IT,1
7.79,4,4,7,1,14,19,466,5,MECH,1
6.74,1,4,8,0,15,40,383,4,CSE,1
6.58,0,3,7,0,96,81,119,1,IT,1
5.58,4,0,8,2,2,91,181,8,CIVIL,1
6.78,3,8,0,3,6,63,455,6,ECE,1
5.65,5,6,6,3,18,46,457,1,MECH,1
7.38,6,3,5,2,47,49,385,6,IT,1
6.46,2,4,0,0,14,3,86,7,ECE,1
7.17,3,2,4,1,24,25,64,4,CIVIL,1
8.98,2,1,3,2,22,86,431,5,CIVIL,1
9.23,4,10,0,1,49,43,308,5,CSE,1
8.54,6,8,7,0,72,41,86,4,CIVIL,1
7.84,4,7,1,3,36,72,396,5,ECE,1
9.42,2,2,6,0,92,33,57,6,CIVIL,1
7.49,4,10,5,2,84,96,144,6,CSE,1
7.09,1,0,8,1,24,44,143,4,MECH,1
6.81,0,6,2,2,49,23,450,5,CIVIL,1
7.2,4,9,8,0,3,84,363,6,CIVIL,1
6.15,2,3,0,1,31,54,435,3,CIVIL,1
8.32,3,2,5,1,28,75,61,4,ECE,1
6.28,6,2,8,3,36,43,372,2,CIVIL,1
8.54,6,10,2,0,84,76,266,5,CSE,1
9.14,6,2,7,1,66,59,422,5,CIVIL,1
6.6,6,6,8,3,93,65,253,6,IT,1
5.63,4,0,1,0,84,48,343,8,IT,1
8.73,3,0,8,3,72,46,78,8,IT,1
9.9,0,3,7,0,30,62,486,1,MECH,1
8.4,2,1,8,2,51,81,76,2,MECH,1
7.69,0,10,5,0,38,70,280,5,MECH,1
5.64,2,9,6,3,12,34,5,5,CSE,1
8.46,6,9,4,0,31,80,375,3,IT,1
6.47,5,3,7,1,74,44,244,5,ECE,1
6.89,3,8,6,2,1,90,351,5,MECH,1
8.26,5,4,0,0,70,0,180,4,MECH,1
7.56,6,3,3,1,59,24,47,3,CIVIL,1
9.9,2,0,4,3,10,45,434,1,CIVIL,1
7.79,2,0,4,2,74,23,339,2,MECH,1
8.24,5,5,8,2,6,49,416,6,CIVIL,1
8.95,5,9,8,0,55,89,78,6,IT,1
9.31,3,0,5,1,92,26,426,7,IT,1
9.6,5,3,3,1,86,6,192,5,IT,1
7.32,5,9,0,3,73,7,30,7,CSE,1
7.44,6,8,3,1,41,82,258,7,ECE,1
8.13,0,3,6,3,68,63,369,1,ECE,1
7.42,0,8,8,2,14,74,318,5,CSE,1
9.47,4,8,3,0,26,58,280,4,ECE,1
6.45,6,4,1,2,56,98,271,2,MECH,1
7.96,4,3,5,0,46,60,280,6,ECE,1
9.98,1,0,8,0,76,67,4,6,CSE,1
8.74,5,1,5,0,22,10,109,6,CIVIL,1
7.1,1,3,2,0,76,49,386,4,ECE,1
8.42,2,5,8,2,25,22,107,2,IT,1
9.85,3,2,5,0,82,96,387,3,MECH,1
9.87,5,7,7,2,42,41,149,5,CSE,1
6.7,2,1,3,3,2,95,325,3,MECH,1
7.04,5,7,5,0,5,69,409,2,CIVIL,1
9.41,3,10,5,1,15,95,447,8,CSE,1
9.79,0,7,5,0,32,44,450,7,ECE,1
8.56,6,5,3,3,39,81,81,1,CIVIL,1
9.54,2,2,0,1,35,86,161,5,CIVIL,1
8.44,4,7,7,3,26,16,349,8,CIVIL,1
6.6,4,10,4,3,66,75,294,2,CIVIL,1
5.78,2,8,0,2,8,93,208,1,IT,1
9.11,6,7,0,0,5,26,125,6,CSE,1
7.51,0,8,7,1,81,17,178,1,IT,1
9.0,2,4,4,0,63,32,487,5,CSE,1
9.03,1,9,2,3,17,19,126,7,MECH,1
7.87,3,7,0,2,77,90,314,4,CSE,1
6.31,6,5,0,1,39,77,285,1,CSE,1
7.52,4,5,5,0,79,39,482,6,CIVIL,1
9.65,5,8,6,2,6,16,122,1,CIVIL,1
9.82,6,10,3,3,2,26,186,1,CSE,1
5.65,4,7,5,1,43,60,365,6,ECE,1
8.54,6,1,4,1,66,14,154,1,IT,1
7.35,1,3,8,1,48,22,228,3,CSE,1
8.13,2,5,5,3,83,86,95,6,CSE,1
6.84,6,2,6,2,12,42,336,8,CSE,1
9.85,2,1,4,0,92,56,114,6,IT,1
7.75,3,0,7,3,0,72,274,7,ECE,1
8.41,4,5,4,1,43,2,228,7,IT,1
8.37,6,8,2,1,57,22,80,1,MECH,1
8.18,1,4,5,2,69,67,220,7,CSE,1
5.55,6,3,7,2,20,27,345,3,MECH,1
7.53,0,3,5,1,17,84,258,3,ECE,1
9.08,4,0,0,3,26,65,180,7,CIVIL,1
8.4,0,10,5,3,31,91,4,1,MECH,1
5.58,0,0,7,3,49,93,263,3,CSE,1
7.56,3,0,7,1,53,59,310,4,CSE,1
9.88,2,8,4,0,26,36,168,5,ECE,0
6.87,0,3,3,0,76,30,155,3,ECE,1
9.38,6,10,3,0,36,4,216,6,ECE,1
5.5,0,2,0,3,1,77,288,5,IT,1
7.24,4,2,3,0,59,72,247,6,MECH,1
7.54,1,0,0,3,95,17,470,3,IT,1
6.0,2,0,7,1,24,74,277,3,ECE,1
6.03,0,9,4,1,74,69,273,6,ECE,1
7.89,6,2,6,3,18,8,497,2,MECH,1
5.97,6,7,8,0,5,81,326,5,ECE,1
8.04,4,6,1,0,44,30,15,6,CSE,1
8.86,5,9,2,2,10,11,368,7,ECE,1
8.03,5,6,3,3,68,8,84,6,ECE,1
9.11,5,10,8,2,28,35,151,5,MECH,1
9.23,1,8,5,2,71,15,117,2,CIVIL,1
6.46,1,7,3,1,44,98,131,1,ECE,1
6.46,0,3,3,2,91,70,354,6,ECE,1
6.88,5,8,2,0,41,92,301,4,IT,1
8.08,2,10,0,2,43,58,202,4,CSE,1
6.67,4,9,3,1,60,29,336,8,CSE,1
7.13,3,9,0,1,19,56,426,3,ECE,1
7.87,2,2,3,3,39,19,237,4,ECE,1
9.39,1,7,3,3,69,84,95,4,CSE,1
9.35,2,8,1,0,48,74,296,4,MECH,1
7.43,3,0,0,2,56,36,95,4,CIVIL,1
5.73,5,1,1,1,56,37,268,2,CSE,1
7.16,6,4,1,2,85,60,81,2,CIVIL,1
8.93,6,10,2,3,82,99,276,1,ECE,1
7.92,1,9,7,2,71,98,244,7,IT,1
9.99,5,2,4,1,3,66,77,5,ECE,1
8.22,1,10,1,0,37,19,446,2,CSE,1
6.3,5,0,2,2,44,68,49,4,ECE,1
9.83,5,7,4,3,6,86,207,7,MECH,1
7.45,4,0,6,0,45,68,249,8,IT,1
7.24,3,3,8,0,5,25,85,2,CIVIL,1
5.8,5,10,2,3,12,21,294,3,ECE,1
6.91,1,4,1,3,99,67,270,8,CSE,1
9.57,4,0,2,1,78,33,154,2,MECH,1
9.94,4,4,4,0,54,7,149,6,ECE,1
7.64,1,2,2,3,24,23,237,7,ECE,1
6.49,5,0,0,0,31,98,459,7,MECH,1
8.91,2,9,0,3,99,37,38,7,ECE,1
7.22,6,7,0,2,28,42,159,4,CSE,1
6.47,0,5,0,3,55,48,394,1,ECE,1
7.23,6,4,1,2,20,27,347,8,ECE,1
6.46,5,0,5,0,5,85,231,7,IT,1
6.4,6,2,8,2,57,24,157,5,CIVIL,1
5.98,1,4,4,3,5,37,144,4,MECH,1
7.05,6,4,2,3,28,13,420,5,IT,1
9.95,6,1,8,1,98,68,50,4,CIVIL,0
8.7,6,1,7,2,77,4,251,2,CIVIL,1
8.14,0,7,4,1,68,15,46,2,CSE,1
8.24,4,10,3,0,51,22,424,4,IT,1
6.07,5,0,1,0,52,77,160,1,IT,1
6.3,2,4,1,3,17,78,367,4,IT,1
8.41,4,10,3,1,70,43,159,7,CSE,1
9.98,3,2,2,3,97,17,117,5,CSE,1
8.22,5,7,6,0,21,39,154,5,IT,1
8.11,1,0,1,2,53,100,147,6,CSE,1
7.27,1,1,7,1,28,22,48,5,IT,1
8.85,1,8,4,1,59,22,287,4,ECE,1
7.09,6,5,0,3,69,80,70,4,CSE,0
7.19,5,10,1,3,65,8,53,6,IT,1
8.62,1,0,0,2,42,11,41,7,CIVIL,1
5.56,5,8,0,1,1,10,47,1,ECE,1
8.66,6,6,3,2,80,99,39,5,IT,1
9.94,4,5,4,1,93,64,116,4,CSE,1
7.94,3,6,0,1,88,6,314,5,IT,1
9.73,0,3,5,0,33,53,257,2,ECE,1
8.24,4,2,1,2,96,22,175,3,ECE,1
6.93,0,0,1,3,48,94,353,2,MECH,1
8.72,3,9,0,0,83,92,102,5,IT,1
8.6,6,6,6,0,52,73,322,6,CIVIL,1
6.57,5,8,5,1,51,98,499,1,MECH,1
9.03,0,2,0,1,65,23,290,5,ECE,1
6.71,1,0,7,1,66,12,352,3,CSE,1
9.89,3,6,4,2,70,56,440,2,IT,1
9.42,1,2,0,1,19,43,181,3,MECH,1
9.37,5,2,6,0,33,8,420,6,CIVIL,1
8.29,4,2,1,0,15,49,160,1,CIVIL,1
5.78,1,10,1,0,91,53,119,5,CSE,1
7.2,5,0,3,0,68,43,99,7,MECH,1
8.26,4,10,1,1,19,49,462,6,IT,1
8.51,2,4,0,2,70,54,16,8,CIVIL,1
8.33,4,10,5,2,17,96,278,4,CSE,1
6.68,4,6,5,1,95,44,251,1,CIVIL,1
8.21,1,1,7,0,19,53,255,3,CIVIL,1
6.8,2,2,1,2,70,8,498,6,CSE,1
9.2,3,1,2,3,97,89,71,5,CSE,1
6.82,5,3,3,1,44,22,120,2,ECE,1
8.57,3,2,6,0,12,22,199,2,CSE,1
9.2,2,9,8,0,5,35,135,5,CIVIL,1
8.18,2,8,8,1,28,82,145,7,IT,1
7.56,4,4,4,2,42,88,457,3,MECH,1
8.09,6,5,5,0,55,49,398,2,CIVIL,1
8.42,2,6,6,1,28,24,492,7,ECE,1
5.78,1,7,2,2,75,13,212,5,ECE,1
8.98,4,9,2,3,1,17,400,4,CIVIL,1
7.65,1,3,4,2,8,12,61,3,MECH,1
7.52,5,7,8,3,45,51,85,6,CIVIL,1
9.75,0,8,8,0,2,92,242,7,IT,1
9.09,5,1,4,3,90,50,107,3,ECE,1
8.77,0,0,2,1,88,24,419,3,IT,1
6.48,6,4,5,1,68,61,166,5,CIVIL,1
6.4,6,9,5,2,80,22,113,3,IT,1
7.73,6,5,5,1,21,2,133,5,CIVIL,1
8.81,1,2,0,1,0,6,91,7,CSE,1
9.69,4,4,2,1,44,63,467,8,ECE,1
6.29,3,0,0,0,75,30,149,4,ECE,1
6.98,0,9,4,2,84,92,166,1,IT,1
6.65,3,7,1,0,6,36,106,3,MECH,1
6.4,2,7,5,2,74,10,422,2,MECH,1
8.72,3,4,8,0,1,74,66,5,IT,1
6.89,3,9,5,1,35,77,13,2,CSE,1
7.6,2,0,7,1,41,9,151,5,CSE,1
7.25,5,3,6,0,62,78,104,1,MECH,1
5.66,5,10,3,3,86,39,143,7,ECE,1
7.15,6,8,6,1,98,10,15,7,IT,1
6.61,0,0,5,2,97,19,384,6,CIVIL,1
7.12,1,3,0,3,58,94,422,8,IT,1
9.91,3,4,8,1,9,21,48,5,CIVIL,1
8.36,2,6,1,3,60,47,469,5,IT,1
6.0,5,3,2,1,35,33,243,3,CSE,1
9.89,0,2,4,1,29,22,64,5,CSE,1
8.51,3,1,3,0,30,89,499,3,MECH,1
7.14,2,8,2,2,18,89,97,6,CSE,1
6.02,4,10,1,0,95,23,228,7,CIVIL,1
8.58,4,9,4,1,59,71,307,5,ECE,1
7.43,4,7,1,0,60,12,325,1,IT,1
9.95,5,9,8,1,42,69,298,1,MECH,1
8.6,5,6,0,3,77,87,35,5,ECE,1
7.88,4,7,3,3,69,87,314,4,ECE,1
9.96,1,8,1,3,75,61,17,4,MECH,1
8.21,0,6,8,1,63,85,221,1,CSE,1
9.02,5,1,3,0,92,19,181,5,ECE,1
8.91,6,4,1,3,29,90,264,2,ECE,1
7.16,3,1,1,2,80,31,228,4,ECE,1
7.18,3,1,7,3,65,0,443,2,IT,1
8.92,4,9,0,3,25,20,307,4,ECE,1
5.64,1,9,8,1,4,20,185,5,CSE,1
7.25,2,10,8,2,14,83,24,5,ECE,1
9.39,0,2,4,1,49,26,295,6,IT,1
9.5,2,9,3,0,56,38,451,6,IT,1
6.62,3,10,0,2,52,42,228,1,IT,1
5.64,5,0,8,2,42,39,40,4,ECE,1
5.92,5,4,3,2,45,34,389,2,ECE,1
9.01,6,5,5,2,56,72,361,8,ECE,1
6.02,4,10,5,0,18,78,174,3,IT,1
5.92,6,2,4,3,57,78,29,3,CIVIL,1
6.03,6,4,1,0,37,60,240,3,IT,1
6.32,0,8,0,1,62,83,153,1,ECE,1
7.51,0,6,7,1,40,85,272,4,CIVIL,1
7.65,0,1,8,0,8,89,380,2,CIVIL,1
6.05,0,6,7,3,37,99,450,6,ECE,1
5.55,3,4,5,1,81,92,465,4,IT,1
8.72,4,10,7,0,56,95,372,3,ECE,1
7.98,0,4,6,1,0,1,225,7,CIVIL,1
9.53,4,6,4,0,14,17,181,7,MECH,1
6.07,6,6,2,0,63,47,452,8,MECH,1
7.31,0,7,4,2,50,43,140,3,IT,1
9.45,3,0,8,0,43,76,124,2,MECH,1
6.13,5,0,1,0,72,0,201,1,CSE,1
7.14,5,3,4,0,66,64,401,7,CSE,1
8.32,4,2,6,3,71,82,296,3,CIVIL,1
6.24,0,10,5,1,89,73,457,6,ECE,1
8.02,0,9,7,3,15,91,298,5,CSE,1
9.9,1,4,1,1,7,22,299,1,ECE,1
8.91,0,1,6,2,39,52,430,3,ECE,1
6.81,2,5,5,1,86,32,223,2,CIVIL,1
9.53,4,10,5,0,92,12,329,4,CSE,1
8.98,1,10,0,3,83,76,228,8,MECH,1
7.07,4,2,8,1,75,17,62,2,CIVIL,1
8.04,0,8,4,2,89,62,32,4,MECH,1
5.91,6,10,2,3,73,68,168,6,CSE,1
6.15,0,8,4,0,54,66,146,8,CIVIL,1
7.85,4,1,5,1,0,100,220,6,CSE,1
9.41,2,6,7,2,79,28,436,6,CSE,1
8.22,2,2,8,2,38,27,63,1,CSE,1
6.35,3,0,5,3,60,46,198,1,ECE,1
7.48,4,4,0,3,36,15,350,3,ECE,1
7.37,2,1,2,3,66,60,204,8,CSE,1
8.61,1,9,3,0,85,19,1,3,ECE,1
8.75,5,2,5,1,15,26,138,3,CIVIL,1
6.36,4,7,0,1,97,43,232,2,IT,1
8.21,6,2,1,1,64,38,160,5,ECE,1
8.23,3,5,8,1,15,76,284,1,CSE,1
8.52,5,1,6,2,89,49,269,5,ECE,1
8.64,6,8,7,3,6,96,187,2,CSE,1
8.8,6,4,4,1,14,79,8,3,MECH,1
8.95,1,4,1,2,24,34,23,5,MECH,1
6.2,2,10,6,0,94,45,305,7,CSE,1
8.04,1,2,4,1,33,96,177,6,ECE,1
6.26,6,1,6,0,2,7,376,7,CIVIL,0
8.06,1,9,7,2,74,73,113,6,MECH,1
6.69,1,4,1,3,32,8,341,7,CIVIL,1
9.5,5,5,4,3,68,36,267,6,CIVIL,1
9.05,5,2,7,2,81,1,191,5,MECH,1
8.74,6,8,0,1,7,87,257,5,ECE,1
6.53,0,5,5,2,42,14,266,6,MECH,1
6.98,1,8,4,3,72,98,77,4,CSE,1
9.81,0,10,2,3,94,61,100,5,MECH,1
7.35,3,8,2,3,14,44,368,5,IT,1
5.99,0,4,3,2,66,4,98,1,ECE,1
9.35,5,1,8,0,61,90,91,2,CSE,1
8.68,4,3,4,3,30,60,312,4,MECH,1
8.96,0,5,2,1,95,48,155,6,CSE,1
9.12,1,1,3,0,86,13,400,2,ECE,0
5.82,4,6,3,3,18,79,121,8,IT,1
9.77,0,5,6,3,73,17,468,8,CSE,1
6.68,4,7,0,2,10,94,124,4,MECH,1
5.58,1,4,1,1,2,89,376,5,CSE,1
9.29,4,4,5,3,38,85,258,7,CIVIL,1
7.0,5,0,3,0,4,13,416,7,IT,1
7.03,0,2,6,1,1,70,204,3,CIVIL,1
9.53,0,10,2,2,69,61,44,7,CIVIL,1
8.16,0,3,1,1,56,83,23,2,ECE,1
8.87,5,4,5,2,88,57,33,5,ECE,1
5.96,3,1,4,1,1,64,181,5,IT,1
5.89,5,7,8,2,53,12,433,5,ECE,1
8.47,0,2,4,1,0,92,66,4,CIVIL,1
9.75,1,9,6,1,42,71,485,5,MECH,1
9.02,5,5,8,0,67,55,106,8,CIVIL,1
8.51,0,0,5,1,24,65,227,8,CSE,1
8.57,1,7,7,2,78,95,143,8,CSE,1
8.05,4,10,4,2,67,97,363,6,CIVIL,1
8.65,2,8,8,3,77,2,6,6,CIVIL,1
9.12,1,9,4,2,78,35,230,2,CIVIL,1
9.39,6,1,5,1,26,90,111,8,ECE,1
7.06,6,8,1,0,50,58,294,4,CSE,1
6.98,1,9,3,3,99,40,400,8,ECE,1
6.87,5,8,4,1,100,28,431,2,ECE,1
9.49,0,6,5,1,15,53,379,1,ECE,1
6.73,4,10,8,1,75,75,66,6,IT,1
8.61,5,0,1,0,52,95,241,2,ECE,1
6.8,3,5,2,3,35,71,270,5,CSE,1
9.9,1,5,3,0,45,60,463,8,MECH,1
6.46,4,0,3,1,14,69,21,3,CSE,1
7.7,4,3,1,3,24,1,381,2,MECH,1
6.07,5,7,2,3,87,10,115,1,ECE,1
9.51,0,9,3,1,18,42,186,3,ECE,1
6.75,0,1,6,2,70,82,486,3,ECE,1
9.28,6,7,2,1,97,25,19,8,IT,1
7.77,5,2,1,0,92,20,379,7,IT,1
7.13,4,0,3,3,29,66,465,6,ECE,1
6.15,5,6,2,1,45,73,349,6,MECH,1
6.23,5,0,1,1,82,95,23,8,CSE,1
7.97,6,10,3,0,97,65,24,7,CSE,1
6.76,0,2,1,2,27,43,109,6,CIVIL,1
8.55,3,3,6,1,27,65,429,3,CSE,1
9.56,3,5,8,1,8,19,106,7,ECE,1
8.61,2,7,5,0,41,86,67,1,ECE,1
8.48,3,8,0,3,44,62,448,6,CIVIL,1
8.87,5,10,0,3,71,100,125,8,MECH,1
8.04,6,1,1,2,32,72,380,5,CSE,1
7.67,1,6,8,3,44,55,64,4,CIVIL,1
5.63,1,3,5,1,0,31,283,7,MECH,1
6.38,5,5,6,3,30,62,18,8,MECH,1
8.28,4,5,1,2,59,84,88,8,MECH,1
9.63,0,7,3,0,69,35,331,7,MECH,1
8.01,2,7,0,1,63,76,88,2,ECE,1
9.68,6,0,8,0,9,89,381,3,CSE,1
5.61,6,0,6,3,96,50,89,5,IT,1
5.84,6,1,3,2,69,88,46,8,CSE,1
5.83,3,7,2,3,76,73,477,6,CSE,1
8.67,1,3,7,1,28,30,11,3,ECE,1
7.45,4,7,7,0,45,61,199,7,MECH,1
8.66,3,2,5,3,67,56,5,4,MECH,1
6.58,5,8,1,0,31,8,95,5,CIVIL,1
6.96,1,1,5,2,70,61,176,2,IT,1
9.61,3,10,3,3,23,4,205,5,CIVIL,1
9.75,6,6,6,1,19,72,235,7,CSE,1
9.82,5,8,0,0,39,100,305,1,CSE,1
8.2,5,0,5,2,62,89,270,8,MECH,1
8.58,1,0,4,3,10,90,285,2,CSE,1
7.72,2,9,7,1,42,61,458,2,IT,1
6.1,3,4,7,0,66,45,368,8,ECE,1
7.82,5,10,3,3,61,50,409,5,CIVIL,1
9.87,2,0,3,2,40,17,122,3,MECH,1
8.46,6,0,5,1,8,4,429,3,MECH,1
6.18,2,6,4,0,55,71,139,1,ECE,1
8.57,5,3,3,3,24,97,359,1,MECH,1
8.19,4,6,4,0,6,72,330,6,MECH,1
7.74,1,4,0,3,15,61,235,3,ECE,1
7.61,0,0,5,3,95,48,80,4,ECE,1
9.43,0,6,8,2,79,69,155,2,IT,1
8.45,4,7,4,2,66,79,318,1,IT,1
6.8,1,5,2,1,6,86,378,6,MECH,1
8.65,1,0,7,1,32,0,26,8,IT,1
6.74,6,7,8,2,87,44,384,1,CIVIL,1
7.95,6,6,7,2,69,96,154,4,CSE,1
6.43,4,10,7,3,31,62,161,7,ECE,1
9.76,1,2,1,3,43,77,145,6,CSE,1
6.73,3,8,0,2,68,25,52,7,MECH,1
8.1,2,5,7,1,6,96,42,3,CIVIL,1
8.53,1,9,8,0,1,14,97,7,CSE,1
8.51,1,3,0,2,100,78,499,7,ECE,1
6.83,3,4,3,2,47,24,326,5,ECE,1
9.92,1,4,6,3,37,72,52,7,CSE,1
9.85,2,5,6,2,32,4,302,5,MECH,1
6.09,4,0,7,3,49,3,177,1,MECH,1
9.68,3,10,0,2,67,93,420,7,IT,1
9.18,3,3,0,1,69,65,354,2,MECH,1
8.31,6,10,5,2,77,87,89,6,ECE,1
8.56,2,8,8,3,69,93,441,5,ECE,1
5.81,2,7,2,1,44,3,276,8,CSE,1
5.74,5,6,3,2,62,12,119,3,CSE,1
5.74,3,0,2,1,31,9,192,3,ECE,1
6.79,0,5,2,1,86,76,467,3,CIVIL,1
7.43,4,7,1,1,79,72,471,8,ECE,1
6.31,5,9,7,1,18,15,399,7,CIVIL,1
8.74,0,8,2,2,24,29,72,8,IT,1
9.76,0,9,1,3,19,81,284,5,IT,1
5.98,0,9,3,2,71,2,250,8,CSE,1
5.53,3,0,5,2,29,82,88,5,CSE,1
7.35,3,10,8,1,63,59,368,1,CSE,1
8.45,1,5,1,3,36,44,61,7,MECH,1
6.12,4,5,0,2,93,16,389,8,MECH,1
7.77,0,1,2,2,97,72,30,7,CSE,0
8.4,6,0,6,2,43,81,424,8,IT,1
9.21,1,7,7,1,6,31,63,5,CIVIL,1
9.23,1,6,4,1,77,16,177,5,IT,1
9.32,5,4,0,0,23,15,255,3,CSE,1
7.27,2,9,7,1,78,39,487,1,MECH,1
6.09,1,0,5,3,49,13,264,5,MECH,1
5.69,0,6,4,3,94,41,420,5,IT,1
8.75,5,5,5,1,55,3,295,6,IT,1
9.62,2,2,2,2,77,42,419,6,MECH,1
7.7,4,0,3,1,69,18,280,6,MECH,1
6.97,0,1,0,2,75,85,2,6,MECH,1
9.31,0,9,8,3,2,26,353,6,ECE,1
6.7,6,3,5,2,35,71,90,3,CSE,1
6.92,3,0,4,2,60,49,419,5,ECE,1
8.67,4,3,1,2,36,69,393,3,MECH,1
7.69,2,3,1,2,22,94,418,5,CIVIL,1
7.85,2,5,3,2,27,86,247,5,CIVIL,1
6.69,1,5,1,3,45,83,435,8,IT,1
9.42,1,4,8,2,4,28,419,5,IT,1
9.05,4,6,5,2,67,68,135,4,MECH,1
6.09,2,7,7,1,100,49,339,1,ECE,1
8.16,5,5,7,1,80,83,71,1,ECE,1
6.71,2,10,8,3,68,55,216,7,CIVIL,1
6.17,6,5,4,0,29,91,71,7,IT,1
9.58,6,7,6,1,92,86,283,7,CSE,1
9.94,0,8,8,1,62,3,402,5,CSE,1
8.42,2,6,1,2,64,29,216,3,IT,1
9.56,2,3,8,0,67,42,71,5,MECH,1
6.14,0,1,3,2,62,85,49,6,CSE,1
8.21,2,2,8,0,41,16,468,5,CSE,1
7.28,6,10,0,1,65,91,157,6,MECH,1
9.51,5,1,1,3,68,69,85,3,ECE,1
6.95,5,5,4,0,65,22,446,2,CSE,1
7.82,4,7,3,2,42,78,328,1,CSE,1
6.39,6,7,7,1,9,20,109,6,CIVIL,1
7.51,0,3,8,2,59,76,389,7,CSE,1
7.71,6,2,1,2,71,34,82,7,ECE,1
7.79,6,0,4,1,54,97,318,8,IT,1
8.65,6,7,3,2,40,94,160,2,CSE,1
6.13,1,2,2,2,30,54,68,8,CSE,1
7.94,6,1,7,0,70,10,454,2,CIVIL,1
7.89,1,5,4,2,19,0,386,1,CSE,1
9.18,6,9,6,1,20,22,289,4,CIVIL,1
7.64,0,4,1,3,22,10,54,5,CSE,1
9.54,6,6,1,0,66,75,289,5,CIVIL,1
8.46,5,3,1,0,56,12,95,8,MECH,1
9.62,6,10,7,0,50,14,425,8,ECE,1
8.01,3,7,2,1,6,16,1,7,CIVIL,1
9.85,2,6,7,2,23,70,163,3,IT,1
6.4,5,7,1,3,0,80,192,3,CIVIL,1
7.07,5,1,2,2,4,20,451,8,MECH,1
5.57,4,10,3,0,32,63,297,5,MECH,1
7.7,5,0,4,0,45,92,411,4,CIVIL,1
7.4,5,3,0,1,78,51,127,8,CSE,1
7.91,0,2,1,0,76,81,2,5,IT,1
5.73,6,4,6,1,4,43,100,6,CIVIL,1
9.4,3,2,6,1,20,63,270,3,MECH,1
6.22,4,1,6,3,3,80,325,4,CIVIL,1
9.38,6,6,1,0,18,79,486,5,MECH,1
5.88,4,4,3,0,64,13,455,3,CSE,1
8.87,4,5,2,3,19,1,297,1,MECH,1
8.74,3,3,5,1,71,52,215,5,IT,1
7.99,4,10,0,1,66,52,110,7,MECH,1
8.15,5,10,2,1,50,40,233,3,MECH,1
6.39,5,6,3,1,35,41,35,7,MECH,1
6.21,6,3,3,1,2,47,497,1,ECE,1
8.46,2,10,8,3,99,34,447,5,CIVIL,1
6.32,1,1,3,0,29,19,426,2,ECE,1
6.05,0,10,7,1,51,100,475,1,CSE,1
8.87,1,2,6,0,62,50,143,5,CSE,1
9.87,6,6,4,2,79,63,298,8,ECE,1
7.71,1,0,1,3,80,82,485,1,IT,1
7.52,6,7,5,1,47,44,465,2,MECH,1
8.06,4,3,4,2,38,65,278,4,IT,1
6.5,4,8,2,1,87,88,220,7,IT,1
7.86,4,3,2,3,65,15,492,2,MECH,1
6.02,5,5,3,1,71,53,465,8,ECE,1
6.25,6,0,7,1,43,23,485,1,ECE,1
8.5,5,9,0,2,21,15,247,6,CSE,1
6.06,6,2,8,1,42,61,81,2,IT,1
9.84,0,4,0,2,20,13,239,1,IT,1
7.56,0,6,5,0,48,13,201,2,ECE,1
6.62,1,9,5,2,48,86,388,5,CIVIL,1
6.0,2,7,4,3,83,22,17,4,CSE,1
7.94,5,0,5,3,27,89,482,8,IT,1
7.77,0,4,8,2,57,62,223,7,MECH,1
5.99,6,7,7,1,49,99,277,7,IT,1
6.65,3,1,6,3,19,98,446,7,CIVIL,1
8.64,3,0,6,1,12,48,189,3,CSE,1
9.75,0,3,3,0,20,57,134,8,CSE,1
6.71,0,8,4,0,32,92,302,5,ECE,1
8.55,1,6,4,0,82,54,194,8,CIVIL,1
8.17,4,9,3,0,51,54,224,2,ECE,1
7.32,2,7,0,3,33,23,62,5,CIVIL,1
7.01,1,0,1,3,80,80,367,6,CIVIL,1
9.16,4,4,4,0,45,33,408,1,CSE,1
7.5,4,3,8,1,9,98,334,6,ECE,1
8.08,4,6,0,1,32,39,432,5,CSE,1
7.8,4,10,4,3,37,80,140,5,CSE,1
7.67,0,6,7,2,33,89,160,7,IT,1
5.7,4,1,6,2,34,92,223,5,MECH,1
10.0,4,5,2,1,84,42,140,4,ECE,1
9.11,5,4,3,1,9,34,43,1,IT,1
7.75,2,4,1,2,94,28,235,2,CIVIL,1
8.22,2,1,1,2,100,84,76,2,ECE,1
9.58,2,10,2,1,26,73,196,7,MECH,1
6.65,6,4,2,3,83,0,326,5,CIVIL,1
6.05,4,1,2,1,14,93,77,3,CSE,1
8.98,1,1,3,1,76,81,422,5,CSE,1
9.08,4,7,5,2,87,72,273,7,CSE,1
6.85,4,4,4,3,21,21,280,8,CSE,1
6.64,2,2,5,2,81,59,186,2,CSE,1
7.23,0,8,2,3,27,7,243,1,MECH,1
6.34,6,10,4,0,97,20,275,1,MECH,1
8.78,2,6,4,0,29,89,499,4,IT,1
7.65,2,6,2,2,81,84,162,1,IT,1
6.37,4,3,2,1,2,37,307,5,MECH,1
9.43,0,6,0,3,95,46,456,3,MECH,1
6.3,3,10,3,2,80,96,254,8,ECE,1
8.27,5,0,3,0,34,24,269,7,ECE,1
8.76,2,3,0,2,67,18,199,2,IT,1
7.01,4,4,3,3,69,17,138,5,CIVIL,1
7.43,0,5,7,3,33,95,79,7,IT,1
6.75,2,5,7,3,96,70,67,1,IT,1
9.78,2,0,5,0,60,64,469,1,CSE,1
8.3,4,7,8,3,86,14,351,4,ECE,1
8.49,4,3,3,3,68,5,85,2,CSE,1
8.79,3,10,2,3,100,63,229,8,CIVIL,1
7.42,1,0,6,1,68,25,229,4,MECH,1
5.87,4,9,2,0,84,23,498,5,ECE,1
7.04,6,10,6,0,82,10,79,1,ECE,1
8.43,6,2,2,3,97,46,155,5,MECH,1
6.08,4,7,8,3,69,95,397,7,CIVIL,1
7.66,2,1,0,3,50,2,425,2,CSE,1
6.75,4,1,4,0,93,59,45,3,IT,1
6.63,0,7,5,0,88,7,260,3,IT,1
8.49,2,6,7,3,35,30,408,3,CSE,1
7.69,4,2,2,1,60,11,104,6,MECH,1
8.75,1,1,6,0,4,48,389,7,CIVIL,1
7.38,0,7,1,1,5,49,167,1,MECH,1
8.66,4,3,0,0,9,81,222,1,MECH,1
7.35,4,3,3,0,15,11,475,2,CIVIL,1
8.1,4,9,0,2,61,29,124,8,IT,1
7.64,2,3,6,1,30,93,119,6,IT,1
9.2,5,1,4,1,70,90,203,8,ECE,1
6.74,4,6,7,3,5,88,195,2,IT,1
6.47,4,6,3,2,0,63,394,8,ECE,1
7.2,0,3,4,3,50,63,230,6,IT,1
7.9,5,0,2,3,83,77,311,6,CIVIL,1
9.92,0,9,2,0,24,91,42,2,MECH,1
8.89,5,10,0,0,6,44,393,4,CIVIL,1
9.95,4,9,6,0,80,31,3,8,CSE,1
8.35,6,10,5,3,82,83,448,2,CSE,1
5.54,5,1,3,2,72,23,123,6,ECE,1
9.75,5,6,3,0,10,14,454,2,MECH,1
5.61,0,6,7,1,36,41,479,3,MECH,1
6.59,2,10,8,2,68,12,92,4,CIVIL,1
6.3,2,4,8,1,11,9,445,1,IT,1
8.21,1,8,3,2,23,34,471,1,IT,1
8.46,4,1,3,3,100,88,15,4,CSE,1
8.28,5,1,0,3,38,54,417,4,MECH,1
8.09,5,10,7,2,38,83,191,4,CSE,1
7.63,6,8,7,3,17,63,65,5,MECH,1
8.7,6,4,3,2,89,43,112,1,CIVIL,1
6.23,1,9,5,0,72,66,11,7,CIVIL,1
6.46,2,7,2,0,62,97,178,7,ECE,1
8.86,5,9,5,3,90,93,338,8,CSE,1
6.88,0,10,7,1,6,33,251,8,IT,1
8.42,3,3,3,2,67,65,118,1,ECE,1
8.64,5,3,4,0,65,67,494,2,CSE,1
9.87,1,0,6,0,50,0,358,6,CSE,1
7.04,4,4,7,3,87,87,455,4,IT,1
9.16,0,5,8,3,12,68,194,3,MECH,1
5.66,4,0,6,3,4,19,467,6,CSE,1
8.55,4,1,2,0,42,47,188,7,MECH,1
7.09,4,3,6,0,25,90,337,8,ECE,1
8.41,2,9,5,2,72,65,145,7,IT,1
8.04,5,10,0,3,71,62,204,8,MECH,1
9.66,2,0,4,1,16,69,0,2,CSE,1
8.27,3,8,7,3,9,56,394,2,IT,1
9.7,5,8,7,0,100,95,69,6,IT,1
9.97,3,6,5,0,87,24,322,3,ECE,1
7.77,2,8,6,2,54,51,363,2,MECH,1
9.53,3,7,0,1,64,35,200,8,CIVIL,1
6.73,0,3,8,0,68,96,4,3,IT,1
6.64,4,6,5,2,99,9,22,5,CSE,1
7.07,0,3,1,3,43,99,265,6,ECE,1
5.8,0,5,0,1,100,30,248,8,IT,1
8.95,3,0,8,0,72,23,378,7,ECE,1
6.78,4,6,6,3,73,59,57,6,CSE,1
9.44,5,6,4,3,89,32,18,6,MECH,1
6.05,0,1,4,1,78,24,142,6,CIVIL,1
5.96,1,2,7,0,15,79,233,8,IT,1
8.5,5,1,8,3,46,45,290,1,IT,1
5.91,0,5,3,1,53,28,221,5,IT,1
9.16,0,2,5,1,68,41,310,7,ECE,1
9.48,6,10,7,0,87,25,190,1,CIVIL,1
8.05,1,4,0,3,37,67,209,2,MECH,1
5.65,3,2,7,1,63,81,211,1,IT,1
9.63,3,6,4,0,11,99,472,5,CIVIL,1
7.16,6,4,7,2,23,20,450,7,MECH,1
9.17,6,3,2,2,96,42,429,5,MECH,1
9.93,1,4,2,3,13,55,500,8,CSE,1
7.47,2,10,8,2,92,34,408,1,IT,1
7.28,0,4,4,1,41,84,90,5,MECH,1
8.23,1,10,2,2,68,69,76,6,MECH,1
8.12,5,3,0,1,85,92,405,8,ECE,1
8.34,6,9,0,1,23,6,323,3,MECH,1
6.26,4,9,4,1,1,20,177,7,MECH,1
6.19,3,5,4,3,45,97,47,6,ECE,1
6.51,3,7,5,1,18,92,52,5,IT,1
6.46,1,0,3,1,70,22,2,7,MECH,0
7.51,2,8,8,0,50,86,463,3,CIVIL,1
7.63,1,9,4,1,79,83,492,8,CIVIL,1
8.76,5,10,4,0,93,39,474,6,MECH,1
8.57,6,8,0,3,55,75,92,4,CSE,1
8.38,1,0,8,1,65,8,444,2,IT,1
6.94,0,9,8,0,45,54,157,8,ECE,1
5.65,0,5,1,3,66,8,77,1,MECH,1
6.66,1,7,4,1,55,11,438,5,CIVIL,1
7.72,3,1,7,3,1,95,475,5,MECH,1
6.19,1,3,1,3,32,15,43,1,IT,1
6.17,0,6,0,1,17,1,93,1,IT,1
6.38,3,2,6,3,56,32,35,2,ECE,1
8.19,1,6,6,3,45,88,254,5,CIVIL,1
7.61,3,5,8,3,68,27,208,8,CSE,1
8.92,2,0,5,2,29,32,181,8,MECH,1
7.89,4,1,5,0,68,63,100,1,ECE,1
7.0,4,4,6,1,14,59,292,1,CIVIL,1
9.01,4,10,0,0,23,55,184,7,MECH,1
7.99,6,2,7,0,17,40,388,5,CIVIL,1
6.82,3,3,2,2,7,26,224,5,CIVIL,1
7.79,3,1,2,3,34,37,362,3,CIVIL,1
8.5,5,5,6,3,95,70,13,6,CSE,1
8.24,2,7,5,1,98,93,208,6,IT,1
7.2,1,9,5,3,7,49,425,8,CSE,1
9.92,4,2,6,1,58,26,34,7,CIVIL,1
6.35,3,3,7,0,0,92,428,7,IT,1
8.71,0,4,6,1,68,69,153,8,IT,1
7.28,1,1,0,1,17,23,436,7,IT,1
6.8,5,3,4,1,5,27,305,6,CIVIL,1
7.26,4,1,4,3,70,51,495,1,MECH,1
5.71,0,4,8,3,20,88,289,3,CSE,1
6.08,3,6,3,1,91,43,209,8,CIVIL,1
5.78,1,7,2,0,73,89,244,8,CIVIL,1
9.54,4,2,6,0,60,26,409,8,ECE,1
6.08,4,1,3,2,51,34,49,1,CIVIL,1
6.36,6,10,7,3,21,24,237,6,CIVIL,1
9.73,0,5,5,2,78,73,270,3,ECE,1
6.19,2,4,2,0,96,34,175,6,MECH,1
8.18,0,8,4,3,40,85,34,1,CIVIL,1
8.3,0,10,2,2,75,58,483,7,ECE,1
9.02,3,4,4,3,83,18,141,6,MECH,1
5.65,4,9,0,0,44,78,443,1,MECH,1
6.52,0,5,7,0,17,40,337,1,IT,1
6.58,3,1,7,0,63,64,249,5,ECE,1
6.27,2,1,2,0,38,98,500,8,CSE,1
6.33,4,6,1,1,58,97,259,3,CSE,1
8.97,2,3,7,3,42,18,209,2,CIVIL,1
6.07,3,4,4,2,63,83,428,2,CSE,1
7.68,0,10,8,3,51,86,44,5,CIVIL,1
7.12,6,3,4,2,19,98,265,8,ECE,1
9.12,2,9,4,2,7,77,128,6,IT,1
9.01,2,10,5,3,90,15,486,2,IT,1
8.72,2,2,0,2,21,81,482,1,MECH,1
7.72,5,2,8,1,15,30,225,6,IT,1
6.56,6,10,0,0,26,80,311,2,IT,1
7.0,1,8,3,0,76,59,139,4,IT,1
6.53,0,8,0,3,11,91,151,3,MECH,1
7.06,3,1,4,1,5,89,105,1,CIVIL,1
8.13,0,3,4,2,10,20,444,1,ECE,1
7.72,4,9,1,1,73,94,97,3,CIVIL,1
5.83,6,3,2,0,29,9,49,5,CSE,1
6.2,1,0,1,2,73,9,202,5,CIVIL,1
7.46,1,6,4,0,55,49,83,8,CIVIL,1
8.1,4,2,0,0,48,84,129,8,ECE,1
8.93,4,4,2,2,6,33,308,7,MECH,1
8.77,1,5,4,2,70,62,241,7,CIVIL,1
6.44,3,2,6,2,38,13,310,7,MECH,1
9.37,0,1,5,0,3,75,394,8,IT,1
5.79,0,1,5,3,54,0,22,3,CIVIL,1
5.52,2,1,1,1,62,88,303,3,ECE,1
9.63,2,0,4,0,61,53,403,4,CSE,1
9.16,3,3,2,0,95,2,109,1,IT,1
6.8,0,9,2,3,52,2,221,6,CIVIL,1
7.89,2,4,5,0,2,89,178,7,ECE,1
6.6,1,9,2,3,75,25,396,7,MECH,1
9.54,1,9,6,2,68,40,226,1,CIVIL,1
8.02,4,6,1,0,79,87,357,7,CIVIL,1
9.98,6,2,7,0,80,86,183,1,CSE,1
8.64,2,5,6,1,73,82,203,7,CIVIL,1
8.33,4,10,4,3,2,24,112,1,CIVIL,1
8.21,1,3,5,0,40,30,56,8,ECE,1
6.9,1,6,5,0,53,24,171,5,ECE,1
6.15,4,1,5,1,72,2,339,2,CSE,1
8.23,0,7,0,0,58,37,127,6,IT,1
7.4,6,1,3,2,9,74,326,3,CSE,1
6.25,5,6,8,2,22,69,98,5,CIVIL,1
7.65,5,8,4,0,22,5,140,2,CIVIL,1
8.89,6,0,0,1,68,94,193,7,ECE,1
8.79,1,2,0,1,87,23,6,8,CSE,1
9.28,6,8,4,2,59,75,351,8,MECH,1
5.71,0,5,4,2,43,19,77,6,MECH,1
9.27,5,0,0,2,1,91,322,6,MECH,1
7.56,5,3,1,2,8,73,48,3,ECE,1
6.83,3,0,3,2,42,49,69,2,IT,1
9.98,4,1,3,1,8,62,214,3,CSE,1
8.87,0,4,4,2,77,3,9,7,ECE,1
8.78,5,8,2,1,77,39,435,7,CSE,1
9.88,4,7,7,0,57,61,450,2,IT,1
8.79,4,5,5,2,83,11,28,4,IT,1
6.95,4,6,2,1,91,22,318,8,CIVIL,1
6.67,3,0,2,0,30,59,1,4,CIVIL,1
9.13,1,4,0,0,0,1,359,7,ECE,1
9.43,4,9,5,1,46,70,348,5,CIVIL,1
5.9,6,0,4,0,4,2,38,6,CIVIL,1
7.48,2,2,7,0,14,94,34,7,CIVIL,1
8.57,1,9,2,0,80,69,343,5,MECH,1
7.74,3,9,5,0,61,42,446,1,IT,1
5.68,0,0,4,3,56,6,485,2,IT,1
6.96,6,9,8,1,85,98,89,2,IT,1
7.35,2,1,1,1,70,4,363,2,MECH,1
7.53,1,1,3,1,71,0,304,7,ECE,1
8.92,4,7,6,2,26,64,481,2,CIVIL,1
5.67,0,1,2,1,32,91,133,8,CSE,1
7.46,1,5,6,2,17,3,443,6,MECH,1
8.69,1,9,7,2,46,86,19,5,CSE,1
6.24,4,9,2,3,7,34,72,1,ECE,1
7.01,0,2,7,1,45,68,42,1,MECH,1
7.8,1,10,4,3,60,93,376,6,CIVIL,1
7.4,4,3,1,3,28,35,460,3,CIVIL,1
9.88,4,7,8,0,27,79,386,6,IT,1
7.49,4,0,5,2,35,42,475,3,ECE,1
6.09,6,7,4,0,35,2,197,8,IT,1
5.65,2,2,7,1,51,59,3,2,CIVIL,1
5.67,1,10,1,0,97,19,228,6,CSE,1
5.67,2,7,2,2,5,59,484,8,IT,1
5.83,5,0,4,1,16,74,343,3,MECH,1
8.41,0,2,4,1,95,38,375,7,ECE,1
8.02,0,3,5,0,12,9,21,2,IT,1
7.8,4,6,5,1,83,93,139,5,CSE,1
6.78,5,8,2,1,4,100,192,2,CIVIL,1
7.94,2,1,7,0,6,67,235,5,ECE,1
8.25,5,6,4,0,79,6,0,7,MECH,1
9.54,6,2,8,1,71,12,487,8,ECE,1
6.25,6,2,2,1,94,16,467,3,CSE,1
5.58,1,7,7,0,20,74,129,7,MECH,1
6.91,3,7,7,0,32,73,13,5,CSE,1
9.81,3,3,8,2,56,29,410,2,CIVIL,1
8.86,5,4,7,3,89,93,129,1,CIVIL,1
8.72,5,9,7,0,65,25,343,2,CIVIL,1
9.58,1,2,0,0,58,94,308,6,CIVIL,1
9.77,6,10,6,2,65,85,132,1,MECH,1
9.48,2,4,5,2,60,33,496,5,CIVIL,1
8.03,0,6,5,1,26,96,241,4,ECE,1
6.62,3,3,3,0,62,63,293,4,MECH,1
7.98,2,1,8,0,16,44,91,6,MECH,1
8.74,0,7,1,0,61,79,1,4,IT,1
9.83,6,6,3,1,60,69,195,4,IT,1
6.37,6,8,6,2,57,22,310,6,IT,1
8.33,1,4,0,1,88,42,374,2,MECH,1
7.73,1,10,8,1,82,70,500,6,IT,1
7.0,6,5,8,1,100,42,413,1,MECH,1
9.82,5,7,0,3,64,44,188,7,CSE,1
9.18,5,9,1,1,14,46,163,7,IT,1
8.61,6,4,6,2,91,73,286,2,CIVIL,1
7.63,3,10,7,0,16,73,486,1,ECE,1
7.18,0,8,3,3,32,29,498,2,MECH,1
9.34,0,6,3,2,91,45,189,4,CSE,1
5.81,4,7,7,3,16,0,438,4,MECH,1
6.47,6,4,2,0,47,59,104,5,CSE,1
6.7,5,10,2,3,81,61,91,4,CSE,1
9.12,6,1,8,1,34,34,246,7,MECH,1
8.46,5,5,0,2,35,14,374,6,CIVIL,1
9.11,0,0,5,2,78,44,72,7,MECH,1
8.53,4,3,7,1,33,44,266,2,MECH,1
6.64,6,3,0,1,70,92,363,2,CSE,1
7.45,3,10,6,0,66,85,16,4,ECE,1
6.36,1,3,5,3,58,68,295,5,CIVIL,1
6.74,5,7,6,0,68,27,11,2,ECE,1
6.32,4,2,5,2,37,10,412,7,IT,1
5.92,1,6,7,1,67,43,392,8,ECE,1
6.56,2,2,6,0,97,80,87,3,ECE,1
6.36,1,1,8,1,71,12,215,6,MECH,1
7.47,1,7,6,0,94,11,140,6,CSE,1
8.45,4,9,8,3,60,95,364,6,MECH,1
7.32,4,1,8,0,71,47,265,7,ECE,1
6.45,5,1,0,3,25,7,385,2,CIVIL,1
8.21,3,10,0,2,6,25,85,8,IT,1
9.97,4,9,7,0,37,99,139,2,CSE,1
5.58,6,5,0,0,18,25,51,4,ECE,1
6.44,0,10,4,0,55,73,131,4,ECE,1
9.27,2,6,6,2,80,61,407,7,IT,1
6.66,4,4,1,3,65,97,281,5,CSE,1
7.34,4,3,4,3,48,0,432,1,IT,1
7.59,1,10,8,2,76,72,339,1,MECH,1
6.44,2,1,4,3,66,62,60,2,CIVIL,1
8.72,3,10,1,3,28,21,426,5,CIVIL,1
8.07,0,2,5,3,1,8,18,7,CSE,1
8.54,2,3,4,0,44,74,143,3,CSE,1
8.72,2,0,7,3,44,44,210,1,CSE,1
7.1,1,7,3,3,35,40,12,7,ECE,0
6.45,3,4,8,3,35,38,361,8,MECH,1
7.5,1,2,1,3,65,28,65,1,MECH,1
6.32,1,6,6,3,35,36,437,7,IT,1
6.39,1,9,0,0,33,59,345,8,CIVIL,1
7.09,3,2,0,1,79,26,312,4,CIVIL,1
7.41,3,5,2,0,84,18,479,2,IT,1
9.24,3,3,2,2,13,87,419,4,IT,1
7.69,3,10,7,2,51,19,419,6,MECH,1
9.77,5,1,8,0,14,84,217,2,CSE,1
9.17,3,5,4,1,32,89,83,6,CSE,1
7.65,5,8,3,2,45,20,452,1,ECE,1
9.17,3,0,0,0,79,20,142,5,IT,1
7.94,3,10,5,3,32,37,284,6,CSE,1
6.2,6,9,6,0,16,58,115,3,ECE,1
5.76,4,3,3,0,25,62,100,4,ECE,1
8.05,4,4,5,3,84,33,214,1,MECH,1
5.93,5,10,4,3,99,46,172,6,CSE,1
8.69,6,9,3,0,37,36,83,1,ECE,1
6.02,6,3,0,0,3,97,391,7,CIVIL,1
9.25,3,8,4,3,7,79,187,3,CSE,1
8.31,3,3,3,3,93,31,57,8,CIVIL,1
6.24,6,10,8,0,30,5,293,5,ECE,1
6.7,1,6,3,1,42,53,151,5,CIVIL,1
8.37,4,6,5,0,4,92,233,4,IT,1
9.22,4,4,4,1,56,78,132,1,ECE,1
6.59,0,7,5,3,67,43,91,7,CSE,1
8.77,3,7,2,2,96,86,348,5,MECH,1
9.75,3,3,0,1,77,30,124,2,ECE,1
7.73,4,0,6,1,36,64,153,7,CIVIL,1
9.24,2,4,0,3,41,75,401,1,IT,1
7.92,5,6,5,2,1,63,316,8,ECE,1
9.93,0,1,7,3,52,13,60,2,CSE,1
6.3,1,9,1,0,12,27,86,1,IT,1
6.9,0,6,8,3,56,86,360,8,IT,1
9.89,5,7,2,2,14,67,26,7,CSE,1
9.92,6,7,5,2,5,31,447,7,MECH,1
9.94,6,6,4,0,86,81,53,2,IT,1
7.65,1,9,4,2,85,71,206,4,IT,1
6.42,0,9,5,1,30,55,447,5,MECH,1
6.48,4,5,6,0,4,7,272,2,CIVIL,1
9.04,1,6,3,2,83,9,189,8,IT,1
8.6,3,5,5,2,67,98,491,1,IT,1
9.6,5,6,7,1,88,54,422,6,CSE,1
6.47,3,3,1,0,92,31,237,4,CIVIL,1
9.56,2,9,5,2,17,61,254,1,ECE,1
9.13,0,10,0,0,99,28,460,2,CSE,1
8.35,4,10,4,1,56,0,458,6,CSE,1
9.53,2,0,1,3,6,59,462,8,CSE,1
5.52,0,0,3,1,4,96,382,5,MECH,1
7.78,6,3,0,2,32,3,61,2,CSE,1
6.16,2,1,3,0,7,70,62,2,IT,1
6.86,4,8,8,1,45,35,214,5,ECE,1
8.81,0,8,3,2,77,24,301,4,ECE,1
8.13,1,5,3,1,68,68,489,3,IT,1
7.39,2,8,1,2,22,42,18,3,MECH,0
9.82,5,3,3,3,100,79,428,6,CSE,1
6.76,4,10,6,3,94,28,414,4,CSE,1
8.0,0,10,0,2,64,22,83,4,CIVIL,1
8.09,0,5,4,1,27,29,205,3,ECE,1
5.98,1,0,7,0,16,8,87,8,IT,1
9.66,5,10,1,1,34,35,287,6,ECE,1
7.38,3,3,5,1,83,77,244,6,MECH,1
8.65,5,4,1,3,73,22,207,3,CIVIL,1
8.88,1,0,3,1,27,76,160,1,CIVIL,1
9.33,1,0,5,0,90,93,412,6,CSE,1
8.79,4,1,7,3,93,4,363,2,CSE,1
5.81,1,2,7,1,42,25,192,5,MECH,1
8.4,0,5,1,1,83,77,53,6,ECE,1
9.91,2,4,4,0,7,5,423,4,ECE,1
6.06,4,10,2,3,72,5,210,6,MECH,1
7.26,3,6,8,0,50,80,265,2,CIVIL,1
8.8,2,2,8,1,65,93,177,8,MECH,1
8.91,2,2,5,2,28,59,172,3,IT,1
7.02,5,7,7,3,64,98,129,7,ECE,1
5.88,0,8,4,3,82,35,104,6,ECE,1
5.74,4,7,0,0,3,0,168,4,MECH,1
7.01,2,3,6,0,96,75,368,8,ECE,1
6.66,6,9,3,3,16,46,487,7,CSE,1
6.9,1,7,0,1,12,44,201,8,IT,1
8.65,1,9,7,0,97,30,444,3,CIVIL,1
9.82,1,10,0,1,79,3,318,7,MECH,1
9.09,1,2,6,2,26,79,356,1,ECE,1
8.68,6,6,0,3,75,47,77,4,IT,1
6.15,0,7,0,0,96,64,203,4,CIVIL,1
9.47,5,9,1,2,19,50,34,8,CSE,1
8.31,4,8,4,0,10,63,120,8,MECH,1
6.34,1,5,6,2,99,79,323,2,MECH,1
5.55,4,4,8,2,24,32,325,8,CIVIL,1
6.25,0,0,6,1,54,57,414,3,CSE,1
9.75,4,3,4,0,31,40,201,5,ECE,1
8.12,5,9,6,1,29,86,421,2,CSE,1
7.07,3,9,3,0,38,40,363,1,CIVIL,1
6.96,3,2,2,3,39,12,87,5,CSE,1
6.11,5,0,0,3,32,34,426,5,IT,1
6.85,6,1,7,2,32,10,339,6,IT,1
5.87,4,3,6,3,46,32,111,5,IT,1
9.9,5,8,0,0,51,61,407,7,ECE,1
9.0,6,2,7,3,83,61,213,7,CIVIL,1
8.36,1,3,4,3,32,26,198,7,IT,1
6.99,5,3,7,1,73,86,447,3,IT,1
9.15,0,4,4,1,69,63,130,8,IT,1
5.94,6,6,8,2,7,90,357,6,CIVIL,1
8.42,5,7,7,2,59,71,310,8,MECH,1
5.51,2,8,0,1,93,25,356,8,CIVIL,1
7.88,4,2,6,3,52,78,115,1,CSE,1
9.07,0,2,0,2,84,89,233,3,CSE,1
6.51,1,4,6,2,90,45,57,8,CIVIL,1
7.24,3,5,7,3,16,56,464,4,CIVIL,1
9.13,3,9,0,1,42,14,291,5,CSE,1
9.19,5,7,1,2,31,30,72,3,MECH,1
9.66,6,8,8,2,96,0,390,6,MECH,1
7.26,5,3,4,2,74,44,41,5,CIVIL,1
9.73,1,7,2,1,5,31,349,3,MECH,1
9.47,2,6,8,0,18,67,320,7,MECH,1
6.05,3,0,6,1,88,48,500,1,IT,1
9.76,2,4,6,1,79,45,10,4,MECH,1
8.14,0,10,0,3,94,34,20,8,CSE,1
6.76,6,6,0,2,41,46,251,4,CSE,1
7.75,1,8,2,3,57,43,230,6,IT,1
9.62,0,1,3,1,85,86,251,5,ECE,1
7.41,2,0,8,1,45,55,201,2,IT,1
9.99,4,1,3,3,71,80,138,8,ECE,1
7.25,5,6,3,0,7,93,421,2,CIVIL,1
6.08,2,1,7,1,46,94,436,3,IT,1
6.37,2,1,4,2,35,42,110,7,ECE,1
6.36,5,5,0,0,63,87,442,2,ECE,1
6.01,0,4,3,1,67,8,16,1,CSE,1
9.5,2,4,4,1,60,12,476,7,CSE,1
8.98,1,10,5,2,60,42,339,1,MECH,1
5.62,1,7,1,2,19,20,374,7,CSE,1
5.96,3,10,0,1,20,97,433,2,CSE,1
6.38,3,6,2,3,47,8,442,3,ECE,1
8.86,5,3,7,3,27,13,95,2,IT,1
9.58,5,0,0,0,57,22,375,2,IT,1
8.0,6,2,4,0,92,97,148,5,CIVIL,1
6.14,1,5,4,2,97,94,282,5,CIVIL,1
6.19,3,6,3,1,76,29,340,6,CSE,1
7.84,4,3,2,3,72,83,227,3,IT,1
8.28,5,0,6,3,82,74,287,7,CSE,1
8.94,0,8,1,1,53,73,408,6,CIVIL,1
5.9,5,5,1,2,5,10,464,2,CIVIL,1
6.12,0,9,1,1,51,70,256,7,IT,1
8.78,0,1,8,3,17,12,493,7,ECE,1
8.11,0,2,2,2,14,89,462,7,IT,1
6.4,4,3,3,2,79,6,366,6,CIVIL,1
6.36,1,4,5,0,29,12,225,5,CSE,1
8.5,5,2,6,2,32,55,448,6,ECE,1
8.81,3,1,2,2,79,52,340,6,CIVIL,1
8.55,2,1,5,2,70,16,409,5,MECH,1
9.05,5,2,3,1,87,61,66,5,ECE,1
9.25,1,10,6,1,71,46,360,3,IT,1
6.03,5,1,1,0,23,9,240,7,CSE,1
8.6,1,6,6,0,78,19,404,2,CIVIL,1
5.97,0,1,3,0,17,4,321,2,CIVIL,1
7.33,4,2,7,1,30,96,10,6,ECE,1
9.01,6,0,4,1,92,87,28,8,ECE,1
6.34,0,3,8,2,49,24,270,4,CIVIL,1
8.46,1,6,0,0,21,8,154,3,MECH,1
6.07,3,1,0,3,59,12,335,4,IT,1
6.01,2,10,2,1,21,19,96,3,CSE,1
7.49,1,10,8,2,97,30,274,8,ECE,1
5.76,5,9,1,1,54,31,454,5,IT,1
8.91,6,2,2,1,31,45,265,7,MECH,1
7.27,3,8,6,3,35,74,96,5,CSE,1
9.82,4,7,6,0,6,100,319,4,MECH,1
6.88,4,4,4,2,74,93,91,1,MECH,1
7.92,2,5,5,0,86,61,398,4,IT,1
6.81,0,2,1,3,12,14,484,6,ECE,1
9.04,1,10,8,2,38,19,95,7,MECH,1
8.68,6,6,0,1,57,43,284,3,MECH,1
5.82,0,8,5,3,12,34,387,1,IT,0
7.9,5,10,8,1,91,18,257,6,IT,1
6.98,0,2,2,3,90,66,196,3,MECH,1
6.85,5,9,1,2,40,34,391,6,CSE,1
8.65,5,1,1,3,19,3,216,8,CSE,1
7.4,1,8,5,2,11,84,186,7,ECE,1
7.42,6,10,4,1,46,71,95,4,CSE,1
8.29,1,3,8,1,17,39,477,1,ECE,1
6.86,2,10,5,1,7,62,297,5,IT,1
7.13,3,10,3,3,47,36,42,7,CIVIL,1
6.73,3,0,7,0,34,32,326,1,ECE,1
5.85,5,2,0,1,58,51,13,3,MECH,1
7.35,1,1,1,0,8,90,447,2,CSE,1
9.42,0,3,0,1,20,42,442,8,MECH,1
6.23,0,7,5,0,84,96,120,5,CIVIL,1
6.23,5,3,4,1,78,40,24,4,MECH,1
8.08,3,4,1,0,6,67,469,1,CIVIL,1
6.17,2,10,2,0,78,8,490,1,CIVIL,1
8.11,1,0,3,2,15,2,305,7,CSE,1
8.4,5,2,4,0,96,92,249,5,CSE,1
8.39,4,5,4,3,16,83,225,1,CIVIL,1
9.47,3,6,2,3,80,71,500,3,ECE,1
9.18,6,6,0,2,23,92,97,4,CSE,1
7.41,0,4,8,0,75,99,88,1,CIVIL,1
9.48,0,0,2,1,13,76,276,8,MECH,1
7.05,4,1,1,2,14,85,314,5,MECH,1
6.76,4,4,0,0,0,38,296,2,CSE,0
5.88,4,7,2,1,99,12,326,7,ECE,1
5.66,0,8,0,2,56,47,70,1,CIVIL,1
7.49,1,2,2,2,42,93,207,2,ECE,1
7.41,6,6,3,3,71,5,351,8,IT,1
9.22,2,0,4,0,4,27,325,7,MECH,1
5.9,4,6,2,3,9,76,301,1,IT,1
8.86,0,5,7,1,34,20,200,3,CIVIL,1
6.29,4,5,2,2,80,61,117,7,MECH,1
7.97,1,5,2,3,58,97,405,2,ECE,0
9.48,6,4,1,0,50,85,77,3,CIVIL,1
8.14,2,4,8,3,71,13,126,2,CIVIL,1
6.2,6,10,6,1,48,69,197,5,MECH,1
7.85,3,0,2,1,57,87,445,4,ECE,0
8.25,4,4,2,2,12,4,20,6,CIVIL,1
8.07,0,6,6,0,7,88,242,3,IT,0
6.54,6,1,3,3,19,67,43,4,CSE,1
5.65,1,8,7,1,82,47,191,3,IT,1
7.17,3,9,3,3,50,85,435,8,CSE,1
8.22,6,1,8,3,81,16,235,1,ECE,1
6.95,4,7,5,0,8,1,232,2,MECH,1
9.56,4,6,4,3,70,99,312,5,IT,1
6.16,6,5,3,3,62,38,392,3,CSE,1
8.75,0,2,7,1,85,92,217,8,CSE,1
6.4,0,10,5,1,6,53,277,6,ECE,1
7.86,4,1,1,3,0,3,250,7,IT,1
5.92,6,4,5,1,17,37,303,2,IT,1
9.52,1,10,2,0,70,67,486,3,IT,1
7.76,5,9,7,2,26,90,156,3,ECE,1
7.79,0,3,8,0,0,26,80,2,CIVIL,1
8.56,1,7,8,2,31,72,97,6,IT,1
8.68,1,1,4,2,99,13,292,1,IT,0
5.59,0,6,4,0,92,23,491,2,MECH,1
9.09,3,9,2,0,19,97,403,3,IT,1
7.33,3,1,2,2,74,29,449,5,CSE,1
7.85,3,4,4,0,3,9,386,7,CSE,0
9.7,0,6,8,1,74,16,471,1,ECE,1
9.87,6,5,0,1,81,18,318,6,CIVIL,1
9.39,5,1,8,2,33,11,432,7,CSE,1
7.92,0,7,3,3,6,100,413,5,CSE,1
7.24,6,8,4,0,69,34,296,2,CIVIL,1
9.88,4,0,8,0,31,21,478,8,ECE,1
5.92,6,2,3,3,9,87,322,3,ECE,1
8.78,6,6,6,1,5,74,301,3,MECH,1
5.77,1,10,0,3,29,96,189,6,IT,1
8.89,3,0,1,2,14,48,401,1,CSE,1
9.28,2,0,7,0,86,74,332,5,CSE,1
7.19,2,3,8,1,80,4,142,8,CSE,1
9.92,3,0,8,2,36,14,438,3,IT,1
7.76,1,5,0,0,78,13,131,1,ECE,0
9.6,4,1,2,3,74,86,428,1,MECH,1
8.04,2,8,6,0,6,86,99,3,ECE,1
9.85,0,7,2,3,44,75,315,2,ECE,1
8.69,2,0,8,3,47,29,211,6,IT,1
5.71,6,0,7,3,40,58,67,5,MECH,1
6.79,2,6,6,0,5,85,5,4,ECE,1
6.0,3,2,2,2,54,91,266,2,ECE,1
8.09,0,4,6,2,9,43,283,8,MECH,1
6.86,2,4,0,3,83,26,411,4,IT,1
7.39,2,10,6,1,90,79,236,3,CIVIL,1
9.47,5,1,0,3,42,83,197,4,CSE,1
7.51,6,4,3,0,2,54,351,3,CIVIL,1
9.03,5,9,6,0,19,45,205,5,IT,1
9.11,4,3,6,3,6,70,12,2,ECE,1
8.58,0,1,1,1,65,5,292,7,CIVIL,1
5.63,2,2,3,2,4,55,160,1,IT,1
6.67,2,2,3,3,8,1,307,7,IT,1
8.93,6,9,4,3,30,46,114,1,ECE,1
9.16,3,5,6,3,40,4,218,3,IT,1
7.32,3,8,3,0,89,100,464,1,CSE,1
5.86,3,8,2,0,42,29,70,4,MECH,1
5.55,6,9,2,0,54,2,67,1,MECH,1
8.3,2,5,8,2,4,67,479,4,CSE,1
9.09,2,6,0,2,73,28,310,5,MECH,1
9.38,1,7,7,2,78,3,437,6,ECE,1
7.3,0,1,7,2,37,100,386,3,MECH,1
8.66,0,0,7,0,47,31,202,5,CSE,1
5.65,4,10,0,2,100,96,319,1,CSE,1
9.79,0,1,2,2,28,0,384,1,IT,1
8.91,6,3,8,1,80,10,378,6,CIVIL,1
6.76,0,3,6,0,31,6,419,6,CIVIL,1
9.99,5,9,6,1,46,16,125,4,IT,1
8.18,1,0,5,0,14,93,102,8,CIVIL,1
6.32,1,6,5,1,96,5,349,4,MECH,1
6.08,0,8,4,2,1,91,253,8,IT,1
5.89,0,5,4,0,61,72,125,5,CSE,1
8.3,6,1,8,1,17,69,38,6,CIVIL,1
6.09,4,8,3,1,14,51,483,4,MECH,1
5.71,4,6,7,1,61,9,404,4,CIVIL,1
6.13,3,5,4,0,40,18,366,6,MECH,1
9.89,2,0,3,0,70,20,262,3,CIVIL,1
8.5,3,8,4,3,85,83,315,2,MECH,1
5.58,3,8,1,0,40,53,196,7,CSE,1
5.73,3,3,2,0,76,14,143,8,ECE,1
8.26,2,8,0,1,20,64,445,6,ECE,1
6.36,6,5,0,2,70,45,272,6,MECH,1
6.29,5,4,3,0,6,55,178,3,CIVIL,1
7.35,0,1,6,0,13,26,87,1,MECH,1
7.27,1,9,5,2,94,11,30,4,CIVIL,1
8.57,6,4,0,1,88,35,348,3,CIVIL,1
8.08,6,6,5,0,34,81,202,5,CIVIL,1
6.85,5,7,6,1,19,6,294,7,MECH,1
9.84,4,5,0,2,75,25,491,8,ECE,1
5.78,4,0,3,1,39,39,251,4,IT,1
7.28,5,4,7,3,100,12,160,4,ECE,1
9.91,1,5,4,1,59,100,343,3,CIVIL,1
6.8,5,8,8,0,73,47,423,7,IT,1
8.3,1,5,6,3,34,13,254,2,MECH,1
7.9,3,1,2,0,81,8,68,8,IT,1
9.65,0,3,3,0,55,22,81,7,IT,1
7.04,5,3,4,2,55,82,248,7,ECE,1
7.93,5,2,2,1,13,26,208,7,MECH,1
9.14,2,2,6,0,34,21,106,4,CSE,1
6.29,4,5,8,3,88,23,155,6,CSE,1
8.53,4,6,6,0,72,40,288,3,MECH,1
5.72,4,6,0,2,37,14,42,8,CIVIL,1
6.13,3,0,4,1,78,85,104,8,CSE,1
9.42,4,9,4,1,34,92,35,6,MECH,1
9.07,4,6,4,2,89,53,262,1,CIVIL,1
7.6,1,7,7,2,80,45,22,4,MECH,1
9.56,3,6,8,2,76,18,315,7,IT,1
9.68,5,4,8,0,87,93,313,5,CIVIL,1
7.85,4,10,8,2,70,34,236,6,IT,1
8.12,2,9,3,1,14,74,358,2,IT,1
7.02,3,9,0,3,76,47,328,6,MECH,1
8.45,6,0,3,1,54,55,144,7,CIVIL,1
9.49,0,1,6,1,24,91,100,7,CSE,1
9.3,0,6,3,1,46,45,217,4,CSE,1
7.41,2,3,7,3,8,29,346,4,ECE,1
9.02,0,6,2,3,11,13,40,4,CSE,1
6.08,0,1,3,2,21,56,447,7,ECE,1
7.82,3,10,4,0,30,19,257,3,MECH,1
7.48,6,6,0,0,52,26,12,4,IT,1
6.92,3,6,8,2,72,75,98,1,CSE,1
8.71,5,1,6,1,5,64,177,5,CIVIL,1
7.19,0,3,1,3,69,39,435,6,MECH,1
8.71,4,4,3,1,98,19,33,3,IT,1
6.66,0,6,4,3,52,4,476,2,CSE,1
8.89,1,8,7,0,95,75,34,4,IT,1
8.74,2,3,1,2,93,95,460,6,IT,1
9.11,1,8,8,1,61,82,458,1,CSE,1
6.09,3,6,6,1,69,50,86,1,CSE,1
8.84,1,7,5,1,57,88,155,7,IT,1
7.29,6,8,1,2,75,37,468,8,CSE,1
6.82,3,6,2,1,33,38,229,6,CIVIL,1
6.44,4,5,7,1,50,94,182,5,IT,1
6.03,4,3,4,2,41,95,116,5,MECH,1
7.42,6,4,3,0,43,31,166,7,MECH,1
8.26,2,5,2,3,34,38,68,8,CSE,1
5.64,3,7,2,1,58,43,487,8,ECE,1
5.6,2,10,0,2,13,1,290,7,CSE,1
8.3,0,5,0,1,53,54,231,6,CSE,1
6.64,5,8,5,0,70,37,297,2,ECE,1
7.93,1,4,7,2,91,78,239,2,ECE,1
7.55,1,8,7,3,18,80,198,7,CSE,1
7.94,6,5,5,2,47,3,404,6,ECE,1
6.99,3,0,7,2,84,5,232,3,IT,1
8.99,5,5,8,0,41,90,380,2,CSE,1
8.93,0,6,4,0,30,78,22,1,ECE,1
6.23,1,5,1,3,66,67,355,8,IT,1
6.86,3,1,6,1,98,89,228,6,CSE,1
7.04,3,10,6,1,13,12,147,6,IT,1
8.62,1,5,3,0,44,16,256,3,ECE,1
7.89,4,3,7,0,60,9,192,1,MECH,1
8.89,6,10,2,3,29,72,434,3,MECH,1
6.74,6,4,7,1,53,80,173,7,ECE,1
9.51,5,9,1,3,9,63,136,2,CIVIL,1
7.93,1,10,3,2,50,81,480,6,IT,1
7.78,2,2,3,0,72,2,328,3,ECE,1
9.57,1,7,6,0,5,5,108,8,IT,1
6.99,6,1,6,1,99,31,188,3,CSE,1
7.99,2,1,5,0,8,54,208,1,CSE,1
9.48,1,5,0,0,94,75,42,3,CIVIL,1
9.74,1,0,7,1,0,87,21,3,MECH,1
7.72,5,9,0,1,14,96,348,7,CSE,1
7.54,4,0,4,2,80,92,120,1,CSE,1
7.16,6,9,8,1,69,0,447,7,ECE,1
5.9,5,5,4,2,88,47,462,4,IT,1
8.56,1,9,1,2,37,62,419,1,CIVIL,1
6.16,6,9,8,0,63,46,126,6,MECH,1
8.26,2,4,4,3,75,68,80,5,CSE,1
7.84,3,4,3,0,57,71,325,1,CIVIL,1
8.82,2,10,8,2,61,80,437,5,IT,1
5.56,1,6,7,3,47,70,416,8,IT,1
8.4,6,9,1,0,58,86,242,1,CSE,1
6.04,0,4,4,2,11,65,472,4,IT,1
6.87,6,3,4,3,24,59,287,2,ECE,1
7.21,1,4,0,2,8,73,433,2,MECH,1
9.8,5,10,8,2,41,27,113,3,MECH,1
8.16,1,5,8,0,47,61,32,5,CIVIL,0
7.46,5,8,5,2,32,40,439,1,CSE,1
6.89,0,8,0,3,71,31,316,8,IT,1
8.31,5,10,8,1,98,9,426,8,ECE,1
6.11,2,1,6,0,89,65,425,3,CSE,1
6.88,2,9,6,1,40,40,265,4,CIVIL,1
7.31,4,9,3,1,30,90,110,4,IT,1
5.61,3,10,8,1,63,4,44,1,MECH,1
6.75,1,1,5,2,98,21,325,2,ECE,1
8.2,2,3,7,2,98,54,180,7,CSE,1
8.89,4,1,0,3,69,1,349,4,MECH,1
6.32,5,9,4,2,80,0,390,3,MECH,1
9.86,2,8,3,3,74,59,260,4,IT,1
6.23,0,6,1,2,66,22,328,3,CSE,1
8.86,3,8,8,3,29,93,410,8,MECH,1
6.52,2,3,8,0,66,47,215,2,CSE,1
6.2,0,6,6,2,9,72,224,3,IT,1
9.77,0,8,5,2,61,33,6,8,ECE,1
9.29,0,2,8,1,53,9,136,4,MECH,1
9.2,1,6,2,0,61,90,351,2,ECE,1
9.27,1,5,3,0,29,96,36,3,IT,1
8.14,2,2,3,0,8,1,161,8,CIVIL,1
6.64,3,10,1,1,96,72,101,7,CIVIL,1
5.95,5,3,1,0,86,78,450,8,CSE,1
7.82,0,9,3,3,37,7,71,4,CIVIL,1
8.83,6,3,2,1,85,20,370,5,CIVIL,1
8.28,1,10,2,1,70,74,260,5,CSE,1
8.77,3,7,7,0,61,79,319,7,MECH,1
8.17,4,5,4,0,55,28,419,7,MECH,1
6.67,5,9,6,1,12,29,44,7,CIVIL,1
9.89,4,2,0,0,36,79,333,5,IT,1
7.95,1,8,7,1,33,92,76,7,MECH,1
6.37,0,3,1,1,41,6,52,8,IT,1
5.81,5,1,1,1,39,29,230,1,CIVIL,1
7.55,3,8,1,1,33,70,493,8,CSE,1
6.31,1,10,0,3,64,23,77,5,CSE,1
7.88,6,4,1,3,7,8,8,1,IT,1
6.7,1,7,5,1,30,94,330,4,IT,1
8.12,1,2,2,0,64,80,487,3,IT,1
7.07,5,4,0,0,86,45,243,4,CIVIL,1
9.36,3,3,2,2,75,94,342,3,IT,1
7.61,1,6,5,2,55,33,229,6,CIVIL,1
9.01,4,7,7,3,99,30,53,5,CIVIL,1
8.64,6,10,0,3,9,50,156,2,IT,1
9.37,5,1,3,1,18,31,81,4,IT,1
9.56,5,10,2,0,86,97,349,3,IT,1
6.33,4,0,5,2,30,91,360,3,MECH,1
6.27,5,3,2,2,57,11,99,2,IT,1
5.7,6,1,2,1,4,5,325,7,ECE,1
7.35,1,4,1,3,85,14,84,6,IT,1
9.01,6,3,5,2,27,70,207,1,IT,1
7.93,3,3,5,3,74,12,150,6,CIVIL,1
8.61,5,8,0,3,46,52,237,8,CSE,1
8.23,1,5,4,0,5,65,471,5,ECE,1
9.63,1,2,4,1,28,13,470,6,CSE,1
9.47,1,10,8,0,93,3,429,2,CSE,1
6.23,0,10,5,3,8,60,14,4,CSE,1
6.96,1,2,5,2,40,94,199,7,ECE,1
8.38,4,1,4,3,9,81,408,6,CSE,1
9.27,3,10,4,0,86,60,71,4,ECE,1
8.41,4,2,7,3,60,77,394,8,MECH,1
5.73,2,8,3,3,52,24,394,4,IT,1
9.45,6,1,1,3,64,78,381,4,ECE,1
8.05,6,2,6,1,87,95,4,2,IT,1
8.07,1,3,8,1,64,93,165,4,MECH,1
9.95,3,3,7,3,8,20,296,8,IT,1
8.18,3,0,6,2,39,77,126,1,ECE,1
6.16,1,0,1,0,56,54,19,2,ECE,1
7.65,4,9,1,3,42,74,68,8,CIVIL,1
9.95,4,8,3,2,10,98,382,7,IT,1
8.65,6,5,8,1,96,12,494,5,CSE,1
6.76,4,1,1,1,8,19,127,6,ECE,1
7.14,3,1,8,2,26,33,146,7,ECE,1
6.57,5,1,3,1,19,37,446,6,CSE,1
8.73,2,7,2,2,84,31,500,8,CIVIL,1
7.25,2,0,8,0,99,13,66,8,CSE,1
9.2,3,2,5,2,63,56,220,6,CIVIL,1
6.08,2,8,5,0,33,96,65,5,ECE,1
6.1,0,2,5,0,23,65,199,2,CSE,1
8.27,6,1,2,1,56,68,125,3,ECE,1
9.76,5,1,1,3,90,53,409,5,CIVIL,1
6.41,6,0,5,1,10,99,140,2,MECH,1
8.06,1,1,7,1,98,69,120,6,MECH,1
7.66,1,8,0,0,71,78,148,5,ECE,1
5.72,2,5,0,1,13,54,371,6,ECE,1
7.08,4,10,6,1,83,62,391,1,ECE,1
6.01,0,1,5,2,59,52,496,5,MECH,1
7.66,1,3,1,1,20,5,245,8,MECH,1
5.56,0,6,1,3,56,17,102,1,CSE,1
7.61,3,10,4,2,19,51,380,5,CIVIL,1
8.09,5,8,8,3,22,100,167,8,ECE,1
8.58,6,2,0,2,6,37,477,4,CIVIL,1
9.7,3,8,0,2,98,20,446,7,ECE,1
6.86,6,3,8,1,24,95,217,1,IT,1
8.13,4,2,4,0,37,95,452,5,ECE,1
9.22,4,9,5,3,61,37,466,6,IT,1
5.62,2,2,8,0,85,29,360,4,MECH,1
6.89,2,2,1,3,95,28,367,8,ECE,1
8.67,4,6,8,0,29,57,445,4,CIVIL,1
5.69,4,0,4,3,60,24,86,8,MECH,1
8.93,5,4,6,0,25,24,183,5,MECH,1
8.93,3,8,2,1,7,13,492,4,IT,1
7.69,5,2,0,3,98,88,363,2,MECH,1
8.99,4,8,2,3,96,16,143,3,MECH,1
6.36,3,10,0,3,18,67,227,6,ECE,1
7.16,6,10,4,3,100,12,145,8,IT,1
6.84,5,10,4,0,5,29,217,3,CSE,1
9.17,3,6,1,2,46,77,95,7,IT,1
9.35,6,6,0,2,57,99,116,8,ECE,1
8.34,0,5,6,3,91,83,60,5,CIVIL,0
8.06,5,8,1,3,86,35,45,5,CIVIL,1
6.6,0,9,2,1,38,44,175,5,CSE,1
6.94,3,9,1,1,5,68,61,4,MECH,1
9.34,0,9,7,1,78,46,320,3,ECE,1
8.87,6,1,5,3,12,2,387,5,ECE,1
6.6,1,2,0,1,85,86,196,7,ECE,1
7.57,0,8,5,2,8,57,307,1,CSE,1
8.3,3,3,8,0,9,5,304,4,CSE,1
8.49,1,7,8,0,63,33,448,7,CSE,1
7.18,2,5,6,3,38,0,323,8,CIVIL,1
7.56,5,7,8,1,89,86,55,2,MECH,1
6.73,5,1,0,2,46,12,318,3,MECH,1
8.83,0,6,5,2,50,37,408,4,IT,1
8.52,0,3,4,1,41,24,296,3,CIVIL,1
6.04,6,6,5,3,89,67,444,7,MECH,1
9.53,2,0,1,1,37,0,354,2,ECE,1
9.27,6,1,2,2,36,43,414,4,IT,1
9.35,5,4,0,3,96,24,149,5,CIVIL,1
8.16,3,10,3,1,22,96,42,7,ECE,1
8.53,1,2,2,2,71,21,410,6,IT,1
7.57,0,3,7,2,83,89,155,6,MECH,1
7.05,2,6,7,3,100,33,200,7,ECE,1
9.86,1,4,7,2,93,48,294,4,IT,1
8.68,5,10,0,0,92,27,116,2,MECH,1
6.39,1,10,5,1,25,60,33,5,IT,1
5.68,4,10,6,2,96,99,391,5,ECE,1
8.47,1,2,1,2,60,28,426,7,IT,0
5.52,2,3,2,3,59,86,407,3,ECE,1
6.03,2,9,5,2,87,3,89,2,CIVIL,1
8.44,4,0,7,0,21,62,317,3,IT,1
6.3,5,1,2,0,59,28,466,3,ECE,1
8.2,6,8,5,2,1,60,451,5,CSE,1
7.56,0,4,5,2,63,7,233,5,CIVIL,1
8.21,3,0,2,1,68,90,383,4,MECH,1
6.34,6,8,6,1,16,52,165,1,CSE,1
7.34,0,7,3,3,7,91,52,8,CIVIL,1
7.92,1,1,7,3,7,74,71,7,ECE,1
7.69,2,9,6,0,18,18,376,6,IT,1
8.05,2,8,7,3,43,43,101,3,MECH,1
7.02,3,7,2,1,57,46,233,4,MECH,1
8.1,2,6,3,2,68,0,174,8,CSE,1
8.63,0,10,2,0,39,1,317,7,MECH,1
8.4,0,4,2,0,53,15,450,1,CIVIL,0
9.76,6,10,8,2,33,88,355,2,CSE,1
9.46,5,5,2,1,24,27,412,2,MECH,1
8.18,0,1,2,1,90,95,430,5,IT,1
7.45,3,7,0,3,70,38,285,2,MECH,1
9.47,2,0,1,0,82,94,339,4,CIVIL,1
6.27,6,5,5,2,77,96,72,1,ECE,1
9.01,6,2,1,2,36,30,405,1,CSE,1
5.64,5,2,8,2,21,80,98,2,CIVIL,1
8.78,0,3,0,3,45,78,298,6,MECH,1
9.36,6,1,6,2,77,69,405,7,ECE,1
6.34,5,3,8,1,76,74,263,7,CSE,1
5.71,6,1,3,0,51,56,18,1,IT,1
5.86,0,9,7,1,57,31,15,7,IT,1
7.11,4,4,4,2,100,34,49,1,ECE,1
8.94,2,2,8,1,98,99,457,8,MECH,1
5.72,1,1,5,0,49,29,224,3,IT,1
6.88,1,1,1,2,23,50,142,5,MECH,1
6.97,2,7,2,0,48,71,118,3,ECE,1
8.93,3,10,4,3,79,76,27,6,IT,1
8.96,4,2,5,3,65,55,320,6,CIVIL,1
6.1,1,0,2,3,51,55,342,1,CSE,1
9.72,0,4,2,3,24,15,477,8,ECE,1
9.05,0,9,2,2,72,70,491,2,ECE,1
9.94,4,9,2,3,22,27,341,3,CIVIL,1
6.01,0,10,1,0,14,32,468,6,ECE,1
9.86,1,1,6,2,77,58,118,1,CSE,1
6.72,3,1,3,2,45,26,110,5,CIVIL,1
6.29,2,7,1,0,1,4,392,4,MECH,1
8.1,5,9,7,1,90,30,169,7,IT,1
6.39,4,8,3,1,41,20,277,4,CSE,1
6.29,6,10,3,1,31,41,87,3,IT,1
6.8,3,1,4,0,64,50,271,6,ECE,1
5.92,6,9,0,1,33,20,487,3,ECE,1
7.11,0,9,8,3,21,54,100,6,MECH,1
9.19,1,8,6,0,75,35,362,5,IT,1
7.38,0,7,5,1,47,13,491,1,CSE,1
5.86,4,6,3,1,73,19,171,2,IT,1
9.52,1,1,2,1,86,10,425,6,MECH,1
7.19,5,10,0,2,29,9,447,6,CSE,1
8.65,3,0,7,1,2,53,7,4,CSE,1
7.92,1,3,4,2,30,14,302,7,CSE,1
8.86,1,8,7,1,93,76,6,1,MECH,1
6.4,2,6,1,2,83,100,96,4,CIVIL,1
7.89,4,7,0,0,35,100,385,1,CSE,1
7.08,4,7,3,0,25,44,352,8,CSE,1
6.1,1,5,7,0,52,81,329,6,IT,1
8.38,3,9,8,1,86,9,219,1,CIVIL,1
7.97,0,9,5,3,73,66,38,7,CIVIL,1
6.0,0,10,0,2,74,38,280,2,IT,1
9.08,1,9,5,2,48,12,129,4,IT,1
9.69,3,3,3,0,99,3,284,3,MECH,1
6.39,1,6,4,1,77,43,187,4,ECE,1
6.68,6,5,3,0,28,59,50,6,ECE,1
6.0,5,7,6,3,99,57,103,1,MECH,1
8.22,3,2,8,0,17,0,16,4,CSE,1
8.21,0,6,6,2,62,77,349,1,CSE,1
5.74,3,6,7,1,86,48,210,4,CSE,1
6.46,0,2,8,2,2,86,57,4,ECE,1
8.41,3,4,3,1,64,100,203,4,CIVIL,1
6.54,6,4,4,0,29,32,14,2,IT,1
8.68,3,6,2,0,82,86,330,3,CIVIL,1
5.92,0,8,0,3,72,71,84,6,IT,1
6.6,0,2,2,0,94,88,386,4,MECH,1
7.06,1,3,5,3,58,29,173,8,IT,1
9.0,1,4,6,2,13,91,393,3,MECH,1
6.7,2,1,2,2,61,0,46,1,ECE,1
9.1,1,2,1,2,88,54,384,1,CSE,1
6.66,0,4,0,3,41,92,21,6,CIVIL,1
9.92,3,0,6,0,48,4,353,8,IT,1
7.63,1,9,5,3,24,8,459,7,ECE,1
9.36,4,3,5,0,24,15,270,4,IT,1
5.73,4,8,3,0,83,33,217,3,ECE,1
8.56,5,7,4,0,31,14,211,1,ECE,1
9.98,1,7,3,0,55,40,357,1,IT,1
7.36,1,8,2,0,28,51,269,1,MECH,1
7.86,1,10,2,0,58,98,96,5,MECH,1
9.81,2,6,8,1,24,3,402,3,CIVIL,1
6.09,0,6,2,0,78,39,250,4,IT,1
7.38,3,6,6,3,24,13,386,8,IT,1
7.13,2,1,1,2,39,83,480,2,MECH,1
6.94,2,10,0,3,20,27,108,7,CSE,1
6.98,5,7,0,2,1,60,479,3,IT,1
9.68,3,8,6,1,44,83,343,7,CSE,1
8.11,3,2,2,3,99,61,257,4,IT,1
9.61,4,6,1,0,15,36,428,8,ECE,1
6.93,6,2,1,3,3,92,216,3,MECH,1
8.59,2,4,0,0,88,58,320,2,CIVIL,1
9.7,4,1,1,2,67,32,436,5,CSE,1
6.89,4,7,7,0,33,71,102,7,IT,1
8.5,5,4,5,3,61,87,119,4,CIVIL,1
5.98,6,10,5,1,45,0,39,1,ECE,1
8.87,3,0,1,1,45,27,440,8,MECH,1
9.9,4,10,6,1,6,9,45,3,CSE,1
5.66,6,4,4,1,56,16,237,8,CSE,1
9.26,4,7,8,0,52,37,196,3,MECH,1
8.19,0,6,4,1,54,42,380,5,ECE,1
8.16,2,2,0,0,49,1,37,3,CSE,1
7.66,5,0,8,3,16,36,296,1,CIVIL,1
7.26,3,4,3,3,6,60,369,5,CSE,1
9.91,1,5,4,2,87,79,393,7,IT,1
8.37,3,4,6,1,48,70,12,4,MECH,1
9.64,4,3,5,0,43,53,194,3,IT,1
6.75,3,3,1,3,23,24,109,8,ECE,1
9.39,0,10,3,3,32,1,108,5,IT,1
6.09,2,1,7,2,61,11,17,4,MECH,1
9.26,2,5,5,2,21,65,387,3,CSE,1
8.9,2,1,7,2,94,91,218,8,CIVIL,1
7.03,1,10,2,3,3,62,348,8,CIVIL,1
7.64,2,7,4,1,6,11,356,6,CIVIL,1
5.92,2,1,6,0,17,9,412,6,MECH,1
8.59,2,1,2,3,82,1,411,5,MECH,1
5.93,0,4,2,3,67,75,262,5,ECE,1
9.31,2,2,1,2,61,53,8,1,IT,1
6.86,6,4,8,3,19,7,442,2,ECE,1
9.24,1,2,3,0,62,60,13,5,ECE,1
8.96,6,9,8,3,81,86,177,3,ECE,1
8.96,0,0,8,3,96,77,37,5,CSE,1
6.19,1,4,0,1,39,37,436,4,ECE,1
9.67,3,3,4,2,43,69,166,5,IT,1
6.13,5,9,8,0,83,6,330,4,ECE,1
6.43,0,10,6,3,75,76,478,6,IT,1
7.55,3,4,8,0,12,38,347,7,CSE,1
9.37,4,0,3,2,91,45,397,6,CIVIL,1
8.63,4,4,7,0,90,35,252,2,MECH,1
5.83,4,5,5,0,92,13,182,1,CIVIL,1
6.54,3,0,2,0,14,38,395,7,CIVIL,1
9.65,1,8,4,3,2,67,116,6,CIVIL,1
8.88,2,3,0,1,20,47,49,7,CIVIL,1
7.73,3,7,6,2,31,82,104,6,MECH,1
8.78,3,3,3,3,76,17,322,2,CIVIL,1
8.09,4,10,3,1,36,65,97,6,IT,1
5.75,1,8,2,3,58,60,318,1,IT,1
8.03,4,8,2,1,75,5,14,7,CIVIL,1
8.6,4,3,4,3,2,70,465,7,CIVIL,1
7.72,0,5,3,1,47,28,350,3,IT,1
6.95,0,3,0,2,84,33,278,7,IT,1
6.67,1,1,7,1,95,82,486,1,CIVIL,1
6.16,6,8,8,1,44,30,161,1,MECH,1
7.71,4,0,4,1,63,62,124,8,MECH,1
6.29,5,8,8,2,10,35,419,2,MECH,1
5.55,2,3,0,2,26,43,65,4,CSE,1
6.75,2,8,7,1,0,73,227,3,IT,1
6.75,2,8,8,3,12,1,0,6,MECH,1
7.26,6,8,4,3,73,41,88,4,ECE,1
8.77,6,8,8,1,13,76,229,5,MECH,1
9.87,5,0,1,1,37,69,473,8,IT,1
7.81,2,1,8,0,51,92,61,1,IT,1
9.72,1,5,3,1,0,20,133,6,ECE,1
8.78,3,0,5,1,7,74,371,5,CIVIL,1
6.71,0,10,2,1,58,28,452,2,ECE,1
8.89,0,5,3,3,94,2,494,3,IT,1
6.34,6,10,2,1,92,67,98,2,CSE,1
8.09,0,1,7,0,28,89,469,8,CSE,1
9.63,5,6,8,2,77,55,307,7,CIVIL,1
9.22,1,1,2,0,93,52,387,1,CSE,1
6.38,3,10,7,1,62,50,381,2,ECE,1
7.87,0,4,3,2,44,53,134,2,CSE,1
7.53,6,8,8,2,2,7,49,5,ECE,1
7.81,6,2,4,2,64,86,40,7,CSE,1
6.76,5,10,8,0,85,77,327,6,CSE,1
5.99,5,10,8,1,94,61,232,1,IT,1
8.98,6,0,1,2,86,4,267,5,ECE,1
7.41,0,6,4,0,79,56,163,1,IT,1
6.3,3,5,5,0,58,36,295,1,IT,1
9.26,0,0,1,1,55,44,165,5,CIVIL,1
8.06,3,3,2,2,97,41,255,4,ECE,1
5.9,4,8,7,2,33,49,186,7,MECH,1
9.28,0,6,2,1,86,13,216,4,CIVIL,1
7.32,2,9,8,2,26,8,209,4,IT,1
8.27,5,3,2,1,65,68,278,4,MECH,1
5.94,4,4,7,2,58,44,82,7,IT,1
5.61,4,0,2,0,3,24,475,2,CIVIL,1
6.55,5,4,2,2,16,71,463,6,IT,1
9.23,2,6,1,0,65,81,237,7,CSE,1
5.99,2,8,0,1,39,48,201,7,IT,1
9.11,1,2,5,0,94,74,305,4,ECE,1
6.23,0,8,4,1,18,22,246,1,ECE,1
9.1,2,2,8,2,2,2,332,1,CSE,1
6.1,3,8,4,1,14,100,356,8,CIVIL,1
9.57,5,8,2,3,80,79,328,8,CIVIL,1
7.72,3,4,3,3,47,92,191,6,ECE,1
8.66,6,3,7,3,56,75,94,7,CIVIL,1
9.95,3,10,5,1,43,40,391,8,CIVIL,1
6.25,4,8,4,2,58,6,21,5,MECH,1
5.84,0,10,4,1,72,51,8,4,CIVIL,1
9.99,0,10,7,0,48,81,77,6,CSE,1
6.54,6,3,6,3,16,81,18,3,IT,1
5.92,3,9,7,3,87,81,323,2,ECE,1
9.61,6,8,5,0,52,99,66,2,CIVIL,1
8.4,6,1,4,0,8,81,317,7,CIVIL,1
6.74,2,0,8,1,63,39,3,7,ECE,1
6.56,5,10,2,2,9,5,299,3,ECE,1
6.98,4,3,5,3,65,87,222,6,MECH,1
5.55,3,4,5,0,73,44,376,6,MECH,1
6.6,0,4,8,0,40,86,329,8,CSE,1
9.11,6,9,2,1,2,20,471,7,CSE,1
6.5,0,7,0,2,88,73,386,6,ECE,1
7.25,6,5,4,1,52,72,345,6,ECE,1
5.65,1,5,1,2,70,8,227,3,IT,1
6.45,3,9,4,1,97,44,78,5,MECH,1
9.52,4,7,1,0,63,96,365,5,IT,1
9.73,3,9,0,1,43,70,127,6,CSE,1
8.73,6,0,0,1,35,73,482,8,MECH,1
9.58,2,10,5,1,58,53,36,8,CSE,1
6.91,1,8,6,2,45,68,352,7,IT,1
6.02,2,3,3,3,46,84,106,2,MECH,1
8.44,0,8,8,0,77,89,51,2,CSE,1
9.22,5,10,2,0,15,84,39,2,CIVIL,1
8.81,0,9,4,2,82,62,350,3,IT,1
8.58,3,5,2,1,8,90,110,8,IT,1
5.89,5,6,1,0,89,20,98,6,IT,1
9.69,4,0,1,1,73,95,261,1,CSE,1
9.21,4,10,3,1,28,38,277,5,CIVIL,1
8.92,2,5,4,2,85,26,426,5,ECE,1
9.75,4,1,7,1,93,39,73,7,MECH,1
7.64,0,0,3,2,14,88,137,6,CIVIL,1
6.04,2,3,1,1,81,56,389,6,IT,1
8.46,6,2,2,3,72,81,335,7,ECE,1
9.52,0,5,0,3,72,30,484,4,ECE,1
8.95,5,7,4,0,96,95,292,5,MECH,1
8.39,5,7,7,0,100,85,289,3,ECE,1
9.97,3,3,6,0,37,69,256,6,IT,1
6.99,3,1,1,3,86,77,475,6,CIVIL,1
6.36,3,6,3,3,44,39,217,3,ECE,1
7.02,5,9,2,0,60,22,79,7,MECH,1
9.79,6,7,4,2,39,68,392,1,ECE,1
9.49,4,2,4,2,96,72,386,4,IT,1
9.38,4,6,3,0,43,36,407,3,ECE,1
9.35,5,1,6,1,97,85,293,5,ECE,1
6.15,4,5,1,0,64,36,156,2,MECH,1
7.51,2,9,3,3,22,22,190,7,ECE,1
9.56,2,6,5,0,11,81,327,5,CIVIL,1
6.78,4,3,5,1,99,62,187,3,CIVIL,1
9.26,3,9,5,3,7,50,169,6,ECE,1
6.69,0,1,4,3,18,53,462,2,MECH,1
6.87,3,0,2,2,44,68,335,5,IT,1
6.67,2,5,3,1,67,23,413,1,ECE,1
7.79,5,9,0,0,16,97,16,5,CIVIL,1
8.1,5,10,1,2,76,45,4,5,ECE,1
8.98,6,4,3,2,27,68,427,4,CSE,1
8.76,3,9,0,2,52,43,77,7,MECH,1
9.06,0,4,1,0,52,60,345,7,CSE,1
5.55,4,0,3,0,1,28,52,6,ECE,1
5.65,1,4,0,2,68,56,485,3,CIVIL,1
7.3,3,2,0,1,97,62,32,5,CIVIL,1
6.29,3,0,3,2,44,23,254,7,CIVIL,1
8.45,3,3,4,2,100,35,79,7,MECH,1
7.23,3,1,2,1,39,5,197,6,CSE,1
5.52,3,2,5,0,35,76,478,8,ECE,1
9.22,1,6,5,3,24,64,445,6,CSE,1
9.58,4,6,8,2,51,13,9,6,IT,1
7.67,6,2,4,3,20,4,186,2,IT,1
9.06,1,8,4,0,86,55,373,6,CSE,1
6.97,2,5,8,3,31,90,208,3,IT,1
9.25,4,9,8,2,66,23,113,6,CIVIL,1
7.14,1,4,7,2,60,81,322,7,CIVIL,1
9.53,4,6,7,0,82,18,90,1,MECH,1
9.28,6,8,8,3,27,8,497,4,CIVIL,1
6.01,3,10,5,0,92,64,158,7,CSE,1
9.84,3,10,5,2,21,89,477,5,MECH,1
7.19,3,6,2,2,48,97,452,4,ECE,1
7.27,3,6,0,0,70,4,17,1,MECH,1
6.03,0,1,5,3,15,1,275,3,MECH,1
7.38,4,5,3,3,59,13,365,1,CIVIL,1
7.39,6,10,6,0,24,47,312,6,IT,1
7.3,4,7,5,0,7,5,44,8,IT,1
9.91,4,6,8,2,82,16,375,3,IT,1
9.87,3,3,5,1,15,8,300,4,ECE,1
7.2,1,6,3,2,74,94,408,5,ECE,1
8.33,2,5,5,3,11,50,94,6,CSE,1
9.5,5,4,3,3,36,74,273,7,CIVIL,1
9.89,2,4,5,3,29,62,492,7,CSE,1
8.74,4,1,3,1,66,28,118,6,CSE,1
9.49,3,6,1,0,93,12,72,5,IT,1
7.44,6,3,5,1,21,76,327,3,CIVIL,1
5.91,4,3,3,1,74,60,153,8,CSE,1
6.74,6,2,2,1,19,0,193,8,CSE,1
9.1,5,2,5,3,6,76,178,2,MECH,1
6.91,4,4,8,2,50,22,0,2,CIVIL,1
6.29,0,7,2,1,53,63,451,2,CSE,1
5.64,6,6,6,1,18,87,437,3,ECE,1
6.03,4,7,7,3,16,100,150,6,ECE,1
9.27,2,5,3,2,5,88,305,8,MECH,1
8.01,1,4,8,1,14,53,414,4,CIVIL,1
8.09,1,8,6,2,64,89,102,4,CIVIL,1
8.36,5,10,7,1,97,41,122,3,CSE,1
8.83,1,7,6,3,74,79,103,2,IT,1
9.0,0,10,4,0,23,79,416,5,ECE,1
9.4,4,3,8,0,11,54,21,5,IT,1
6.24,2,3,0,1,47,95,213,1,CSE,1
6.58,4,1,5,2,39,0,326,4,MECH,1
7.2,6,9,8,3,66,82,269,1,CSE,1
9.79,5,10,4,1,94,24,348,4,MECH,1
7.82,3,5,0,2,41,81,177,4,CIVIL,1
8.34,0,9,8,1,91,28,286,4,CIVIL,1
8.1,0,2,4,3,64,3,454,6,MECH,1
6.26,1,9,1,2,0,8,145,2,CSE,1
9.64,4,7,4,0,10,93,300,4,CSE,1
9.41,6,8,6,3,12,79,396,6,CSE,1
8.16,6,2,3,1,81,7,123,5,CIVIL,1
8.11,0,6,0,0,12,86,157,6,CSE,1
7.19,3,8,0,1,56,56,181,6,CIVIL,1
7.17,5,3,1,0,56,73,143,3,ECE,1
6.74,5,6,7,1,58,60,195,6,IT,1
6.75,2,4,1,3,85,68,238,2,CSE,1
9.28,6,7,2,3,20,24,366,6,MECH,1
8.03,1,0,3,0,49,14,87,5,CSE,1
5.6,6,3,1,0,95,28,133,4,CIVIL,1
5.65,5,10,5,0,26,33,240,6,MECH,1
9.73,4,1,0,0,48,26,25,5,CIVIL,1
9.19,3,6,4,0,81,99,470,7,IT,1
9.29,2,2,3,3,32,34,219,6,ECE,1
8.01,4,1,2,3,61,94,86,1,IT,1
9.06,6,1,6,2,67,50,393,7,IT,1
7.35,6,6,1,3,74,57,352,8,MECH,1
8.73,6,6,4,2,29,17,248,8,CSE,1
8.39,0,8,5,0,8,33,439,7,MECH,1
9.02,0,5,2,2,58,0,304,2,CSE,1
9.45,0,0,7,3,75,84,397,5,CSE,1
6.61,3,5,2,0,41,9,290,7,ECE,1
6.34,3,1,5,0,0,79,114,1,IT,1
5.58,4,3,6,2,63,99,183,1,MECH,1
6.83,6,5,1,1,15,97,279,8,ECE,1
6.08,0,4,8,2,76,61,76,8,CSE,1
8.39,6,6,6,3,9,85,126,1,IT,1
6.54,5,4,3,3,58,69,18,2,MECH,1
8.01,4,10,3,1,27,73,84,3,IT,1
6.64,3,1,1,2,11,1,465,4,CSE,1
7.73,1,6,8,0,30,70,459,4,IT,1
9.99,1,8,8,1,10,97,59,1,MECH,1
9.63,1,5,4,0,0,10,91,6,ECE,1
9.4,2,8,7,1,10,35,310,4,MECH,1
9.81,0,0,8,0,7,46,231,8,MECH,1
6.78,0,0,3,1,75,50,70,6,MECH,1
9.35,5,2,6,0,88,49,84,6,CIVIL,1
9.92,1,9,4,2,84,69,82,2,ECE,1
7.81,0,3,6,1,24,45,175,5,MECH,1
9.29,2,3,8,3,72,17,388,6,ECE,1
6.91,4,3,8,3,25,4,445,4,ECE,1
7.95,5,2,0,1,80,11,167,1,ECE,1
9.68,4,2,2,2,24,77,69,5,CSE,1
7.15,3,5,6,1,96,76,116,3,MECH,1
9.39,1,8,6,1,42,86,430,4,CSE,1
8.3,6,3,2,1,34,73,72,1,MECH,1
8.12,2,10,5,1,33,7,353,5,CSE,1
8.54,0,1,8,0,93,99,284,8,IT,1
9.0,2,4,4,1,30,21,471,3,IT,1
7.05,5,4,8,0,85,68,193,6,ECE,1
7.46,5,0,0,1,55,63,296,2,ECE,1
8.24,5,6,4,2,83,73,164,5,CIVIL,1
7.44,5,5,8,2,13,62,172,7,MECH,1
5.83,6,4,4,0,21,79,261,4,IT,1
9.29,0,5,3,2,25,94,7,7,MECH,1
6.34,0,0,6,2,80,30,107,1,CSE,1
9.5,5,8,8,3,6,14,292,3,CIVIL,1
7.7,0,2,5,3,36,97,306,5,ECE,1
5.81,0,2,6,2,38,24,63,2,ECE,1
8.17,1,8,7,3,20,6,289,7,MECH,1
7.58,5,0,4,1,88,68,119,2,MECH,1
6.42,4,10,1,2,72,77,138,5,ECE,1
8.13,4,8,5,1,23,32,80,3,CIVIL,1
7.49,6,9,2,3,31,88,171,6,CSE,1
7.34,5,4,1,1,13,82,364,5,MECH,1
6.07,4,9,0,2,56,38,379,5,ECE,1
6.95,6,5,7,1,33,64,210,3,ECE,1
9.85,0,2,2,1,66,84,400,5,CSE,1
9.44,4,6,6,3,37,52,306,3,MECH,1
7.22,4,8,8,0,54,11,354,2,ECE,1
8.44,5,5,2,1,93,91,303,3,MECH,1
8.5,5,6,8,1,44,38,407,6,MECH,1
8.41,4,1,4,2,60,47,428,7,CSE,1
8.01,1,4,8,3,35,98,25,1,ECE,1
7.43,4,2,1,1,9,34,210,6,MECH,1
7.15,1,5,5,3,10,37,433,3,CSE,1
6.74,4,3,6,0,11,59,301,8,ECE,1
7.0,5,3,8,1,51,27,348,5,MECH,1
6.89,5,4,3,0,40,54,335,2,CIVIL,1
9.5,2,4,1,3,88,99,244,8,CSE,1
6.73,4,7,2,3,19,80,19,3,CIVIL,1
7.09,4,0,5,3,52,29,255,4,ECE,1
5.87,5,8,1,1,28,1,33,8,MECH,1
8.97,4,6,5,1,76,81,464,8,CSE,1
6.78,2,1,6,0,83,78,28,3,CSE,1
7.14,3,4,4,1,48,30,331,8,CSE,1
7.46,0,5,4,3,22,95,421,1,MECH,1
8.94,3,9,3,1,3,55,379,7,CSE,1
9.46,0,1,8,2,62,17,375,2,CSE,1
8.99,4,9,3,2,64,0,431,1,MECH,1
6.68,6,0,4,1,49,90,409,2,MECH,1
7.5,4,7,3,2,73,10,36,7,IT,1
9.16,3,9,8,3,48,54,343,8,IT,1
7.13,5,6,2,0,47,11,254,8,CSE,1
8.81,1,6,5,2,75,96,497,2,CSE,1
6.48,5,0,5,2,100,86,106,8,MECH,0
9.77,4,2,4,3,14,96,115,7,IT,1
5.57,5,3,0,3,57,80,399,8,CSE,1
7.02,5,3,0,2,57,3,12,7,CIVIL,1
9.92,3,8,3,0,100,31,301,1,CSE,1
9.46,1,9,8,3,56,13,60,4,CSE,1
8.8,0,1,7,1,79,60,432,5,IT,1
9.87,3,8,0,1,65,2,173,7,CIVIL,1
5.81,6,6,2,3,53,16,53,4,IT,1
5.61,4,6,6,2,17,12,437,5,CSE,1
7.03,0,0,1,2,69,77,473,2,ECE,1
6.45,2,4,5,3,79,13,196,8,IT,1
6.24,3,9,7,1,7,12,160,6,CIVIL,1
9.86,3,8,0,3,32,39,374,7,CSE,1
7.27,1,7,0,3,52,71,100,2,CIVIL,1
9.34,0,8,2,3,73,15,470,7,IT,1
7.79,1,2,6,3,5,44,361,8,CIVIL,1
8.61,6,5,4,3,95,21,191,5,CIVIL,1
8.19,2,7,4,0,57,93,402,1,CSE,1
8.87,5,7,8,2,95,58,389,7,IT,1
7.52,1,8,6,2,57,73,392,4,ECE,1
5.81,6,10,7,3,24,23,461,1,CIVIL,1
7.79,6,5,2,1,54,61,375,3,ECE,1
9.61,5,8,7,2,29,54,40,5,MECH,1
8.59,3,4,6,0,88,58,51,2,ECE,1
5.61,3,5,0,0,41,12,142,8,CSE,1
8.4,2,6,5,1,18,4,452,2,IT,1
6.59,2,2,4,1,69,1,102,2,CSE,1
9.99,5,0,0,3,17,95,121,5,CSE,1
9.09,1,1,7,0,17,92,61,8,MECH,1
6.28,6,7,4,0,45,65,420,8,IT,1
7.37,3,5,1,0,89,53,289,1,IT,1
6.61,5,4,1,3,81,74,121,6,MECH,1
6.44,4,0,5,0,5,17,142,4,CSE,1
5.69,4,7,3,0,14,12,477,8,IT,1
9.06,6,9,1,3,58,31,74,3,CSE,1
8.78,3,3,7,0,13,32,445,5,MECH,1
5.96,4,1,5,3,41,64,482,3,CSE,1
7.36,2,2,3,3,28,94,223,2,MECH,1
9.52,3,5,5,0,19,35,217,8,MECH,1
6.42,5,1,5,0,38,15,255,8,CSE,1
6.48,0,6,4,3,76,76,414,6,CIVIL,1
8.72,3,7,1,1,72,20,307,5,CIVIL,1
8.41,5,3,3,1,100,66,368,8,CSE,1
5.68,3,4,3,2,83,35,97,4,MECH,1
8.26,5,8,1,1,52,65,491,7,ECE,1
6.03,0,10,0,1,1,88,161,5,CSE,1
9.47,5,6,0,1,89,93,161,3,CIVIL,1
6.43,0,2,4,3,66,10,148,5,ECE,1
6.36,0,3,0,2,93,7,388,3,IT,1
6.79,2,9,7,3,19,44,490,2,ECE,1
6.55,4,2,5,0,49,20,311,7,IT,1
9.03,4,5,2,3,62,83,401,3,CIVIL,1
9.71,4,10,3,1,13,76,33,6,MECH,1
9.12,1,8,4,2,29,89,185,1,CSE,1
9.25,2,1,8,2,93,0,205,1,IT,1
9.27,4,8,6,0,22,53,397,7,CSE,1
7.27,4,7,8,0,65,97,119,8,CIVIL,1
8.66,6,8,4,3,68,25,305,4,ECE,1
8.72,5,0,4,0,23,1,467,3,CIVIL,1
9.69,6,7,5,0,90,81,367,7,MECH,1
8.89,6,5,3,0,62,47,64,4,ECE,1
8.58,5,7,3,2,99,13,407,1,MECH,1
8.66,0,4,6,0,7,53,406,5,ECE,1
5.64,2,0,3,1,45,76,312,8,MECH,1
9.75,5,8,1,0,17,80,345,5,IT,1
8.54,6,4,2,1,0,29,490,3,CIVIL,1
9.67,2,3,4,1,45,79,427,2,IT,1
8.0,6,2,8,3,59,54,218,8,IT,1
8.03,3,7,2,0,42,12,4,5,CIVIL,1
7.44,6,2,7,0,15,22,453,5,CSE,1
9.17,1,8,7,1,54,44,197,1,IT,1
9.66,1,9,2,3,23,68,278,3,MECH,1
7.63,4,6,7,1,25,78,291,7,CIVIL,1
6.29,1,7,1,2,61,39,75,6,IT,1
6.69,6,4,3,1,88,42,134,7,ECE,1
6.91,4,3,5,1,29,26,300,6,CIVIL,1
8.33,4,3,3,2,70,19,312,3,IT,1
8.01,5,7,1,3,37,57,186,5,CSE,1
8.46,5,7,6,1,98,75,36,3,IT,1
8.81,5,4,8,0,4,49,491,7,CSE,1
6.76,1,1,4,3,28,34,121,5,ECE,1
8.13,1,3,6,1,82,32,84,4,IT,1
5.68,2,1,6,3,40,70,465,5,ECE,1
5.77,3,2,3,2,99,74,282,7,CSE,1
5.7,2,8,6,0,51,58,438,6,CSE,1
7.22,2,2,6,2,45,8,443,4,ECE,1
5.66,3,3,3,0,53,30,34,4,CSE,1
9.04,2,6,0,0,15,88,220,7,CSE,1
9.93,1,7,1,0,33,42,329,8,CSE,1
6.72,2,0,0,0,17,53,161,6,CSE,1
6.19,0,7,3,3,26,64,222,3,ECE,1
6.18,2,6,0,1,86,44,270,4,ECE,1
9.09,2,10,1,0,80,74,284,5,CIVIL,1
6.54,2,2,1,0,44,56,144,8,MECH,1
8.43,2,8,2,2,37,84,58,3,IT,1
9.28,2,1,6,3,12,48,198,8,MECH,1
9.48,1,5,5,3,15,10,344,8,CSE,1
9.12,0,7,2,3,32,77,336,8,CIVIL,1
7.31,3,9,3,3,41,44,26,3,CSE,1
8.9,0,0,7,0,21,69,330,1,MECH,1
8.36,3,4,5,3,1,88,339,1,MECH,1
7.41,6,7,7,0,74,57,108,6,ECE,1
9.62,3,7,8,3,66,9,459,5,ECE,1
8.34,3,6,3,3,16,4,186,4,CIVIL,1
6.48,3,0,0,2,64,14,124,5,IT,1
8.81,1,3,1,1,13,25,122,8,MECH,1
6.19,4,10,3,2,90,88,246,8,IT,1
8.03,3,1,0,0,72,87,339,2,CSE,1
8.98,5,3,5,2,50,69,426,6,ECE,1
6.88,0,5,6,0,93,35,258,8,CSE,1
5.66,0,3,5,1,66,17,7,4,CIVIL,1
6.43,0,0,1,2,3,0,320,8,ECE,1
7.8,1,9,7,1,63,34,249,5,IT,1
7.74,4,4,5,1,94,58,345,2,CSE,1
9.66,3,5,3,1,87,18,478,1,CIVIL,1
8.82,3,0,1,0,18,62,489,2,ECE,1
8.43,4,3,1,0,15,43,212,4,IT,1
8.19,5,1,3,1,62,54,49,3,CSE,1
9.49,5,8,3,0,31,75,234,4,MECH,1
9.85,1,8,6,1,28,14,447,1,IT,1
6.64,3,10,6,1,96,25,302,5,CSE,1
6.7,4,6,3,3,47,41,65,5,CIVIL,1
8.21,3,10,5,2,92,85,400,5,ECE,1
9.8,0,6,7,1,96,11,10,3,IT,1
5.99,4,6,3,3,99,70,314,8,CIVIL,1
8.11,0,9,5,2,56,48,54,3,ECE,1
8.3,5,9,4,0,96,71,207,1,IT,1
9.79,0,7,4,2,71,86,324,3,MECH,1
8.25,3,9,5,2,43,96,15,8,ECE,1
6.57,6,3,6,0,54,99,449,8,ECE,1
8.25,6,7,2,3,88,10,175,8,MECH,1
9.45,4,6,6,2,49,95,450,5,IT,1
7.06,4,9,5,0,65,55,154,3,CSE,1
7.94,1,9,1,1,6,47,10,2,CIVIL,1
5.85,1,4,3,1,71,73,341,3,MECH,1
9.58,5,4,8,0,2,44,168,5,CIVIL,1
8.86,4,6,7,2,2,97,183,2,CIVIL,1
8.36,4,10,6,3,13,11,478,8,ECE,1
5.71,5,8,3,2,46,81,450,2,IT,1
7.61,1,0,8,1,51,61,290,7,CIVIL,1
7.85,6,0,6,3,10,100,399,8,CSE,1
7.51,0,9,8,1,35,95,176,1,CSE,1
9.99,1,1,0,0,96,72,122,8,MECH,1
6.76,0,3,4,1,32,40,427,6,ECE,1
9.82,1,3,3,3,23,17,395,8,ECE,1
8.94,3,1,5,3,40,83,399,5,ECE,1
6.8,2,10,0,2,69,85,372,1,MECH,1
7.69,1,7,8,2,87,100,193,1,CIVIL,1
9.09,2,9,5,0,100,63,256,4,MECH,1
6.04,1,1,4,0,90,72,414,4,ECE,1
5.76,4,2,7,0,22,38,359,2,CSE,1
8.69,6,3,0,0,10,58,108,1,CIVIL,1
8.08,3,5,6,1,50,51,68,7,ECE,1
9.65,4,2,0,2,12,5,496,3,CSE,1
7.36,5,5,1,1,10,73,496,3,IT,1
8.9,4,6,3,0,10,17,209,8,CSE,1
8.84,3,3,0,3,38,92,481,2,ECE,1
7.89,1,0,3,0,55,99,17,3,CIVIL,1
7.59,3,0,3,0,58,32,292,7,MECH,1
5.89,6,10,3,1,1,1,435,3,IT,1
6.91,0,7,2,3,34,74,493,4,CIVIL,1
7.55,0,9,6,1,5,9,157,2,IT,1
7.07,1,4,7,2,66,91,148,7,ECE,1
8.41,2,9,8,2,32,36,408,6,MECH,1
7.5,2,9,2,3,1,92,99,2,IT,1
7.97,6,8,6,2,94,77,316,6,ECE,1
9.74,5,2,4,1,29,52,133,2,ECE,1
9.97,2,4,3,0,46,88,98,1,ECE,1
7.11,1,9,1,2,7,67,365,3,CSE,1
8.42,4,5,8,1,40,22,100,4,IT,1
6.88,5,5,2,2,40,9,360,2,ECE,1
6.6,0,2,1,2,43,1,432,2,CIVIL,1
9.12,4,7,5,3,98,64,173,3,IT,1
9.87,0,10,3,3,14,70,331,6,ECE,1
9.16,1,3,0,1,7,21,265,7,IT,1
8.86,3,7,6,2,98,31,259,7,ECE,1
8.24,2,9,4,1,98,40,370,4,MECH,1
7.55,6,10,4,1,40,59,69,3,CIVIL,1
7.46,0,7,2,2,35,6,433,7,MECH,1
9.3,6,3,6,0,70,9,456,2,ECE,1
7.73,3,8,5,3,30,44,308,5,ECE,1
9.87,2,10,5,2,46,33,400,1,CIVIL,1
7.42,1,7,7,2,14,25,397,1,IT,1
7.07,6,8,6,0,16,22,230,3,MECH,1
7.75,1,2,4,3,44,81,155,3,CSE,1
6.06,3,6,5,0,53,99,453,7,MECH,1
5.79,4,3,5,0,67,40,441,5,CSE,1
6.75,2,9,3,1,20,2,179,1,IT,1
6.87,4,9,1,3,36,29,67,4,IT,1
6.51,2,9,3,3,36,22,43,8,IT,1
6.88,6,3,0,2,89,16,426,5,MECH,1
8.94,3,4,4,3,10,50,63,4,CSE,1
7.92,5,1,2,2,88,73,200,8,ECE,1
9.03,6,9,7,2,36,41,499,7,IT,1
6.03,1,0,4,0,64,85,95,8,CIVIL,1
5.98,0,9,7,1,40,70,183,1,CSE,1
8.78,3,9,8,0,51,34,497,1,CIVIL,1
7.5,5,1,7,3,29,20,367,3,ECE,1
9.31,3,8,3,1,93,27,270,5,ECE,1
7.28,1,5,1,2,44,32,299,8,CSE,1
9.74,4,4,5,3,12,79,386,4,MECH,1
6.03,2,10,4,2,48,23,208,8,IT,1
9.6,4,5,8,3,46,9,326,6,ECE,1
9.74,1,4,8,2,14,66,399,4,ECE,1
9.94,0,4,1,3,10,52,375,8,IT,1
6.9,4,1,3,1,43,89,243,2,IT,1
8.73,3,2,2,3,19,66,455,1,IT,1
9.34,6,0,5,2,69,14,104,5,CSE,1
7.63,2,2,4,1,55,81,298,5,IT,1
9.94,2,8,8,3,76,13,141,8,IT,1
5.63,3,9,4,2,87,16,190,5,MECH,1
8.46,1,1,2,1,25,80,371,7,IT,1
9.51,3,1,4,0,45,51,82,2,MECH,1
6.71,4,5,1,2,62,2,42,8,CSE,1
8.3,5,4,4,2,43,40,251,8,ECE,1
8.72,6,4,6,3,14,74,495,4,ECE,1
5.97,3,6,7,1,23,97,445,8,CIVIL,1
9.57,6,6,0,3,97,58,194,2,IT,1
6.36,2,2,1,2,7,12,94,1,CSE,1
8.03,3,4,1,1,95,37,341,1,CSE,1
8.6,6,6,3,2,58,68,177,6,MECH,1
8.0,3,5,1,2,50,55,487,3,ECE,1
6.2,1,5,3,2,42,66,405,2,ECE,1
6.91,4,3,6,2,87,36,358,2,MECH,1
9.63,5,7,7,0,55,17,451,3,MECH,1
9.57,1,0,4,3,66,10,307,3,IT,1
5.76,0,2,3,3,71,28,63,8,ECE,1
7.44,3,1,6,2,18,25,474,4,IT,1
5.52,4,7,4,0,77,18,241,7,MECH,1
9.14,0,9,0,3,49,77,27,5,CSE,1
9.97,0,0,2,0,5,31,50,7,IT,1
9.63,0,0,6,3,35,38,354,6,CSE,1
7.98,5,7,1,3,42,85,255,4,IT,1
5.84,3,3,2,0,56,28,43,7,ECE,1
8.16,2,4,2,0,76,66,60,1,ECE,1
7.29,3,3,5,2,55,13,231,3,IT,1
9.97,2,9,7,0,27,64,185,6,MECH,1
6.74,3,5,8,0,88,21,418,1,MECH,1
8.75,6,10,1,1,83,34,195,6,MECH,1
7.6,6,1,0,3,29,1,17,5,MECH,1
8.66,5,10,5,3,67,19,29,7,CIVIL,1
7.48,6,0,6,1,86,52,208,6,MECH,1
6.48,6,3,6,1,12,14,133,4,CSE,1
8.38,3,5,8,3,42,51,9,2,CSE,1
8.13,0,3,1,0,12,33,445,4,IT,1
6.24,1,8,0,1,48,92,122,6,CIVIL,1
8.83,0,4,5,0,33,2,188,4,MECH,1
7.51,5,4,4,3,12,83,416,8,ECE,1
8.51,3,3,6,0,38,8,299,7,CSE,1
6.28,4,6,0,3,57,69,270,5,CSE,1
7.89,5,7,7,1,40,5,243,2,ECE,1
8.5,3,4,5,0,17,77,414,4,CSE,1
7.55,6,1,8,3,60,92,106,1,CIVIL,1
9.96,2,7,2,2,58,4,324,7,CIVIL,1
8.79,6,2,5,1,40,54,2,1,CSE,1
5.81,3,0,2,2,21,28,85,5,IT,1
7.82,0,5,7,1,93,93,56,8,MECH,1
7.02,5,4,5,0,100,49,480,6,CSE,1
7.39,1,1,6,1,11,7,277,7,MECH,1
8.45,2,8,8,2,59,10,63,6,CSE,1
8.85,2,1,7,1,52,52,411,4,MECH,1
7.79,1,5,6,3,96,19,261,8,CSE,1
7.8,1,6,1,1,94,34,434,1,CSE,1
8.34,4,2,8,3,58,79,408,7,MECH,1
6.52,1,3,0,2,50,3,76,4,ECE,1
6.51,5,1,0,0,24,2,359,4,CSE,1
7.86,5,1,5,1,1,27,456,3,CSE,1
6.33,4,1,4,3,44,51,393,2,ECE,1
7.43,3,2,4,2,20,62,251,7,IT,1
9.22,4,2,1,1,67,73,76,7,CIVIL,1
5.67,4,2,1,0,53,66,276,3,CIVIL,1
7.26,6,7,5,0,19,42,127,7,IT,1
6.66,2,6,2,0,27,99,364,5,CIVIL,1
9.18,3,5,7,2,92,87,490,7,CSE,1
6.93,0,0,7,1,19,40,308,2,CSE,1
9.18,4,1,2,1,67,78,106,2,CSE,1
7.35,4,5,3,1,5,82,36,4,ECE,1
7.94,5,2,1,2,17,62,350,5,CSE,1
9.92,2,5,4,3,86,85,499,8,MECH,1
8.62,5,1,5,0,8,10,447,4,MECH,1
8.48,0,5,2,3,1,85,41,1,MECH,1
9.71,2,0,2,3,16,19,349,8,ECE,1
5.72,2,2,3,3,41,25,472,6,MECH,1
7.05,0,1,0,0,80,36,67,8,ECE,0
7.72,4,9,5,1,64,44,80,5,MECH,1
9.81,3,3,6,3,79,1,239,7,IT,1
9.2,1,5,4,2,92,98,144,3,IT,1
8.85,5,6,2,1,10,87,140,2,MECH,1
6.54,2,5,4,1,1,56,181,5,CIVIL,1
7.92,5,4,7,1,37,53,197,3,IT,1
7.55,1,10,3,3,89,84,188,1,IT,1
7.83,1,3,4,2,22,17,462,1,ECE,1
9.13,2,2,8,0,23,21,376,8,ECE,1
9.67,6,0,2,1,33,49,280,1,ECE,1
6.1,5,10,5,2,100,18,23,8,CIVIL,1
8.87,4,9,4,1,76,32,216,8,MECH,1
9.28,5,2,1,1,85,48,309,1,CSE,1
7.23,2,1,3,1,16,51,454,5,CSE,1
6.24,6,8,3,0,66,73,308,8,CSE,1
5.88,4,10,5,1,76,100,227,7,CSE,1
7.56,3,6,1,1,36,21,247,2,CSE,1
8.64,4,10,2,1,28,24,110,1,IT,1
7.41,5,6,3,3,17,70,336,4,CSE,1
8.72,1,2,2,1,38,84,59,3,CSE,1
5.81,3,10,5,1,88,99,108,6,IT,1
8.54,3,0,5,1,60,54,250,5,CSE,1
9.33,3,1,0,3,52,37,254,1,IT,1
8.27,2,2,3,2,76,73,268,2,IT,1
7.87,1,0,7,3,25,77,498,6,CSE,1
9.83,5,10,2,0,78,76,42,2,CIVIL,1
9.12,6,10,0,0,81,43,124,7,CIVIL,1
5.71,0,0,3,1,95,39,47,6,CIVIL,1
9.11,4,5,6,1,100,34,362,4,CIVIL,1
5.5,3,1,8,1,48,69,292,8,ECE,1
9.17,4,6,0,1,16,39,145,6,MECH,1
8.65,6,5,6,2,64,90,420,4,MECH,1
5.71,5,6,7,3,16,20,488,8,MECH,1
6.36,1,6,1,0,28,40,189,4,CSE,1
8.32,1,5,2,3,44,64,350,6,CSE,1
6.06,1,0,1,3,51,79,43,7,CSE,1
8.11,2,2,1,3,76,4,419,1,IT,1
6.64,0,5,4,0,58,8,436,6,CSE,1
6.9,5,4,2,3,23,36,38,7,MECH,1
7.96,2,5,7,1,69,55,499,1,CSE,1
9.92,5,5,4,0,57,62,46,8,ECE,1
8.82,3,3,3,2,28,17,330,3,IT,1
9.5,5,9,1,2,12,65,41,7,ECE,1
5.67,1,1,1,2,79,11,339,4,IT,1
8.73,1,1,2,3,67,63,286,7,CSE,1
6.41,4,2,0,3,96,16,217,6,CIVIL,1
8.26,1,3,6,2,37,14,202,3,IT,1
8.42,3,2,4,2,12,14,51,7,CSE,1
9.15,3,10,2,2,70,70,301,8,MECH,1
6.52,0,4,0,3,55,52,380,7,CSE,1
8.02,0,0,1,2,38,14,348,8,MECH,1
9.27,2,0,2,2,99,7,14,8,MECH,1
7.58,5,7,3,0,24,23,332,4,ECE,1
6.05,6,7,3,0,42,19,204,4,CIVIL,1
8.1,2,5,5,2,69,76,189,3,CSE,1
5.51,4,8,5,0,14,51,24,1,MECH,1
7.35,5,6,5,3,73,80,235,8,IT,1
8.29,4,7,7,1,14,54,323,3,IT,1
6.33,2,3,2,2,44,35,116,6,CSE,1
9.68,3,2,8,0,70,87,178,2,CSE,1
9.75,2,3,8,3,46,69,212,7,IT,1
9.67,5,3,1,0,25,56,339,4,IT,1
8.41,1,1,6,1,82,93,491,7,MECH,1
9.54,5,10,6,1,29,24,204,3,ECE,1
8.45,6,8,4,3,49,68,144,5,CIVIL,1
6.1,4,2,2,0,2,78,442,3,CIVIL,1
6.96,0,1,3,1,33,50,236,2,CSE,1
6.46,4,4,6,3,100,29,261,2,CIVIL,1
8.85,3,4,6,0,65,40,467,5,ECE,1
9.36,5,0,4,1,14,86,93,4,CIVIL,1
8.46,4,0,2,1,11,41,442,5,ECE,1
7.25,6,3,1,2,100,2,400,5,ECE,1
7.62,2,1,8,2,80,8,194,7,CSE,1
6.56,0,10,1,1,52,88,392,5,CSE,1
9.65,0,9,2,1,37,22,320,4,CIVIL,1
9.1,6,7,5,1,95,74,283,1,IT,1
6.91,6,1,8,2,49,52,277,2,CSE,1
9.43,6,5,0,0,97,14,394,3,IT,1
9.59,5,3,2,3,66,71,15,1,IT,1
9.87,1,2,7,3,43,77,436,2,ECE,1
7.39,5,2,3,2,26,30,404,6,ECE,1
5.81,4,5,0,1,83,94,369,1,MECH,1
9.3,2,4,1,2,14,50,6,1,CSE,1
7.21,0,3,3,1,47,39,132,8,IT,1
6.23,2,5,7,2,98,75,254,8,MECH,1
6.29,1,1,3,3,94,90,268,2,ECE,1
7.24,5,7,5,2,87,64,121,1,CIVIL,1
7.32,1,4,1,3,21,21,78,4,CIVIL,1
9.88,5,4,6,2,71,7,281,6,IT,1
6.11,6,10,4,2,87,53,45,7,IT,1
6.13,1,1,6,3,88,72,188,5,CIVIL,1
9.52,4,5,1,0,53,60,97,6,CSE,1
8.72,5,10,8,3,47,97,32,7,MECH,1
7.85,2,3,3,3,32,4,347,1,IT,1
6.95,4,8,2,0,71,17,359,8,CIVIL,1
7.97,2,5,5,3,24,65,129,5,CSE,1
6.94,3,2,7,1,81,74,182,6,MECH,1
5.79,2,7,3,1,40,80,443,8,MECH,1
6.62,6,5,0,0,67,33,28,4,CSE,1
9.55,4,0,0,2,54,18,256,5,ECE,1
8.68,1,7,1,0,63,44,205,8,CIVIL,1
6.6,3,1,3,3,49,17,145,3,MECH,1
9.54,2,2,4,3,52,93,79,5,CIVIL,1
8.01,5,10,0,2,64,89,108,4,IT,1
6.48,5,10,0,2,36,50,182,3,CIVIL,1
6.0,6,3,6,1,5,12,460,2,ECE,1
7.67,6,2,5,0,76,90,369,1,MECH,1
6.15,1,4,5,0,75,48,11,3,CIVIL,1
9.75,3,10,5,1,4,56,466,3,MECH,1
7.52,3,0,2,3,65,42,97,7,ECE,1
6.76,1,8,5,1,27,72,494,6,MECH,1
9.78,0,8,7,3,98,97,353,3,ECE,1
9.62,6,2,7,2,21,69,471,3,IT,1
5.64,3,7,4,1,55,67,347,3,IT,1
9.51,5,5,8,3,56,7,164,2,CSE,1
7.95,3,7,7,3,46,94,177,7,ECE,1
6.09,2,7,3,0,67,72,262,6,CSE,1
9.21,4,6,5,1,91,100,267,7,ECE,1
6.88,4,5,3,1,94,16,138,3,MECH,1
9.92,6,9,3,3,63,51,49,8,IT,1
9.65,6,1,1,0,83,97,126,3,MECH,1
8.29,3,9,7,0,55,94,406,3,ECE,1
6.71,3,1,3,3,38,8,434,5,CIVIL,1
6.12,5,0,4,1,58,50,102,3,CIVIL,1
7.0,3,3,8,1,65,20,342,2,CSE,1
8.58,3,6,7,0,2,77,128,1,MECH,1
5.8,2,1,3,1,5,67,230,8,ECE,1
6.61,0,1,8,0,56,83,4,8,MECH,1
7.94,0,8,2,0,7,95,264,1,MECH,1
6.77,4,6,2,3,33,96,51,1,CIVIL,1
7.13,3,8,6,0,9,65,432,5,MECH,1
6.32,3,1,5,0,29,86,421,5,ECE,1
8.15,0,1,0,3,56,79,345,8,CIVIL,1
8.9,6,9,4,1,8,70,45,4,CSE,1
9.82,1,9,4,1,59,75,16,6,CSE,1
6.9,6,7,3,0,53,2,70,5,CSE,1
5.9,2,6,3,3,46,46,60,6,MECH,1
9.34,1,6,4,1,33,26,227,1,CIVIL,1
6.17,2,7,1,3,82,53,433,5,CIVIL,1
5.79,1,4,5,0,87,93,304,7,CIVIL,1
7.7,1,8,5,2,11,74,262,6,ECE,1
8.88,5,10,3,3,38,31,141,4,MECH,1
6.81,2,0,8,0,91,46,383,7,CIVIL,1
8.74,1,5,5,1,41,43,407,4,CIVIL,1
7.95,0,3,8,0,96,84,362,1,ECE,1
8.55,4,3,0,0,19,65,73,4,MECH,1
7.73,3,2,6,2,100,87,207,7,IT,1
9.33,6,1,2,0,69,55,407,1,ECE,1
6.86,5,1,5,2,61,71,230,7,ECE,1
7.11,6,7,0,1,64,73,157,5,CSE,1
6.67,4,2,6,0,43,29,247,6,MECH,1
9.91,6,5,1,2,26,47,316,6,IT,1
9.54,4,0,6,0,35,33,90,8,CSE,1
6.91,6,3,1,0,34,52,62,5,IT,1
6.82,5,6,7,0,9,39,282,5,IT,1
7.48,2,0,5,1,57,51,186,7,CSE,1
5.78,4,7,6,3,82,83,444,5,CIVIL,1
7.68,5,2,8,3,65,33,37,7,ECE,1
9.39,1,8,4,0,40,39,150,5,CSE,1
8.59,6,0,7,3,88,24,318,7,MECH,1
8.28,4,1,3,3,99,21,156,2,IT,1
7.91,1,8,8,0,57,54,48,2,MECH,1
8.41,4,3,3,2,61,59,389,1,IT,1
5.93,5,4,6,0,6,49,139,4,CIVIL,1
5.95,1,9,8,2,77,5,272,1,IT,1
7.26,5,1,7,1,2,49,371,8,IT,1
6.97,4,3,4,3,94,26,436,5,MECH,1
7.32,6,0,7,0,53,21,173,6,CIVIL,1
9.11,1,6,7,2,32,22,286,6,ECE,1
6.85,6,5,8,3,31,51,467,8,CSE,1
7.76,0,7,3,1,28,96,115,7,MECH,1
8.27,6,8,0,3,59,15,452,1,IT,1
8.35,2,3,7,0,35,49,493,8,CSE,1
9.63,5,0,6,3,81,1,349,2,MECH,1
8.73,6,1,5,3,48,9,211,6,CIVIL,1
7.28,6,10,5,2,0,47,371,8,MECH,1
6.29,3,0,7,1,95,18,368,8,IT,1
8.74,3,4,5,1,68,20,251,6,IT,1
6.67,3,1,6,3,50,34,394,5,IT,1
5.77,6,6,8,2,61,78,431,3,CIVIL,1
9.37,2,5,4,3,36,91,182,8,IT,1
8.75,6,4,1,3,66,72,161,7,CSE,1
9.11,2,10,0,2,86,6,168,7,CSE,1
5.88,3,0,3,2,85,61,151,8,IT,1
7.74,5,1,6,3,20,21,180,8,CIVIL,1
9.38,1,2,7,3,67,41,420,2,CSE,1
8.36,1,1,3,0,68,19,90,1,IT,1
7.88,6,5,5,1,29,72,482,5,CIVIL,1
9.04,2,7,3,0,4,1,12,5,CIVIL,1
8.21,5,1,1,1,60,90,180,2,CIVIL,1
7.15,6,4,7,1,51,60,234,8,CIVIL,1
8.66,2,10,3,1,96,17,414,7,CIVIL,1
7.58,3,8,4,0,94,16,176,8,IT,1
6.7,5,10,8,0,79,76,473,4,CSE,1
6.07,0,0,4,3,80,2,216,4,ECE,1
8.23,1,2,0,1,6,91,497,2,MECH,1
8.9,6,3,8,2,31,85,284,3,CIVIL,1
8.64,6,0,5,0,96,56,11,4,ECE,1
8.95,0,2,3,3,80,39,171,3,MECH,1
7.63,2,4,8,0,8,92,278,2,MECH,1
9.89,0,2,3,1,3,74,446,3,MECH,1
6.15,6,9,8,2,74,92,147,1,CIVIL,1
6.72,5,3,8,3,39,70,200,1,CIVIL,1
8.57,2,8,0,3,51,38,327,4,ECE,1
6.94,1,4,1,0,68,85,435,4,CIVIL,1
9.99,5,10,7,0,97,73,480,5,IT,1
9.99,1,10,1,0,96,58,226,8,CSE,1
6.25,3,2,8,0,83,17,141,2,IT,1
7.95,3,2,1,2,88,83,145,1,CSE,1
9.8,2,5,3,3,75,22,276,6,ECE,1
9.54,3,7,6,2,40,74,210,6,IT,1
6.35,3,0,8,0,9,26,304,7,CSE,1
7.53,6,10,5,0,66,14,406,1,MECH,1
7.24,1,9,2,2,28,59,424,1,ECE,1
8.91,0,7,3,0,78,81,311,6,MECH,1
9.16,5,4,6,2,78,89,147,4,CIVIL,1
7.49,0,7,2,1,96,5,291,5,ECE,1
5.51,3,9,6,3,54,94,427,5,MECH,1
9.43,4,2,6,0,2,42,317,7,CSE,1
8.62,5,7,2,2,20,8,400,2,IT,1
6.03,3,5,0,0,43,84,78,8,CSE,1
9.36,3,1,8,1,78,43,303,7,MECH,1
6.32,6,2,5,0,77,36,331,1,MECH,1
9.88,0,0,1,2,40,90,134,4,IT,1
9.22,3,6,6,0,81,97,429,3,MECH,1
7.1,6,5,5,2,68,28,425,8,IT,1
8.0,0,4,4,1,49,72,135,4,ECE,1
6.43,2,7,4,1,35,61,438,6,IT,1
5.94,6,9,5,3,74,61,468,6,MECH,1
9.46,6,0,3,2,11,70,51,8,CIVIL,1
8.28,4,7,1,0,16,27,496,7,CSE,1
8.46,4,1,7,1,96,61,12,6,ECE,1
7.22,0,7,4,3,72,83,32,2,ECE,1
6.58,0,6,3,1,97,21,260,8,IT,1
7.13,5,10,5,2,11,59,132,1,CIVIL,1
9.04,1,9,1,0,69,18,432,7,CIVIL,0
8.94,5,1,7,1,0,94,74,2,ECE,1
7.27,2,10,7,2,2,59,232,8,ECE,1
7.29,0,0,4,2,85,77,275,6,CSE,1
5.89,5,6,7,3,29,81,112,7,MECH,1
9.87,0,7,7,1,67,44,444,1,MECH,1
6.06,6,9,2,2,90,88,171,3,MECH,1
7.7,4,1,7,0,51,20,357,4,CIVIL,1
5.88,4,5,2,3,94,68,168,3,MECH,1
9.71,3,5,8,0,65,27,249,5,MECH,1
7.33,6,0,0,1,59,40,358,2,IT,1
6.14,2,8,6,2,65,79,390,4,IT,1
5.6,3,7,5,2,40,97,277,7,IT,1
6.32,2,6,6,3,96,89,486,2,CIVIL,1
7.8,5,0,7,2,33,8,43,5,MECH,1
7.91,5,3,2,1,56,60,203,1,MECH,1
9.47,6,6,3,3,74,68,264,5,IT,1
9.96,2,10,2,3,44,16,471,8,CIVIL,1
5.59,1,0,6,0,100,32,391,7,ECE,1
6.92,1,3,0,3,50,78,319,7,CSE,1
7.47,4,6,6,3,22,51,328,1,CIVIL,1
9.51,1,7,3,0,18,84,328,7,CSE,1
5.84,6,4,6,0,83,79,404,3,MECH,1
6.68,0,5,0,2,86,23,19,3,CSE,1
7.4,5,6,0,2,37,6,253,5,CIVIL,1
6.03,5,3,0,0,42,21,225,8,CIVIL,1
9.71,2,2,5,1,78,4,331,1,ECE,1
8.59,4,10,3,2,69,84,81,4,IT,1
5.76,5,9,4,3,72,91,280,7,MECH,1
9.17,2,5,0,3,40,40,300,5,ECE,1
6.46,4,3,1,3,57,46,113,8,ECE,1
9.57,2,8,5,0,51,88,65,3,IT,1
8.49,5,6,1,3,50,84,463,4,MECH,1
8.61,2,7,8,1,34,1,439,7,CIVIL,1
8.46,1,4,0,1,87,24,453,7,CIVIL,1
6.8,3,0,0,0,71,99,23,4,MECH,1
8.95,3,1,2,2,59,63,64,2,ECE,1
6.83,2,1,4,3,74,71,225,1,ECE,1
6.35,1,9,7,2,40,69,55,7,IT,1
9.28,0,10,0,1,68,94,444,1,CIVIL,1
9.56,1,5,8,1,44,98,221,2,ECE,1
7.22,5,5,5,0,51,55,352,7,IT,1
8.77,2,5,6,2,25,35,400,3,IT,1
9.53,1,4,3,1,70,56,494,6,ECE,1
7.49,0,4,0,1,88,92,466,5,ECE,1
7.14,6,8,0,1,93,88,465,1,MECH,1
9.92,1,10,8,3,80,49,1,8,CIVIL,1
7.64,6,3,5,0,93,12,444,2,MECH,1
6.58,0,8,8,2,36,6,488,7,CIVIL,1
5.85,0,1,8,2,0,97,259,1,CIVIL,1
9.37,5,7,8,3,82,50,315,3,CSE,1
8.43,6,8,4,0,78,73,142,2,ECE,1
9.14,6,10,4,2,38,2,247,8,CIVIL,1
8.87,6,9,3,0,67,85,466,5,ECE,1
8.11,3,3,3,0,4,51,192,3,CSE,1
8.1,4,7,4,0,9,27,494,5,IT,1
8.03,5,8,1,2,36,19,146,4,ECE,1
7.26,2,3,2,2,10,95,232,5,CIVIL,1
5.61,1,1,8,2,59,51,371,3,CIVIL,1
8.33,4,4,2,3,57,65,497,2,CSE,1
9.07,2,5,0,0,29,5,402,1,CIVIL,1
7.45,2,4,0,1,85,89,372,3,MECH,1
8.48,4,10,4,1,43,25,395,4,IT,1
9.23,3,1,8,0,44,73,395,8,MECH,0
6.07,6,8,4,2,79,37,485,7,ECE,1
8.28,2,3,5,1,11,24,328,6,IT,1
6.26,0,9,2,2,0,8,194,3,CSE,1
8.12,5,0,6,2,1,12,330,1,CIVIL,1
9.87,1,6,0,2,2,13,454,4,IT,1
7.71,4,6,0,0,68,24,460,7,IT,1
9.84,3,8,3,2,53,67,277,2,CIVIL,1
8.74,6,9,5,1,62,28,7,5,MECH,1
6.87,1,9,6,2,57,70,256,8,ECE,1
8.7,4,6,2,2,60,36,380,4,CIVIL,1
5.68,3,8,1,0,87,92,225,7,ECE,1
5.72,5,1,1,2,87,82,270,5,ECE,1
9.31,5,10,4,0,25,75,25,2,CIVIL,1
5.85,4,9,1,1,0,75,96,1,ECE,1
9.5,6,4,7,0,51,82,410,7,ECE,1
6.52,0,3,1,2,36,28,145,8,ECE,1
6.34,5,1,1,3,3,45,56,5,CSE,1
8.33,4,6,2,3,1,59,246,1,CIVIL,1
7.74,2,1,8,2,89,57,256,3,IT,1
7.95,1,9,3,1,36,0,484,4,MECH,1
6.1,5,3,7,1,67,88,478,8,IT,1
8.69,5,3,5,1,91,22,360,7,CSE,1
9.63,1,9,7,1,8,18,394,5,CIVIL,1
6.21,1,9,8,0,39,62,450,4,MECH,1
9.11,2,2,7,1,31,27,228,8,CSE,1
5.53,6,2,1,0,56,54,86,4,IT,1
5.71,2,1,5,1,39,95,155,3,MECH,1
6.39,5,7,4,2,91,82,4,1,MECH,1
8.69,6,4,7,1,46,43,432,5,CIVIL,1
9.44,0,5,4,1,28,44,369,3,CIVIL,1
6.14,2,0,8,0,50,11,436,4,CIVIL,1
6.8,2,2,5,1,96,18,257,7,CSE,1
5.92,3,1,4,2,49,25,53,4,IT,1
6.79,3,8,1,2,83,83,330,2,MECH,1
9.55,1,6,0,1,48,80,95,2,CSE,1
6.22,5,1,2,1,50,75,477,3,CSE,1
7.8,5,3,4,3,45,6,88,7,MECH,1
5.68,4,2,1,1,97,44,427,3,CSE,1
8.53,4,7,3,2,4,75,103,6,IT,1
5.69,5,2,6,3,55,46,126,6,CIVIL,1
6.05,5,10,7,2,37,80,86,5,ECE,1
7.65,4,1,3,3,95,71,319,8,CIVIL,1
7.37,3,8,0,1,86,86,166,4,MECH,1
9.07,3,0,8,3,50,89,89,7,IT,1
8.24,6,3,2,0,83,34,23,8,CIVIL,1
8.28,2,5,0,1,66,19,66,3,CSE,1
7.1,4,10,0,1,15,69,197,2,MECH,1
8.41,4,1,2,3,78,41,195,1,ECE,1
9.44,6,6,2,2,50,94,103,8,ECE,1
8.25,0,0,6,1,25,70,117,4,IT,1
6.37,3,9,2,3,14,14,248,7,ECE,1
7.63,3,4,1,3,64,90,82,1,ECE,1
9.51,6,10,1,3,27,98,143,4,CSE,1
6.54,2,7,5,2,53,84,91,2,CIVIL,1
9.98,1,5,5,2,61,36,249,1,ECE,1
6.76,2,0,3,2,17,80,71,8,ECE,0
6.52,1,5,6,3,63,10,79,3,MECH,1
5.63,4,10,8,0,42,100,125,8,IT,1
6.91,6,3,1,0,13,9,180,2,MECH,1
7.87,1,7,7,1,33,1,446,8,IT,1
7.22,2,9,6,2,13,75,419,6,CIVIL,1
7.11,4,4,7,3,79,35,373,6,CIVIL,1
9.19,3,7,2,0,25,8,8,4,CIVIL,1
9.43,5,2,5,0,85,67,17,7,IT,1
8.89,0,3,1,2,100,87,435,7,CIVIL,1
7.16,5,8,3,1,38,97,498,4,CSE,1
5.64,2,2,6,1,95,50,237,7,CSE,1
7.2,4,10,4,2,34,19,227,1,CSE,1
6.97,2,1,6,0,17,58,267,8,CIVIL,1
6.18,5,3,6,0,89,99,24,4,ECE,1
8.34,2,0,3,0,61,89,426,1,ECE,1
6.8,4,1,1,0,32,18,151,3,ECE,1
6.38,5,0,5,1,9,64,424,6,IT,1
5.93,5,2,2,1,81,60,154,3,ECE,1
7.65,3,2,4,3,14,7,121,5,IT,1
9.51,2,4,4,2,1,61,443,4,MECH,1
8.21,5,4,4,1,37,8,330,5,CSE,1
9.23,2,10,5,0,48,63,120,5,CSE,1
5.5,2,7,1,3,21,23,355,3,CIVIL,1
9.07,2,8,1,0,51,19,123,7,IT,1
7.93,4,5,8,0,40,63,205,5,CSE,1
9.78,3,2,2,0,74,84,33,7,CIVIL,1
5.93,2,2,2,3,48,52,112,1,CSE,1
6.17,6,4,4,0,5,22,379,8,CIVIL,1
8.53,0,1,7,1,32,92,214,7,IT,1
6.39,1,7,5,2,64,40,19,4,CIVIL,1
6.3,1,1,8,0,97,93,199,8,CIVIL,1
6.13,5,9,5,3,79,7,204,8,CIVIL,1
8.94,3,6,0,3,26,62,448,8,IT,1
7.21,5,10,0,1,64,42,486,4,IT,1
7.72,3,1,4,0,76,2,379,4,CIVIL,1
8.64,3,10,4,3,23,45,492,1,ECE,1
6.41,3,7,3,3,50,99,79,8,CSE,1
7.36,0,4,6,1,64,73,105,3,CIVIL,1
7.6,4,8,8,1,26,23,231,2,CIVIL,1
7.68,5,3,2,1,40,72,275,7,IT,1
9.95,4,1,7,2,11,82,124,8,ECE,1
6.73,3,9,8,0,10,93,107,1,IT,1
7.45,4,10,3,1,96,90,450,6,ECE,1
9.22,4,2,7,1,11,4,482,8,MECH,1
9.78,5,10,6,2,22,85,488,5,ECE,1
6.23,1,5,3,0,37,48,255,3,MECH,1
8.8,3,0,6,1,21,29,346,5,IT,1
8.09,3,6,5,2,86,76,36,5,CSE,1
7.08,0,4,1,3,46,37,153,4,IT,1
7.58,3,0,6,1,91,10,19,5,ECE,1
5.54,3,2,3,0,86,0,248,8,CIVIL,1
7.58,6,7,5,1,56,81,322,2,CSE,1
5.88,3,5,5,2,79,14,352,8,MECH,1
9.19,3,2,2,3,53,47,363,8,IT,1
9.11,2,2,6,0,40,8,381,5,CIVIL,1
9.56,2,3,5,3,10,34,70,6,CIVIL,1
7.08,3,5,5,2,24,31,122,5,CIVIL,1
5.77,3,6,6,0,35,85,423,7,IT,1
8.03,6,7,0,0,59,23,276,6,CSE,1
9.79,3,8,3,1,24,50,331,7,IT,1
6.88,0,10,7,0,69,12,402,7,CIVIL,1
9.31,3,8,5,2,100,71,422,3,MECH,1
7.34,1,9,6,0,18,86,408,4,IT,1
9.43,4,0,5,2,94,78,289,1,ECE,1
6.09,4,3,7,3,77,34,104,2,IT,1
9.43,5,2,5,1,53,72,181,2,MECH,1
9.45,3,8,5,1,21,53,124,7,CSE,1
8.74,6,6,4,1,41,6,236,3,ECE,1
8.11,0,1,1,3,22,43,40,6,IT,1
6.82,3,8,8,1,79,51,173,7,IT,1
7.66,2,8,1,0,59,62,178,8,MECH,1
6.23,1,5,1,2,44,68,131,3,IT,1
9.62,6,0,5,1,81,29,380,3,IT,1
8.21,2,1,2,3,80,19,338,6,ECE,1
6.88,3,7,5,1,98,63,34,7,IT,1
7.14,2,2,0,1,22,1,274,6,MECH,1
9.63,4,6,3,0,82,57,391,5,MECH,1
8.83,4,1,8,2,95,19,146,2,CIVIL,1
7.96,4,3,6,1,86,94,98,8,ECE,1
5.92,5,2,7,3,51,78,211,6,CIVIL,1
6.64,0,2,4,2,80,55,211,8,ECE,1
9.39,2,4,8,0,67,98,417,4,CSE,1
7.07,3,7,0,1,57,6,386,3,MECH,1
8.33,0,9,5,1,55,19,240,7,CSE,1
9.78,3,10,7,2,74,35,402,1,CSE,1
7.35,1,1,5,2,17,63,335,4,ECE,1
5.74,3,4,6,0,33,51,161,5,CIVIL,1
7.94,3,9,3,3,69,85,37,8,ECE,1
6.65,1,10,1,0,69,29,481,7,MECH,1
7.39,6,3,8,0,65,76,53,5,IT,1
8.37,2,5,5,1,14,57,355,5,IT,1
5.93,3,1,2,3,81,50,443,2,CIVIL,1
7.87,5,8,1,1,1,62,475,5,ECE,1
8.56,3,6,2,1,74,3,97,8,IT,1
6.8,2,5,3,0,32,23,462,6,CSE,1
9.32,4,9,7,2,11,31,145,7,IT,1
5.75,0,8,7,0,54,44,151,8,IT,1
7.47,3,6,3,0,37,82,346,4,CSE,1
8.66,0,8,1,3,39,69,32,6,MECH,1
7.44,4,10,4,0,94,40,414,4,ECE,1
9.52,2,1,7,3,67,7,214,1,CSE,1
8.21,6,7,1,3,82,1,193,1,MECH,1
6.99,4,9,4,0,57,65,334,3,ECE,1
7.8,3,3,7,3,45,48,447,7,MECH,1
6.62,6,2,0,3,79,26,363,6,IT,1
5.87,4,7,2,1,93,82,160,7,CIVIL,1
7.85,1,5,3,1,5,55,444,6,CIVIL,1
9.9,3,8,7,2,10,24,163,8,CSE,1
7.05,6,4,1,1,93,65,230,3,CIVIL,1
7.65,4,2,4,0,42,16,192,4,MECH,1
9.11,4,8,7,2,80,20,19,8,MECH,1
7.97,0,10,8,3,80,96,221,2,CIVIL,1
6.5,5,2,5,1,33,86,111,7,CIVIL,1
8.41,6,8,5,2,20,14,419,2,MECH,1
9.96,1,4,7,3,3,92,311,3,CIVIL,1
9.56,4,3,4,1,12,15,208,2,CIVIL,1
9.54,4,3,3,2,30,93,235,8,MECH,1
9.34,5,5,2,2,11,6,81,6,CIVIL,1
9.57,3,4,3,3,71,52,33,5,IT,1
5.57,2,6,6,1,58,4,42,3,ECE,1
6.95,6,5,1,1,75,18,454,2,CSE,1
8.22,5,3,3,1,53,65,471,5,CSE,1
6.96,0,1,0,2,35,19,229,4,CSE,1
5.81,4,3,2,0,87,17,448,4,ECE,1
9.73,0,7,6,3,6,78,42,7,CIVIL,1
7.74,1,1,5,0,77,98,234,6,CSE,1
8.97,4,7,4,1,53,92,336,2,CIVIL,1
6.89,1,4,1,0,49,32,285,1,IT,1
7.38,0,0,4,1,4,17,492,4,IT,1
8.35,1,0,0,2,46,40,362,1,MECH,1
9.99,3,0,2,3,14,41,139,4,CSE,1
7.32,0,10,1,0,13,55,124,3,CIVIL,1
9.68,5,0,7,0,95,71,189,4,ECE,1
8.55,4,5,0,1,69,88,288,4,CSE,1
6.46,3,2,6,0,58,31,193,4,MECH,1
8.83,4,4,0,0,44,29,144,8,CSE,1
8.09,6,10,1,0,48,46,490,8,CIVIL,1
8.95,2,0,2,0,46,49,66,1,CSE,1
8.61,6,3,3,2,56,71,441,7,ECE,1
9.95,0,9,1,2,45,61,269,8,CSE,1
9.54,4,4,0,0,45,96,291,2,CIVIL,1
9.77,4,8,7,1,68,53,375,5,CSE,1
6.77,5,5,8,1,35,3,496,1,CIVIL,1
9.52,0,5,6,3,27,64,488,6,ECE,1
7.89,5,4,2,2,31,70,169,7,ECE,1
9.97,4,2,4,1,31,3,275,6,ECE,1
7.17,4,5,8,0,39,0,253,2,CSE,1
9.03,4,2,2,1,43,75,416,1,MECH,1
7.4,1,3,8,0,63,11,82,2,IT,1
9.55,2,0,6,0,54,35,227,1,MECH,1
7.06,2,3,7,1,73,23,441,4,ECE,1
6.25,5,8,7,0,51,88,161,5,CSE,1
9.45,2,8,8,0,45,44,48,7,IT,1
5.85,0,1,2,2,19,95,175,3,CSE,1
7.19,6,9,7,3,47,42,116,2,ECE,1
8.77,2,0,1,0,7,18,329,6,CSE,0
8.92,6,8,7,3,85,24,380,5,ECE,1
7.09,6,2,1,0,41,34,238,1,CIVIL,0
6.98,4,5,0,2,16,45,303,4,CIVIL,1
9.31,5,5,3,2,20,32,291,3,MECH,1
5.57,3,3,2,0,24,39,155,2,CIVIL,1
7.96,2,1,4,1,42,4,204,3,CSE,1
9.83,5,5,3,2,99,16,156,6,CIVIL,1
5.63,5,2,1,1,23,81,68,4,ECE,1
6.05,5,3,1,3,99,30,103,8,IT,1
5.71,4,9,3,3,50,80,119,1,CIVIL,1
6.36,2,4,0,0,19,77,194,6,ECE,1
9.84,6,9,5,0,47,98,362,7,IT,1
8.75,4,2,7,2,16,82,462,6,IT,1
7.66,4,8,8,3,10,48,309,3,CSE,1
8.5,2,0,8,0,100,66,91,6,IT,1
5.65,4,10,4,1,10,23,395,7,CIVIL,1
8.29,3,4,4,1,12,67,129,2,ECE,1
7.39,6,8,0,3,50,3,333,2,MECH,1
8.5,6,1,2,3,33,21,194,8,CSE,1
8.93,5,4,2,3,21,45,58,4,CSE,1
6.71,4,0,8,0,60,52,375,3,IT,1
7.47,0,1,2,1,0,71,11,1,ECE,1
9.76,5,3,2,1,34,5,294,7,IT,1
8.26,0,8,8,1,5,100,69,6,ECE,1
7.3,3,4,5,1,11,16,207,6,CSE,1
7.46,6,1,2,1,20,45,69,2,MECH,1
7.75,1,7,1,0,73,52,489,1,MECH,1
8.38,3,10,7,3,71,57,449,6,IT,1
9.14,0,5,6,3,61,4,373,2,MECH,1
6.21,3,5,6,3,16,38,274,4,ECE,1
6.26,3,3,1,3,3,57,410,8,MECH,1
8.4,0,10,7,2,20,24,207,8,CIVIL,1
7.33,2,8,1,3,69,19,452,4,ECE,1
6.95,1,10,7,2,14,65,48,8,ECE,1
6.35,3,5,2,3,61,47,473,6,IT,1
6.28,1,7,0,2,84,32,485,7,ECE,1
8.57,2,2,5,2,12,5,11,7,CIVIL,1
7.24,3,0,7,2,16,74,115,7,CSE,1
6.55,4,5,3,0,62,99,241,8,CSE,1
7.88,0,9,2,2,50,39,401,5,IT,1
9.31,3,1,2,2,6,93,112,3,ECE,1
8.86,6,10,4,0,10,50,265,3,CIVIL,1
7.32,1,3,2,2,93,81,420,4,ECE,1
9.97,0,4,5,0,91,73,181,6,ECE,1
9.91,6,4,0,2,100,58,71,8,CIVIL,1
6.75,5,10,3,1,100,26,499,8,CSE,1
6.61,1,10,7,1,96,48,443,1,MECH,1
8.39,3,9,5,0,20,72,472,2,IT,1
5.97,1,4,0,3,3,91,207,4,CSE,1
8.02,6,5,5,1,29,74,369,3,CIVIL,1
8.49,5,8,4,1,40,99,276,8,ECE,1
8.86,6,3,6,1,86,65,60,4,CSE,1
6.21,4,5,1,3,29,5,286,6,ECE,1
9.79,6,7,1,0,79,2,279,8,IT,1
9.31,1,1,6,1,61,64,498,1,CIVIL,1
6.5,0,1,5,2,2,79,216,5,IT,1
7.18,6,7,3,3,40,0,269,2,MECH,1
5.7,3,7,4,0,63,45,279,6,ECE,1
7.27,1,1,3,0,64,0,8,5,CSE,1
9.78,0,1,7,3,98,59,20,7,IT,1
6.71,1,10,1,3,3,87,261,7,ECE,1
6.78,1,2,5,0,23,70,317,2,CIVIL,1
8.67,4,0,2,0,21,42,491,1,CIVIL,1
9.03,3,5,8,1,79,60,420,6,CSE,1
6.65,1,6,7,1,79,80,449,1,MECH,1
7.32,2,8,1,2,75,83,337,3,ECE,1
6.54,3,10,1,0,88,85,500,7,CSE,1
6.83,3,3,4,1,36,61,492,2,CSE,1
9.53,4,4,2,2,7,55,374,5,IT,1
8.25,4,7,0,3,90,53,403,1,CIVIL,1
7.37,0,6,4,3,67,48,458,4,MECH,1
9.2,6,4,5,0,28,84,420,1,CSE,1
6.79,2,7,4,3,93,38,63,7,CSE,1
6.16,0,6,3,3,86,16,265,6,MECH,1
5.93,5,10,2,2,26,13,9,4,CIVIL,1
9.52,3,7,1,2,68,15,223,8,CSE,1
7.74,1,3,3,1,31,92,331,8,IT,1
7.36,4,5,6,3,2,28,171,4,MECH,1
7.03,5,7,5,1,15,86,376,3,ECE,1
8.19,1,1,2,3,11,53,475,4,CSE,1
8.59,0,0,4,1,3,21,387,8,IT,1
5.95,4,7,4,1,80,1,45,3,CIVIL,1
9.29,6,8,6,2,6,5,422,1,MECH,1
9.91,6,0,0,2,98,100,190,2,MECH,1
8.49,0,10,0,0,90,9,328,3,ECE,1
5.8,1,4,4,3,33,81,457,5,CSE,1
9.97,6,8,8,0,69,23,362,4,ECE,1
7.68,5,2,5,1,63,61,381,2,MECH,1
7.0,5,9,6,3,45,17,10,4,IT,1
9.59,0,9,8,1,5,75,370,5,IT,1
7.55,5,1,6,3,32,79,402,8,IT,1
9.71,1,10,0,0,56,33,248,5,IT,1
7.99,1,7,2,1,18,67,432,5,CSE,1
6.45,1,6,1,2,40,64,240,4,IT,1
9.08,2,8,3,3,77,62,359,8,CIVIL,1
6.73,5,3,2,1,46,92,367,2,ECE,1
6.19,4,8,6,0,89,27,54,8,ECE,1
8.67,2,10,4,1,13,40,420,1,CIVIL,1
7.29,0,8,3,0,94,19,167,3,CSE,1
9.11,4,10,3,1,21,98,434,1,CSE,1
6.21,0,5,4,0,66,32,451,6,CIVIL,1
8.09,6,7,2,3,26,88,467,3,ECE,1
8.76,4,8,7,3,41,34,408,6,ECE,1
7.51,5,10,7,3,11,4,471,7,CIVIL,1
6.4,6,3,4,0,95,46,74,1,ECE,1
9.1,4,0,0,2,2,93,203,1,IT,1
5.76,3,5,4,1,54,0,406,3,CIVIL,1
9.61,0,7,8,0,48,10,81,5,CSE,1
5.56,6,5,6,0,85,29,425,7,IT,1
5.71,3,6,8,1,41,67,385,7,MECH,1
9.35,2,8,0,1,8,15,268,3,CSE,1
9.61,2,2,0,1,13,90,286,6,CSE,1
8.69,0,1,3,3,50,2,207,1,CSE,1
5.99,3,3,6,2,67,53,63,3,IT,1
7.77,2,1,1,2,69,15,111,7,ECE,1
5.69,4,5,3,3,18,78,430,5,IT,1
7.6,6,2,3,0,94,84,402,7,CIVIL,1
5.55,0,7,4,0,23,99,473,5,CSE,1
6.14,2,5,7,1,65,21,86,8,CIVIL,1
7.97,6,10,2,1,49,7,181,7,IT,1
6.4,6,2,0,1,5,67,246,7,MECH,1
6.62,3,8,3,0,26,32,455,2,CSE,1
6.4,4,3,4,2,60,69,48,6,MECH,1
7.2,2,4,0,0,26,19,473,1,CSE,1
6.19,0,1,2,0,56,3,172,3,CSE,1
6.2,1,7,7,1,51,19,134,3,MECH,1
9.52,4,9,1,0,13,91,64,8,CIVIL,1
7.09,1,6,0,3,31,8,191,4,MECH,1
8.99,0,7,0,3,34,93,430,5,IT,1
6.44,4,1,5,0,21,39,494,2,ECE,1
9.61,2,1,8,2,61,16,3,7,CSE,1
7.81,6,0,3,2,22,83,269,1,MECH,1
8.65,2,10,5,1,77,78,278,6,MECH,1
7.37,0,7,4,0,84,43,293,7,MECH,1
6.08,6,7,3,3,52,2,95,7,ECE,1
9.23,6,0,1,2,78,62,6,1,IT,1
6.79,0,5,4,1,37,22,280,5,CSE,1
8.98,2,6,3,0,3,68,231,4,ECE,1
9.33,1,0,8,0,9,21,115,6,ECE,1
8.08,4,0,5,1,57,34,89,8,ECE,1
8.14,5,1,2,2,10,96,77,2,ECE,1
9.82,5,9,4,2,22,21,58,7,IT,1
6.01,2,9,5,3,70,1,90,4,CIVIL,1
9.46,2,1,7,3,77,56,320,6,CIVIL,1
9.75,1,1,1,1,0,48,311,1,CIVIL,1
7.53,6,9,5,3,22,44,222,8,CSE,1
8.36,0,8,4,3,89,65,369,2,CSE,1
9.83,4,5,3,0,48,46,140,7,CIVIL,1
6.78,2,0,0,1,29,11,183,4,ECE,1
9.65,6,7,6,1,81,6,411,4,CSE,1
5.83,5,2,4,0,50,79,89,7,MECH,1
8.96,2,4,6,1,82,14,91,2,IT,1
8.91,1,7,6,3,62,87,85,2,MECH,1
8.96,3,9,3,0,65,100,75,7,CSE,1
8.88,6,6,5,3,22,13,315,5,CSE,1
7.23,6,0,6,2,75,19,486,3,CSE,1
6.96,5,6,7,1,61,74,67,5,ECE,1
8.43,2,0,5,0,39,68,392,3,ECE,1
9.93,4,3,4,3,12,76,387,5,CIVIL,1
7.17,4,3,0,3,74,56,310,4,CSE,1
7.66,0,2,6,1,14,36,100,8,CIVIL,1
9.45,1,2,0,1,57,51,131,8,ECE,1
5.86,5,3,6,2,39,34,138,2,CSE,1
9.8,4,2,4,3,51,29,164,2,ECE,1
9.47,6,9,6,2,73,48,457,5,IT,1
5.76,6,9,5,1,59,39,44,1,CSE,1
9.81,2,5,5,3,88,15,131,7,CSE,1
6.33,6,8,8,3,90,67,455,5,CIVIL,1
6.98,3,10,8,0,54,33,118,1,CIVIL,1
7.81,0,9,4,1,21,98,329,5,CSE,1
9.5,4,5,4,1,100,37,410,7,CIVIL,1
9.62,0,7,1,3,44,0,455,5,ECE,1
6.7,2,10,6,0,39,63,360,8,CIVIL,1
6.59,0,10,4,2,44,9,320,6,IT,1
8.5,0,7,4,0,5,64,404,3,IT,1
7.97,1,10,4,2,28,21,469,5,IT,1
5.9,1,0,5,2,92,21,130,5,ECE,1
8.96,6,10,2,0,79,97,440,4,CIVIL,1
7.71,2,6,1,1,64,19,235,3,MECH,1
9.09,5,8,2,2,13,0,155,5,MECH,1
5.96,2,3,3,1,63,14,363,3,CIVIL,1
7.04,6,10,0,3,32,80,117,6,CIVIL,1
6.88,1,9,6,1,75,51,122,3,IT,1
7.86,3,1,5,2,21,74,418,1,IT,1
5.83,0,3,6,3,70,58,235,6,ECE,1
6.39,5,4,6,2,49,59,30,1,CIVIL,1
5.66,0,0,7,2,91,88,266,3,IT,1
7.76,4,6,5,3,70,90,70,1,ECE,1
7.5,2,1,1,2,98,51,223,7,MECH,1
9.85,1,3,4,0,76,43,363,6,ECE,1
9.17,0,3,7,1,40,27,15,5,CIVIL,1
9.32,3,5,5,3,50,15,3,4,IT,1
8.3,6,9,6,0,47,34,214,1,CIVIL,1
7.25,2,9,4,0,68,35,442,7,IT,1
8.84,2,0,6,2,36,96,416,1,CSE,1
6.43,2,1,6,3,11,89,353,1,MECH,1
9.76,5,8,0,2,62,98,135,6,MECH,1
6.04,0,6,0,1,14,88,5,3,ECE,1
9.92,3,7,1,2,25,86,364,6,MECH,1
8.2,4,0,8,0,55,99,60,2,CSE,1
9.85,2,6,7,3,7,62,106,6,IT,1
8.0,2,5,6,0,17,43,464,5,MECH,1
9.84,6,2,8,1,23,49,267,6,MECH,1
6.94,1,2,6,1,41,56,327,8,IT,1
7.6,3,7,3,1,94,91,274,6,MECH,1
5.58,5,2,1,1,97,7,488,6,ECE,1
8.34,5,6,0,1,65,17,305,5,IT,1
7.53,4,6,5,2,89,15,74,1,IT,1
7.45,5,8,4,2,9,21,364,1,IT,1
8.94,6,2,0,1,12,85,123,8,MECH,1
9.83,4,4,6,1,87,66,84,2,MECH,1
8.16,0,1,1,3,76,16,456,5,ECE,1
9.31,1,1,0,3,41,88,102,2,ECE,1
5.97,1,10,4,3,59,71,128,3,CSE,1
8.2,2,0,8,1,5,56,130,4,CIVIL,1
5.67,3,6,3,1,64,26,221,7,IT,1
7.97,1,3,1,2,84,83,428,6,ECE,1
6.41,6,9,2,0,1,43,405,1,ECE,1
9.65,1,5,1,3,46,66,232,2,ECE,1
7.86,5,8,0,0,58,23,4,1,IT,1
8.93,2,2,5,0,20,43,192,6,MECH,1
6.75,4,1,6,2,9,8,484,4,IT,1
9.48,4,3,0,2,66,62,172,2,IT,1
7.15,6,2,5,2,39,40,78,3,CSE,1
7.9,1,2,4,1,63,18,131,6,IT,1
8.96,4,0,3,0,96,93,428,3,MECH,1
9.16,4,2,7,0,29,1,3,6,MECH,1
6.73,4,4,7,0,92,84,27,2,IT,1
6.33,6,8,5,2,60,73,102,4,CIVIL,1
9.77,3,10,5,1,40,42,136,6,CSE,1
6.14,1,8,6,3,83,52,166,7,ECE,1
6.75,3,0,2,3,82,24,420,5,IT,1
9.26,1,9,8,2,10,87,98,6,CIVIL,1
8.13,5,1,8,1,43,47,455,3,CIVIL,1
7.09,2,0,7,3,75,38,483,5,MECH,1
8.45,0,2,4,1,67,58,449,4,CSE,1
6.73,5,0,6,0,25,0,461,7,CIVIL,1
8.97,0,3,8,0,27,48,363,2,IT,1
7.13,0,7,0,0,44,51,405,6,IT,1
9.43,4,6,5,1,79,11,363,7,CSE,1
8.72,2,1,2,2,22,9,198,5,MECH,1
9.39,4,6,7,3,72,93,281,4,ECE,1
5.87,0,1,5,2,85,46,255,6,CSE,1
9.33,1,8,8,2,73,32,148,2,MECH,1
6.88,2,10,3,0,54,33,375,3,CIVIL,1
5.94,6,10,2,1,58,69,5,1,CSE,1
9.01,2,1,0,0,70,14,411,6,CIVIL,1
7.32,5,2,2,0,94,74,307,3,CIVIL,1
10.0,6,2,1,3,27,73,64,8,CSE,1
7.17,1,9,1,2,27,89,296,8,CSE,1
7.08,0,5,8,3,66,29,28,3,CSE,1
7.93,0,3,8,0,65,14,386,8,MECH,1
9.26,1,5,2,1,79,11,252,2,ECE,1
5.82,6,8,6,1,80,49,419,3,IT,1
8.33,1,9,7,1,27,13,6,4,CSE,1
6.18,0,6,1,1,93,60,139,8,ECE,1
9.91,4,3,2,3,67,41,312,1,ECE,1
6.66,5,2,0,1,85,70,79,6,ECE,1
8.24,2,0,5,1,14,77,306,8,CIVIL,1
7.11,6,9,3,2,9,9,492,5,ECE,1
5.89,1,7,1,2,8,4,200,6,IT,1
8.4,1,1,3,2,82,34,104,2,ECE,1
7.9,6,10,3,3,23,36,154,3,CIVIL,1
8.63,4,7,8,3,58,88,440,8,ECE,1
9.69,2,10,4,3,66,73,114,3,MECH,1
6.95,1,1,7,1,31,88,105,3,IT,1
7.96,4,2,1,2,2,44,219,4,CIVIL,1
7.22,4,0,3,3,92,84,316,3,CIVIL,1
7.17,0,4,7,1,17,7,386,6,ECE,1
6.7,5,7,5,2,61,13,55,2,ECE,1
6.96,4,10,0,3,32,30,275,1,CSE,1
8.58,5,9,3,0,40,8,392,4,CSE,1
6.09,0,2,7,3,9,30,81,1,ECE,1
5.63,1,8,5,2,87,0,202,6,IT,1
6.98,6,8,7,3,55,32,447,3,CIVIL,1
7.06,2,5,7,0,19,100,112,2,CSE,1
5.9,6,8,2,0,96,52,357,5,IT,1
8.07,4,10,7,1,43,41,297,7,IT,1
8.18,2,6,3,0,97,61,236,1,CSE,1
9.37,6,9,5,1,68,47,251,1,IT,1
6.36,4,2,1,1,60,70,326,2,MECH,1
6.54,3,1,8,1,26,79,267,5,ECE,1
8.97,4,8,6,0,32,1,246,4,CIVIL,1
9.75,6,3,0,2,27,7,230,4,CSE,1
7.78,6,10,8,3,25,50,3,2,CIVIL,1
7.41,1,3,3,0,45,34,415,2,CIVIL,1
8.68,2,8,6,1,80,48,499,2,MECH,1
9.25,2,5,1,3,27,54,258,2,CSE,1
9.45,3,7,6,1,46,4,219,6,CSE,1
6.15,5,0,2,3,3,99,388,4,CIVIL,1
9.78,2,3,2,2,56,45,154,1,CSE,1
8.84,5,7,0,3,97,4,420,3,CIVIL,1
9.39,2,1,1,2,4,49,113,6,IT,1
6.21,6,0,1,3,4,99,386,6,IT,1
6.96,3,3,8,2,70,41,190,3,IT,1
6.51,1,5,5,0,30,0,271,7,CSE,1
8.83,1,2,7,2,97,30,434,6,CIVIL,1
7.63,5,1,0,2,59,63,368,8,ECE,1
7.79,2,7,7,3,8,48,386,7,ECE,1
7.65,3,2,4,2,74,93,415,5,CSE,1
7.78,5,3,8,2,78,73,122,3,CSE,1
7.13,1,10,4,2,82,72,289,7,ECE,1
9.49,1,9,0,2,28,49,206,1,IT,1
9.62,3,7,1,2,2,71,478,7,ECE,1
8.81,1,5,2,2,9,95,293,8,CIVIL,1
7.85,1,4,7,3,78,22,431,3,IT,1
9.29,6,0,6,2,82,76,396,5,CSE,1
9.61,4,2,7,3,60,46,454,4,IT,1
8.39,5,1,2,3,30,44,438,1,ECE,1
8.74,6,4,6,1,44,62,243,2,CIVIL,1
6.71,4,4,3,2,32,69,369,2,CIVIL,1
5.56,2,7,3,1,36,82,407,7,ECE,1
7.46,5,4,1,2,96,20,434,1,CIVIL,1
8.95,1,0,7,3,23,59,433,8,MECH,1
8.37,6,5,8,2,37,89,222,2,MECH,1
9.95,2,6,8,3,86,53,418,5,IT,1
9.6,4,10,2,1,60,87,22,5,IT,1
9.84,4,8,8,0,97,2,257,6,ECE,1
8.49,6,7,4,2,74,81,261,5,IT,1
6.32,0,2,0,1,84,25,256,7,ECE,1
6.05,3,9,0,2,5,38,148,5,IT,1
8.02,1,7,2,1,84,21,247,4,ECE,1
7.77,0,5,8,2,62,38,262,6,MECH,1
6.68,6,10,5,0,13,20,92,5,CIVIL,1
9.95,4,1,8,1,18,92,386,6,IT,1
7.9,1,6,2,1,96,59,44,4,CSE,1
5.62,4,3,5,2,93,57,68,3,IT,1
5.74,4,6,8,3,9,58,246,1,CSE,1
7.06,0,3,8,1,85,18,435,5,CSE,1
7.5,1,8,1,1,35,41,290,7,CSE,1
5.7,2,0,6,0,32,42,457,4,IT,1
9.77,1,1,8,1,5,61,182,6,CIVIL,1
8.59,3,7,6,2,78,40,223,7,MECH,1
5.6,0,6,7,0,39,96,421,4,MECH,1
9.48,4,2,0,3,13,7,441,2,CIVIL,1
7.99,1,10,7,1,60,21,374,5,CSE,1
8.35,4,2,0,3,80,48,499,4,CIVIL,1
8.89,4,9,3,2,49,20,91,6,CSE,1
7.65,1,4,4,3,6,9,454,6,IT,1
7.72,4,8,2,3,63,67,118,1,MECH,1
9.46,2,3,8,1,96,1,228,1,CIVIL,1
9.26,1,3,4,1,76,99,315,1,IT,1
5.52,5,3,8,1,29,83,315,1,MECH,1
6.59,2,3,7,3,11,8,348,8,IT,1
7.63,4,9,7,1,82,74,430,4,MECH,1
9.61,3,8,7,0,45,25,180,3,CIVIL,1
7.75,0,10,8,1,88,84,382,6,ECE,1
5.53,4,5,8,0,54,78,332,1,ECE,1
5.62,1,2,0,1,45,70,335,2,CIVIL,1
8.41,2,2,1,1,28,12,71,2,MECH,1
6.7,6,4,8,0,12,84,366,3,CIVIL,1
8.44,3,5,1,2,32,76,499,2,ECE,1
9.79,3,6,0,0,76,34,264,3,ECE,1
6.66,5,6,7,0,95,12,426,7,IT,1
7.74,5,3,1,2,40,20,21,1,ECE,1
6.17,5,2,8,2,94,73,15,1,ECE,1
8.37,5,3,6,3,29,1,237,5,CIVIL,1
9.75,0,9,7,0,49,61,25,5,ECE,1
6.67,1,1,8,0,47,27,168,8,CIVIL,1
6.92,1,4,4,1,88,2,70,3,ECE,1
6.09,2,9,4,1,51,47,262,4,CIVIL,1
9.03,2,9,6,3,11,98,490,2,MECH,1
9.42,0,2,1,2,29,11,442,1,IT,1
6.75,6,0,1,2,50,68,260,4,CIVIL,1
9.64,2,6,0,0,35,19,11,3,CSE,1
5.83,2,2,1,2,10,83,398,4,MECH,1
9.86,0,4,4,0,63,64,70,2,CIVIL,1
5.55,3,7,8,2,69,34,234,7,MECH,1
5.98,5,6,8,2,82,0,404,1,CSE,1
9.24,3,5,5,2,25,66,172,5,CSE,1
9.55,2,3,4,2,56,7,478,6,CIVIL,1
8.85,2,2,2,3,40,53,175,2,IT,1
8.72,0,7,2,0,87,73,87,4,ECE,1
8.55,0,2,6,3,34,14,150,4,CIVIL,1
8.29,6,7,6,3,41,32,325,5,CSE,1
6.02,1,3,1,0,55,26,282,8,CIVIL,1
6.38,5,5,8,1,38,89,234,4,IT,1
6.48,5,7,1,1,58,0,67,6,MECH,1
5.67,6,0,4,3,2,94,121,1,CSE,1
7.1,3,3,3,2,62,32,76,8,IT,1
8.51,5,1,3,2,21,83,150,3,CIVIL,1
8.73,6,6,0,1,35,63,280,3,CIVIL,1
7.53,2,5,3,1,25,58,24,7,CSE,1
8.83,3,4,8,2,75,0,346,8,CSE,1
7.2,4,4,1,2,64,16,103,7,ECE,1
7.08,4,10,7,2,18,25,376,8,ECE,1
6.93,3,4,3,0,89,83,270,2,CIVIL,1
9.21,3,7,0,3,38,25,186,5,CSE,1
8.06,2,5,4,0,30,33,400,3,IT,1
6.83,1,7,5,2,64,8,231,5,CSE,1
9.86,6,5,0,3,87,31,481,1,ECE,1
7.32,3,5,3,3,91,63,72,5,ECE,1
7.79,5,2,4,0,3,21,399,8,CIVIL,1
7.83,2,9,7,3,68,35,430,4,ECE,1
6.01,1,9,0,2,81,26,240,7,CSE,1
9.57,3,0,1,3,85,21,397,3,CSE,1
6.51,1,10,6,2,19,2,394,2,ECE,1
7.05,6,10,0,0,21,96,358,6,CSE,1
6.28,4,5,5,0,78,48,326,1,CSE,1
6.86,5,0,4,1,41,70,46,4,MECH,1
8.77,0,8,4,3,73,1,417,4,IT,1
9.4,4,4,3,2,69,11,345,1,CIVIL,1
7.08,0,5,3,2,86,28,161,6,CSE,1
9.54,6,4,7,0,35,93,341,1,IT,1
7.36,0,4,1,3,32,9,254,8,CIVIL,1
7.45,0,8,2,0,58,21,458,7,IT,1
6.78,4,0,1,0,96,20,329,2,CIVIL,1
7.69,5,1,1,1,60,56,376,7,CSE,1
8.63,6,4,8,1,13,59,435,7,ECE,1
8.09,1,0,8,3,88,25,135,5,MECH,1
6.74,0,0,0,1,76,39,247,1,IT,1
6.01,6,7,8,2,72,53,93,8,CSE,1
6.35,3,8,2,2,45,17,484,2,IT,1
9.02,2,5,4,0,28,4,464,2,CSE,1
8.43,6,7,1,0,23,88,286,3,IT,1
7.36,4,0,4,3,27,72,130,2,CSE,1
6.86,4,0,6,2,18,2,94,7,ECE,1
6.23,2,6,6,3,29,44,270,6,ECE,1
7.59,6,8,1,3,4,73,404,5,CIVIL,1
7.9,4,0,2,0,33,8,377,4,ECE,1
7.85,0,6,3,3,68,89,254,8,CSE,1
8.8,4,2,2,1,28,45,357,2,ECE,1
9.65,2,3,6,2,19,3,17,5,MECH,1
7.47,6,3,5,1,69,69,348,7,CSE,1
8.94,0,7,8,0,46,97,255,4,ECE,1
6.93,5,0,8,1,3,55,272,7,MECH,1
9.01,3,9,0,2,83,68,201,5,CIVIL,1
7.07,2,8,6,1,55,42,145,3,CSE,1
8.23,0,10,2,2,34,20,100,5,ECE,1
6.26,6,10,7,3,9,44,167,1,ECE,1
8.64,3,4,3,0,13,10,400,4,ECE,1
7.36,6,8,3,3,51,57,279,8,CIVIL,1
8.64,6,3,2,0,60,55,360,6,MECH,1
6.49,5,6,0,0,27,57,448,5,MECH,1
6.78,0,8,2,3,34,85,496,6,CSE,1
7.08,1,9,6,0,15,98,389,6,ECE,1
9.9,0,0,1,3,61,1,113,6,CIVIL,1
7.25,4,4,0,3,15,24,471,1,ECE,1
5.76,4,7,4,1,77,10,93,8,CSE,1
5.51,2,6,3,1,22,5,352,4,IT,1
8.76,2,1,3,0,20,62,43,3,CSE,1
8.49,0,5,2,0,34,68,491,2,CSE,1
6.16,4,9,0,0,14,87,341,7,CSE,1
9.44,1,0,2,1,78,67,423,1,CSE,1
9.54,0,9,1,2,95,4,24,4,CSE,1
5.81,2,5,4,3,20,79,256,1,ECE,1
6.69,4,1,1,0,93,10,242,1,CIVIL,1
6.96,5,4,1,2,33,96,490,1,CIVIL,1
6.0,1,2,6,1,52,16,336,1,CIVIL,1
8.43,3,7,3,1,34,81,67,6,MECH,1
9.07,3,9,7,3,39,65,62,3,CSE,1
7.34,3,4,1,3,69,90,288,2,IT,1
9.83,5,4,0,2,3,1,104,2,ECE,1
7.14,4,4,1,2,55,48,431,5,CIVIL,1
7.37,0,5,7,3,46,86,467,2,IT,1
9.11,6,4,1,3,66,0,238,3,MECH,1
7.39,6,7,4,0,99,24,396,1,CSE,1
9.61,5,0,5,1,17,45,314,5,IT,1
7.69,2,4,8,2,75,71,305,7,CIVIL,1
9.8,0,9,3,3,85,44,146,2,CIVIL,1
7.72,6,6,0,1,65,47,392,5,ECE,1
6.69,5,8,6,2,34,76,316,8,ECE,1
7.79,4,10,2,0,95,59,301,7,CIVIL,1
8.59,2,0,5,1,9,97,233,2,CIVIL,0
9.9,5,0,6,3,10,1,368,6,MECH,1
6.47,5,2,6,0,55,61,140,4,CSE,1
9.53,0,0,1,2,1,4,399,2,IT,1
9.78,0,0,5,0,21,76,472,3,ECE,1
6.08,6,5,2,2,65,62,19,4,CIVIL,1
7.49,3,9,8,3,55,61,497,1,CIVIL,1
9.2,3,0,7,1,78,77,156,7,MECH,1
8.11,4,5,7,3,82,38,383,3,IT,0
9.09,3,2,4,3,29,53,148,6,CSE,1
7.02,0,3,3,3,41,95,408,6,CSE,1
6.82,4,4,8,0,49,1,143,7,MECH,1
5.55,1,0,1,0,30,60,74,8,CSE,1
8.44,0,5,7,2,20,39,294,6,CSE,1
6.63,4,4,5,2,53,56,473,8,CIVIL,1
8.84,3,5,7,1,22,18,118,4,MECH,1
8.82,5,5,2,2,3,22,370,8,IT,1
8.62,6,2,4,1,37,20,471,5,CSE,1
7.59,2,10,5,1,28,92,403,8,CIVIL,1
5.85,6,7,3,1,30,6,38,7,CIVIL,1
7.84,2,2,5,0,80,74,413,7,MECH,1
6.1,0,1,5,0,26,22,424,3,CSE,1
8.81,4,1,8,3,69,58,132,2,ECE,1
7.81,5,1,5,2,73,35,442,5,IT,1
5.98,0,10,6,1,76,68,497,7,MECH,1
7.24,2,9,3,3,11,43,269,1,CSE,1
6.75,1,8,2,2,19,56,65,7,MECH,1
7.52,1,0,5,2,56,98,257,6,CIVIL,1
6.45,4,1,7,3,71,61,298,1,CSE,1
7.38,3,7,2,3,35,83,292,4,MECH,1
6.1,4,10,7,2,47,47,478,7,MECH,1
9.95,5,1,3,0,67,75,88,6,IT,1
7.59,6,9,4,3,42,87,105,2,MECH,1
6.27,0,9,1,1,8,55,73,8,MECH,1
8.34,5,10,1,3,69,91,171,5,CSE,1
6.03,0,9,4,1,58,11,233,2,ECE,1
7.64,0,5,3,3,57,24,291,8,MECH,1
6.19,2,4,4,0,17,2,267,1,IT,1
8.0,6,3,5,3,90,18,54,4,MECH,1
6.31,0,7,4,0,100,35,481,6,MECH,1
5.84,0,3,3,3,69,52,15,2,MECH,1
9.45,4,7,2,2,73,36,274,5,CSE,1
5.95,4,0,5,3,27,88,463,8,IT,1
7.2,3,5,4,3,93,60,246,3,CSE,1
8.78,4,5,2,1,37,29,74,2,MECH,1
8.3,5,1,4,0,43,95,227,7,IT,1
7.49,1,5,6,0,31,57,468,1,IT,1
9.72,0,6,2,0,49,36,71,7,CSE,1
7.07,1,8,4,3,98,4,407,2,CSE,1
9.8,5,0,3,1,59,64,237,8,MECH,1
6.98,4,8,3,1,95,7,444,6,IT,1
7.16,4,4,6,2,67,3,234,6,IT,1
6.23,1,5,8,1,15,9,304,6,ECE,1
8.14,3,10,1,0,18,86,276,8,CSE,1
8.39,5,3,4,0,61,54,485,1,CIVIL,1
9.46,4,1,7,1,58,57,369,6,CSE,1
6.59,6,7,0,3,85,3,432,2,MECH,1
7.56,0,1,1,3,94,75,455,6,ECE,1
7.44,4,5,6,0,23,59,248,6,ECE,1
6.29,6,0,6,3,74,30,287,3,ECE,1
5.95,1,1,5,1,9,24,219,3,ECE,1
9.57,4,7,8,0,98,39,478,1,CIVIL,1
8.46,4,6,3,1,67,2,116,5,CSE,1
7.15,1,7,2,1,97,53,246,8,MECH,1
8.68,0,10,7,0,38,69,16,1,MECH,1
8.56,2,4,7,2,16,48,283,3,IT,1
6.91,4,7,6,2,86,59,94,4,IT,1
6.29,3,1,1,2,97,62,56,5,IT,1
8.09,1,3,3,1,25,31,436,7,IT,1
7.63,1,10,1,1,83,5,15,4,CSE,1
9.62,0,8,7,1,60,27,220,6,CIVIL,1
8.25,6,2,3,2,74,46,253,7,ECE,1
7.25,0,6,5,3,65,70,439,4,IT,1
9.3,2,0,8,3,94,82,228,6,CIVIL,1
6.52,2,3,6,0,62,29,136,7,ECE,1
6.81,1,3,4,0,17,47,308,4,CSE,1
8.61,0,0,7,1,97,79,148,3,IT,1
7.18,0,5,3,0,30,41,310,1,CSE,1
9.09,6,6,1,3,89,52,460,1,CSE,1
6.53,2,1,2,3,23,28,388,3,MECH,1
9.63,1,8,0,1,11,2,343,2,MECH,1
5.64,3,0,0,2,41,25,247,8,CIVIL,1
7.85,3,8,3,3,35,67,90,8,MECH,1
8.64,1,2,4,2,43,72,66,3,CIVIL,1
8.45,5,4,2,1,68,15,118,2,MECH,1
8.19,3,7,1,0,47,30,416,2,CIVIL,1
9.46,5,9,5,2,25,72,87,7,ECE,1
6.71,4,9,7,3,91,79,16,5,CSE,1
8.39,3,10,6,3,60,60,80,4,IT,1
9.04,6,6,8,2,61,53,245,3,MECH,1
5.71,1,5,2,1,43,2,194,5,MECH,1
9.97,0,10,0,2,89,98,484,1,IT,1
8.08,3,5,8,3,100,0,114,7,CIVIL,1
8.87,3,2,6,0,31,12,84,3,ECE,1
7.8,6,9,1,3,6,77,364,3,MECH,1
9.97,1,9,8,3,29,74,402,5,CIVIL,1
9.77,5,3,6,3,98,37,456,2,IT,1
8.98,2,5,8,3,60,62,327,7,CSE,1
9.94,1,6,4,0,69,7,136,5,CSE,1
8.61,3,3,5,2,51,24,303,6,MECH,1
6.29,2,7,6,0,53,1,143,4,CSE,1
6.96,3,4,3,0,90,92,349,2,CIVIL,1
8.88,1,8,6,0,23,73,410,5,MECH,1
5.82,4,1,1,1,18,58,440,6,IT,1
6.36,3,5,3,3,52,95,176,1,IT,1
8.19,5,5,6,2,33,39,41,2,MECH,1
9.49,4,2,5,3,65,71,64,3,CIVIL,1
6.38,4,3,2,2,34,8,378,5,IT,1
9.81,5,6,3,0,100,47,247,3,MECH,1
7.94,2,2,3,3,34,89,268,6,IT,1
8.16,0,5,6,0,77,78,355,6,CSE,1
8.64,4,7,1,3,48,7,312,2,IT,1
9.55,1,10,7,2,67,11,52,5,CSE,1
7.54,0,7,7,0,55,95,254,4,MECH,1
5.71,3,5,1,2,83,95,394,3,CIVIL,1
6.68,2,3,3,0,16,62,276,1,IT,1
9.77,6,0,0,3,38,35,192,4,IT,1
7.29,3,8,8,0,37,88,400,5,IT,1
8.45,6,4,6,1,4,35,376,2,CSE,1
9.66,6,7,8,2,54,67,224,4,CSE,1
8.05,5,10,0,2,16,34,366,2,CSE,1
9.32,4,9,5,2,81,51,351,5,ECE,1
8.29,2,9,5,1,28,86,341,6,CSE,1
9.18,6,1,4,2,71,1,219,2,MECH,1
7.02,4,7,1,2,96,57,59,2,CIVIL,1
9.63,2,7,6,1,60,93,481,7,CIVIL,1
9.68,4,4,6,1,38,35,146,2,CIVIL,1
7.7,5,2,8,2,89,39,268,2,MECH,1
6.36,3,9,6,1,73,52,441,6,MECH,1
9.41,5,3,5,3,26,4,310,5,CIVIL,1
7.45,1,4,0,0,54,83,475,1,IT,1
6.51,0,8,4,1,66,29,69,2,CIVIL,1
5.51,4,4,5,1,99,75,364,2,IT,1
8.57,4,10,7,1,19,48,495,3,CSE,1
9.44,2,6,7,3,97,11,38,2,CIVIL,1
5.99,2,0,8,3,16,12,363,8,MECH,1
6.52,3,5,6,3,10,8,5,7,CSE,1
7.54,1,0,0,2,90,30,456,6,IT,0
7.93,6,8,2,3,22,53,236,7,MECH,1
9.5,0,1,1,2,6,37,14,1,IT,1
9.12,1,5,7,1,24,46,103,6,IT,1
8.7,0,10,5,2,98,86,453,1,CSE,1
7.99,1,3,2,1,42,98,412,2,CSE,1
5.6,5,8,2,2,12,3,127,1,IT,1
9.74,6,7,4,0,73,0,121,6,IT,1
5.72,3,3,4,1,74,94,175,1,MECH,1
8.66,0,3,4,2,56,0,4,8,CSE,1
8.55,0,3,0,1,3,70,487,6,IT,1
8.49,0,8,0,2,66,44,310,4,CSE,0
7.7,0,7,1,1,70,100,177,2,IT,1
8.24,1,4,3,1,13,24,370,3,CIVIL,1
6.78,4,6,1,2,33,88,113,1,CIVIL,1
6.08,2,8,2,1,63,37,493,4,MECH,1
8.46,5,5,2,3,31,86,442,1,IT,1
7.59,2,7,0,1,33,91,200,1,ECE,0
8.7,2,10,4,0,100,47,260,6,IT,1
9.54,5,0,5,1,7,4,191,5,CSE,1
7.28,5,3,8,3,77,78,221,8,CIVIL,1
9.26,1,5,1,3,87,88,123,6,CSE,1
6.31,3,8,7,0,28,19,225,6,CIVIL,1
6.36,1,6,6,1,100,4,93,5,ECE,1
7.22,6,3,8,0,56,10,208,6,IT,1
7.32,5,3,0,2,8,26,437,2,MECH,1
9.57,0,7,6,2,58,8,19,3,CSE,1
8.24,3,0,0,2,33,5,262,6,MECH,1
5.51,3,5,4,2,79,92,420,4,CSE,1
6.26,2,8,6,2,39,11,484,6,CIVIL,1
5.62,1,6,0,0,20,54,449,8,IT,1
5.86,2,6,8,0,47,95,325,1,MECH,1
8.14,1,9,1,1,67,76,195,1,CSE,1
5.89,6,6,3,2,9,1,306,7,CSE,1
7.41,6,1,0,3,37,91,212,5,ECE,1
8.28,5,6,5,2,0,49,72,4,MECH,1
7.96,1,4,4,0,20,20,116,2,ECE,1
9.73,5,6,3,0,16,56,252,6,MECH,1
6.93,0,5,1,3,53,87,289,3,ECE,1
8.3,4,0,2,1,12,30,493,2,CIVIL,1
7.35,1,0,1,0,80,11,150,3,CSE,1
7.4,5,10,1,3,10,9,191,6,MECH,1
9.55,4,8,7,3,70,74,74,5,MECH,1
7.21,6,6,8,3,24,19,421,7,MECH,1
8.73,0,9,7,1,93,36,351,5,IT,1
5.85,1,3,0,0,30,34,83,4,CSE,1
9.06,1,8,1,1,4,98,404,1,CIVIL,1
7.71,2,2,0,2,37,70,67,7,ECE,1
6.88,1,3,7,3,75,26,387,3,CSE,1
9.73,3,3,3,0,53,18,282,1,MECH,1
5.86,6,5,8,0,29,90,415,4,CIVIL,1
9.53,2,3,1,0,93,32,367,3,ECE,1
8.32,3,7,1,3,57,100,387,8,CSE,1
9.1,5,9,3,3,91,20,445,4,CIVIL,1
7.16,3,7,8,2,37,67,65,6,ECE,1
9.4,1,6,3,2,8,9,423,4,CIVIL,1
5.74,0,10,0,2,35,60,88,3,CIVIL,1
8.73,1,3,5,0,8,15,443,2,ECE,1
9.32,4,1,2,1,67,67,411,1,MECH,1
7.65,0,10,7,1,52,68,434,1,IT,1
9.56,0,0,2,0,62,5,266,4,MECH,1
8.23,6,9,8,3,22,68,82,7,IT,1
8.19,4,8,3,2,25,24,49,2,ECE,1
9.23,4,9,3,3,9,67,427,3,ECE,1
8.54,5,9,7,2,82,40,59,2,CIVIL,1
5.61,4,6,8,1,39,11,332,8,ECE,1
8.9,1,1,1,3,93,88,11,6,IT,1
6.84,4,0,5,3,57,79,323,1,CIVIL,1
7.66,6,7,2,0,2,3,17,4,ECE,1
6.06,4,10,7,1,99,55,322,1,IT,1
8.25,5,1,3,0,60,43,196,1,ECE,1
9.48,2,2,2,2,34,97,241,7,IT,1
6.03,6,1,2,0,63,59,302,5,ECE,1
6.67,5,8,4,2,95,53,119,7,ECE,1
8.82,4,0,3,2,2,82,222,5,MECH,1
5.92,3,10,0,2,41,99,349,3,ECE,1
7.84,5,6,8,0,14,19,231,7,CSE,1
9.31,3,5,4,0,69,58,243,2,IT,1
7.85,6,1,3,2,27,81,462,7,CIVIL,1
7.3,0,9,8,1,32,39,146,1,MECH,1
9.38,4,5,0,0,99,82,260,3,IT,1
5.84,0,7,8,2,5,66,31,4,CIVIL,1
5.72,5,8,5,2,49,91,370,8,IT,1
6.01,6,6,6,1,30,0,380,8,CIVIL,1
8.75,6,2,0,1,99,99,35,1,ECE,1
8.87,3,5,2,3,22,2,30,8,MECH,1
6.75,4,10,3,1,72,19,42,1,MECH,1
7.39,2,6,7,1,0,21,352,6,MECH,1
9.69,1,3,5,1,77,22,245,2,CSE,1
7.4,1,0,3,0,91,35,145,7,CIVIL,1
8.38,0,9,3,1,36,79,287,1,MECH,1
8.61,3,2,3,3,81,54,249,4,CIVIL,1
7.32,1,1,5,2,41,17,107,1,IT,1
8.01,5,10,5,1,11,1,446,4,MECH,1
5.57,1,8,2,2,43,91,90,7,CSE,1
7.97,4,3,8,1,7,7,117,2,CIVIL,1
8.59,0,1,8,1,7,68,101,1,CSE,1
8.16,0,3,3,1,80,80,81,3,CSE,1
9.36,1,10,1,2,63,92,81,7,ECE,1
6.29,4,9,3,0,55,39,189,1,ECE,1
6.25,1,10,0,0,43,3,53,6,CSE,1
6.29,1,5,3,0,72,61,168,5,MECH,1
9.0,6,9,7,0,85,29,487,4,MECH,1
9.79,6,7,4,0,95,43,365,7,CSE,1
7.25,1,1,5,2,96,38,491,3,CIVIL,1
8.26,4,0,1,2,82,12,97,1,MECH,1
8.32,5,3,8,2,21,90,158,2,CSE,1
7.72,0,9,7,2,65,83,31,2,MECH,1
7.94,2,10,7,3,20,100,91,7,CSE,1
8.31,3,8,6,0,90,37,326,3,ECE,1
7.16,0,10,2,2,46,23,395,1,ECE,1
7.87,4,4,0,0,20,79,415,5,ECE,1
9.2,2,8,4,1,53,69,209,1,CSE,1
7.7,6,7,6,0,11,87,279,5,ECE,1
7.98,1,8,1,1,0,47,270,4,ECE,1
6.5,3,10,6,3,54,85,167,4,IT,1
7.98,2,6,3,0,66,67,406,8,MECH,1
6.31,0,8,6,2,44,68,232,2,IT,1
7.09,6,9,3,2,93,83,375,8,CSE,1
6.83,2,2,6,2,71,11,300,7,ECE,1
8.41,1,5,3,0,66,59,171,2,CSE,1
6.14,0,0,2,1,61,84,371,4,MECH,1
6.24,4,8,0,0,1,48,113,2,CIVIL,1
6.8,2,8,5,0,36,86,166,3,IT,1
7.67,1,8,6,1,20,12,161,6,ECE,1
5.52,1,6,1,1,46,18,30,4,CSE,1
8.93,5,0,1,3,72,44,275,7,IT,1
5.92,2,7,0,0,18,43,26,7,IT,1
6.63,0,3,2,3,78,65,325,3,CIVIL,1
6.5,2,1,5,2,47,62,159,5,IT,1
8.28,3,0,3,2,32,52,193,6,IT,1
6.97,0,8,2,0,11,17,24,3,CSE,1
6.49,6,10,0,2,85,41,418,6,ECE,1
6.24,3,0,2,0,62,63,287,8,CSE,1
8.83,3,7,4,3,34,29,437,7,CSE,1
6.58,3,10,0,0,93,70,330,5,IT,1
6.91,5,6,8,1,42,49,464,7,MECH,1
7.21,3,1,7,0,6,26,228,6,ECE,1
7.59,4,10,5,1,89,5,379,5,CIVIL,1
9.82,3,4,7,3,22,62,65,5,ECE,1
6.54,5,2,0,3,0,58,230,7,CSE,1
5.86,0,1,3,0,37,63,376,6,MECH,1
5.91,2,1,3,3,63,78,353,1,MECH,1
6.49,4,9,8,0,63,18,360,8,CSE,1
8.76,0,7,6,1,91,62,246,7,CSE,1
9.44,6,1,6,3,15,1,69,5,CIVIL,1
9.15,6,9,0,3,95,68,33,1,MECH,1
8.46,0,7,0,3,13,70,339,3,MECH,1
7.73,4,2,2,2,48,13,145,5,CIVIL,1
8.24,3,0,7,3,73,75,8,3,CSE,1
5.57,2,10,2,1,89,22,56,3,CIVIL,1
7.13,1,9,3,2,37,86,268,7,ECE,1
7.0,5,4,4,0,15,57,167,8,IT,1
8.22,3,5,6,0,81,22,442,6,CSE,1
7.88,5,8,2,1,67,61,141,1,MECH,1
6.54,1,0,0,2,66,84,101,3,ECE,1
7.74,2,9,8,0,47,71,219,6,ECE,1
8.98,4,2,7,3,60,96,295,7,CSE,1
7.06,0,5,5,3,17,77,324,3,CSE,1
5.85,6,4,2,1,50,41,32,8,MECH,1
8.04,3,0,5,1,82,65,227,4,CSE,1
5.99,1,0,6,3,14,56,243,5,CIVIL,1
5.85,2,7,3,0,98,99,392,2,MECH,1
7.6,2,2,3,2,87,39,268,7,CIVIL,1
5.51,0,4,7,3,4,28,142,6,MECH,1
5.83,0,6,0,1,45,67,38,8,ECE,1
5.89,2,9,0,0,56,93,334,6,CIVIL,1
9.85,6,1,3,2,16,43,115,5,CIVIL,1
9.73,0,8,8,3,77,25,326,8,CSE,1
9.34,2,9,4,2,54,87,404,1,ECE,1
7.71,6,6,7,2,76,11,438,7,CSE,1
6.46,6,4,3,0,24,97,254,2,CIVIL,1
9.52,4,10,1,0,38,10,281,3,CSE,1
8.11,2,1,8,3,96,7,117,1,CSE,1
8.5,0,5,7,1,33,57,26,4,CSE,1
8.44,0,5,8,2,14,47,180,4,CSE,1
6.08,4,9,8,1,83,91,498,4,CSE,1
8.17,1,3,4,2,7,18,426,1,ECE,1
8.85,3,10,4,3,20,59,437,2,IT,1
8.69,0,6,5,3,44,16,52,6,MECH,1
8.9,2,8,3,1,1,100,463,2,ECE,1
8.37,0,3,4,0,49,99,230,3,IT,1
7.49,5,1,1,3,34,65,41,8,CIVIL,1
5.53,6,1,2,1,92,24,109,4,IT,0
8.61,2,4,8,2,0,82,296,8,CSE,1
7.0,6,0,4,0,74,53,373,3,CIVIL,1
8.13,2,8,7,3,74,59,431,3,MECH,1
8.28,3,4,3,1,36,89,375,1,MECH,1
8.62,5,5,2,1,37,13,38,6,CSE,1
6.3,5,3,1,2,6,74,434,5,ECE,1
6.99,4,1,5,3,71,51,22,7,CSE,1
9.55,2,7,1,2,70,46,375,5,MECH,1
6.2,0,10,7,1,46,97,465,2,IT,1
7.37,2,3,0,0,30,92,482,4,CIVIL,0
6.88,6,4,6,1,23,92,300,3,MECH,1
8.74,0,6,3,1,78,28,380,3,MECH,1
7.51,3,4,0,3,67,43,196,4,CIVIL,1
6.75,3,3,5,0,58,19,464,6,CSE,1
8.98,1,4,2,1,16,26,48,1,IT,1
9.16,1,4,4,0,52,26,274,3,CIVIL,1
8.81,0,2,3,3,1,50,406,2,ECE,1
7.05,0,7,4,0,7,79,192,2,CSE,1
5.8,3,10,6,0,72,99,62,2,CIVIL,1
8.85,1,2,4,3,11,14,362,3,CSE,1
5.79,6,0,6,3,35,84,396,1,CSE,1
7.3,0,6,4,3,35,65,161,3,ECE,1
8.4,0,4,3,0,37,100,107,6,CIVIL,1
8.44,1,4,5,3,60,43,305,7,CSE,1
9.12,3,5,3,1,57,82,295,3,MECH,1
8.76,4,5,4,1,43,9,129,4,CIVIL,1
6.86,0,7,6,0,38,76,248,3,MECH,1
7.13,2,2,8,1,51,49,53,3,ECE,1
9.97,3,8,1,3,99,66,42,5,CSE,1
9.52,1,7,4,1,34,4,408,2,IT,1
9.41,2,10,8,0,52,11,250,6,CSE,1
7.25,2,2,5,3,25,46,449,6,CIVIL,1
8.47,4,1,4,1,39,51,366,5,CIVIL,1
5.74,0,10,4,0,97,28,417,5,ECE,1
9.01,0,9,8,3,98,79,145,6,CIVIL,1
9.57,2,1,7,0,75,88,500,8,MECH,1
6.97,0,5,7,1,65,47,106,7,ECE,1
7.29,4,8,2,1,53,14,57,7,IT,1
9.18,5,0,1,0,10,70,11,7,CSE,1
9.95,3,8,2,0,46,78,131,4,ECE,1
6.68,6,10,0,2,11,83,75,3,ECE,1
8.83,0,7,1,0,82,71,310,6,ECE,1
6.63,6,4,2,1,83,4,407,8,CIVIL,1
7.32,3,9,6,3,76,58,456,4,ECE,1
8.55,6,8,4,0,12,100,495,4,MECH,1
8.34,5,7,0,2,14,86,372,8,MECH,1
9.49,6,3,7,2,84,28,341,7,CSE,1
8.22,0,5,1,0,0,7,242,2,CSE,1
9.98,1,7,5,3,54,53,229,2,IT,1
6.09,0,1,3,2,89,52,76,3,ECE,1
6.67,4,0,6,2,11,98,29,3,MECH,1
5.91,4,3,7,0,25,45,49,8,IT,1
8.43,2,6,0,0,57,89,452,3,CIVIL,0
9.9,0,9,2,3,62,86,51,7,IT,1
7.41,3,4,4,3,79,66,496,3,ECE,1
8.88,5,1,3,3,21,12,309,7,MECH,1
6.16,2,3,2,2,40,50,105,5,CIVIL,1
9.14,6,2,6,3,2,67,211,6,CIVIL,1
7.98,1,7,0,1,71,82,260,4,CSE,1
7.44,6,9,1,2,35,68,443,7,CSE,1
5.55,5,7,8,3,3,2,329,3,ECE,1
6.01,5,9,2,0,63,40,227,8,MECH,1
6.98,1,2,2,2,19,49,328,6,CSE,1
7.16,3,10,2,0,41,59,275,2,ECE,1
7.5,4,3,4,1,55,12,403,1,ECE,1
5.73,2,8,2,2,44,18,110,6,CIVIL,1
8.58,3,5,7,3,34,92,169,1,IT,1
7.48,1,7,5,3,19,60,177,6,ECE,1
6.21,3,2,5,2,66,74,466,6,IT,1
6.37,1,9,6,1,3,47,370,4,IT,1
9.0,0,8,7,3,60,85,323,1,IT,1
9.22,1,3,6,3,75,89,64,5,CSE,1
6.96,2,7,7,3,49,62,69,7,MECH,1
5.5,0,7,3,1,12,48,497,1,CIVIL,1
9.21,0,0,6,3,72,70,108,4,ECE,1
7.08,3,9,8,0,19,53,297,1,ECE,1
6.51,6,0,2,0,81,39,427,4,IT,1
9.42,5,8,2,2,7,47,236,8,IT,1
9.69,4,4,7,2,62,55,99,3,ECE,1
7.26,3,0,5,2,79,19,256,7,ECE,1
9.34,0,2,3,1,98,71,97,2,IT,1
9.77,6,6,1,1,85,17,275,4,IT,1
7.96,4,4,3,3,33,54,114,5,CSE,1
7.98,4,10,8,1,35,49,419,6,ECE,1
7.28,0,3,6,0,95,43,305,6,IT,1
8.91,6,4,2,0,47,1,323,1,CSE,1
7.54,1,0,8,1,27,88,267,7,CSE,1
8.06,1,7,1,2,42,77,122,2,MECH,1
8.44,4,9,8,2,56,76,456,3,MECH,1
8.87,4,9,0,1,99,100,366,2,CIVIL,1
9.6,0,8,8,3,17,45,85,8,MECH,1
8.94,2,9,7,0,40,62,113,6,IT,1
8.28,0,1,7,1,14,74,10,6,CSE,1
7.5,2,7,2,0,82,11,226,5,CIVIL,1
9.32,0,0,7,2,13,3,299,4,CSE,1
6.41,3,1,8,1,25,68,327,6,CIVIL,1
7.91,6,10,3,1,97,92,154,8,IT,1
7.88,0,0,3,1,44,92,484,2,MECH,1
6.92,5,2,5,1,23,15,270,6,MECH,1
6.67,2,7,7,1,97,25,268,3,MECH,1
8.44,2,6,4,2,63,82,24,8,CIVIL,1
9.54,5,9,7,3,63,17,304,6,ECE,1
8.47,2,1,0,1,98,39,110,5,ECE,1
8.57,6,3,5,0,6,15,484,7,CIVIL,1
8.01,2,10,5,2,38,40,149,8,ECE,1
7.64,3,7,1,0,12,29,350,6,IT,1
9.88,3,0,0,1,20,21,308,3,CIVIL,1
8.55,6,4,3,3,48,92,198,6,ECE,1
9.6,1,3,5,1,57,21,462,4,IT,1
9.76,4,6,8,2,42,34,303,2,CIVIL,1
9.11,4,0,1,3,73,20,296,8,MECH,1
8.47,3,8,2,2,48,18,58,1,CSE,1
9.59,2,7,6,2,47,62,185,2,MECH,1
6.49,0,0,8,2,95,5,83,5,CSE,1
6.77,0,1,3,0,62,57,223,5,CIVIL,1
7.48,4,8,8,0,91,13,312,5,CSE,1
8.47,4,8,4,0,76,75,378,4,ECE,1
6.27,5,1,0,2,50,64,275,6,CSE,1
6.33,0,8,2,3,17,19,1,3,IT,1
9.49,0,4,8,3,55,54,399,3,CSE,1
7.38,2,5,5,3,14,46,410,7,ECE,1
9.07,0,4,5,0,8,90,26,5,IT,1
9.48,0,2,2,3,55,36,181,3,MECH,1
9.36,0,7,6,2,37,15,199,4,CSE,1
6.07,1,5,2,3,15,22,214,5,ECE,1
8.0,5,2,7,2,90,55,32,7,CSE,1
9.62,0,7,8,3,60,69,107,7,CIVIL,1
7.94,2,4,5,3,78,46,69,8,MECH,1
8.65,0,10,1,1,63,9,480,1,CSE,1
6.98,0,8,5,2,57,9,368,1,IT,1
7.64,1,2,3,3,28,0,469,8,MECH,1
6.26,1,4,3,3,82,7,256,1,CSE,1
5.9,5,0,1,1,60,41,8,2,CIVIL,1
9.99,2,3,4,1,80,1,450,6,IT,1
7.5,5,4,4,0,43,65,417,3,CIVIL,1
6.18,6,6,4,3,3,75,499,2,CSE,1
7.64,5,6,7,1,32,34,379,4,ECE,1
6.75,5,8,4,3,5,81,13,8,ECE,1
8.11,1,3,6,2,71,11,101,2,IT,1
6.37,0,6,7,1,45,96,309,8,CSE,1
6.09,1,10,5,0,79,22,206,5,MECH,1
9.66,2,1,6,2,7,60,426,5,CIVIL,1
7.27,4,0,0,2,32,78,179,3,IT,1
6.87,1,8,1,3,52,55,231,7,MECH,1
5.91,1,0,4,0,74,20,106,5,CSE,1
8.82,0,1,6,1,96,97,273,7,IT,1
9.31,5,4,8,3,5,71,154,8,MECH,1
9.63,5,3,0,1,14,89,260,2,ECE,1
8.58,1,5,5,1,70,24,298,8,MECH,1
5.94,2,0,6,3,43,13,489,5,CSE,1
9.42,3,7,0,3,96,23,337,4,IT,1
8.11,6,0,1,2,53,67,396,2,ECE,1
8.52,5,7,3,0,50,61,470,3,MECH,1
5.95,5,4,2,3,92,43,234,8,ECE,1
6.93,0,3,1,2,13,92,313,6,ECE,1
6.16,2,10,5,3,82,18,254,1,ECE,1
9.44,5,0,4,2,36,81,71,1,IT,1
6.47,5,7,2,2,54,86,419,4,ECE,1
8.52,3,8,1,0,86,59,134,8,MECH,1
7.6,1,3,6,3,51,59,99,5,CIVIL,1
6.83,6,1,5,2,93,82,482,1,MECH,1
5.83,2,1,7,2,37,48,277,7,IT,1
9.1,2,2,8,3,80,28,320,3,IT,1
6.46,4,5,8,0,59,9,380,2,CSE,1
8.67,4,8,6,0,16,46,421,5,ECE,1
7.17,1,10,1,0,49,28,306,4,ECE,1
7.73,1,7,7,0,55,53,416,1,MECH,1
7.96,3,6,8,1,21,55,343,6,ECE,1
7.47,1,4,5,3,85,68,352,6,CSE,1
9.38,0,7,2,2,27,24,195,4,CSE,1
7.14,2,10,7,2,16,66,460,7,CSE,1
5.58,6,8,5,0,60,64,70,3,ECE,1
8.1,6,4,2,3,1,65,379,6,ECE,1
8.53,1,9,3,3,20,84,490,7,MECH,1
7.42,1,1,4,2,58,75,227,8,CIVIL,1
7.04,6,8,8,2,77,58,368,5,IT,1
8.03,0,2,7,0,41,63,367,4,IT,1
6.29,6,3,5,3,14,82,498,2,CSE,1
7.29,3,1,5,3,77,33,329,2,CSE,1
8.69,4,4,1,1,2,60,178,6,MECH,1
6.11,5,0,0,3,62,28,175,6,CSE,1
7.86,6,4,2,3,92,17,500,6,MECH,1
7.24,5,0,5,3,48,49,353,1,MECH,1
9.39,0,5,7,2,93,19,179,7,ECE,1
8.13,5,10,8,2,53,70,84,8,MECH,1
5.77,6,7,6,1,56,10,415,7,ECE,1
7.63,2,7,7,3,55,18,27,1,CIVIL,0
8.18,0,0,4,0,25,9,384,2,ECE,1
8.96,4,1,3,3,73,63,8,3,MECH,1
7.36,2,8,0,2,21,90,374,4,IT,1
8.12,6,0,3,2,44,59,312,7,IT,1
7.33,5,1,1,0,97,50,117,8,IT,1
8.8,2,10,7,3,30,61,273,1,MECH,1
6.32,1,1,0,2,25,92,89,4,ECE,1
5.51,4,0,7,3,31,93,1,3,IT,1
5.91,4,7,7,2,60,42,492,8,ECE,1
6.17,5,9,2,2,76,43,450,8,CSE,1
7.01,2,9,0,3,70,50,113,7,ECE,1
8.22,3,3,4,0,53,17,457,6,CSE,1
6.83,4,10,2,2,36,25,221,2,MECH,1
7.8,1,3,4,2,91,28,177,8,IT,1
8.18,1,9,4,1,19,38,140,4,MECH,1
7.88,3,6,0,3,20,55,463,3,MECH,1
6.93,5,5,2,1,30,42,133,7,ECE,1
6.64,0,10,3,3,56,66,327,4,ECE,1
9.74,0,3,2,3,9,64,335,6,MECH,1
6.79,0,2,5,1,90,56,299,4,CSE,1
9.74,4,1,7,2,59,22,66,3,MECH,1
6.91,0,2,1,1,21,61,333,3,IT,0
5.53,4,3,3,0,95,57,392,7,IT,1
9.69,2,1,6,3,68,71,378,3,CSE,1
5.92,3,3,6,1,71,82,288,4,MECH,1
6.88,0,2,2,2,47,68,434,4,CSE,1
6.76,4,6,4,0,70,56,106,2,CSE,1
7.46,3,8,6,3,94,87,389,3,MECH,1
6.69,2,10,6,0,70,2,373,8,CSE,1
8.59,0,9,6,1,60,80,347,2,ECE,1
5.73,1,8,2,0,98,96,19,5,CSE,1
6.16,5,7,7,3,63,75,316,1,MECH,1
7.61,3,8,4,2,45,43,201,5,CIVIL,1
6.63,0,10,0,3,30,66,492,7,ECE,1
7.22,5,6,8,0,42,62,32,6,MECH,1
9.81,4,0,6,3,51,41,230,6,CSE,1
7.24,3,7,4,2,82,75,461,1,MECH,1
8.75,6,3,5,0,97,29,330,3,ECE,1
6.85,0,10,8,3,17,80,400,5,IT,0
6.2,4,2,6,2,45,34,52,6,CIVIL,1
7.43,2,5,7,0,60,84,370,4,CSE,1
6.2,5,0,5,0,24,61,64,7,CIVIL,1
5.84,5,3,7,2,31,14,352,4,IT,1
9.31,5,2,6,3,34,29,85,3,CSE,1
9.17,5,3,8,0,38,25,366,8,MECH,1
6.27,2,1,5,0,81,55,495,7,CSE,1
7.3,6,8,6,3,84,87,298,8,CIVIL,1
7.39,4,8,8,1,38,89,211,4,CSE,1
5.95,4,3,5,3,42,87,467,2,CSE,1
7.34,5,8,5,0,26,31,153,4,IT,1
9.91,0,5,8,0,55,79,312,7,CSE,1
5.6,5,1,4,3,66,47,165,5,MECH,1
7.11,4,0,5,0,97,41,434,4,CIVIL,1
6.85,5,8,0,2,29,37,484,3,ECE,1
6.16,5,3,7,3,24,100,246,7,ECE,1
6.79,3,10,7,1,13,86,421,2,IT,1
5.53,5,9,2,0,35,80,18,5,CSE,1
7.3,1,0,8,2,94,76,473,8,CIVIL,1
9.4,3,5,1,2,82,85,5,7,ECE,1
6.09,4,10,7,3,83,11,386,8,IT,1
9.69,0,9,6,0,39,38,97,5,IT,1
6.43,3,9,1,2,90,22,452,1,MECH,1
8.02,4,6,1,1,89,92,324,6,CSE,1
5.67,0,9,4,0,16,44,235,8,IT,1
9.93,1,1,0,0,19,47,360,7,CSE,1
9.03,0,7,2,0,63,71,98,4,IT,1
5.86,2,6,5,0,52,31,375,3,IT,1
8.61,3,1,3,1,72,20,473,2,CIVIL,1
9.16,6,1,4,0,48,32,52,5,MECH,1
5.99,4,10,4,3,15,94,152,8,CIVIL,1
8.34,4,2,1,3,9,16,337,2,MECH,1
9.51,5,9,5,0,71,78,94,3,IT,1
5.62,3,1,0,0,57,92,143,7,IT,1
9.47,6,5,6,0,8,10,5,7,ECE,1
6.01,6,10,5,3,60,32,266,3,ECE,1
9.96,3,6,5,2,97,13,94,5,CSE,1
7.34,1,4,4,0,55,46,333,4,MECH,1
5.96,0,7,2,2,30,32,210,8,CSE,1
9.75,4,0,7,1,78,27,466,6,MECH,1
9.89,0,2,5,3,58,70,335,8,CSE,1
7.64,0,2,8,0,9,53,380,4,IT,1
6.48,3,3,2,1,56,37,136,8,CIVIL,1
8.9,2,9,2,0,96,9,7,3,IT,1
6.78,3,1,7,3,3,78,492,8,MECH,1
9.42,0,10,8,3,7,34,479,2,MECH,1
9.82,4,9,3,3,15,45,32,3,IT,1
5.65,4,4,1,1,75,16,100,2,CSE,1
6.73,1,9,5,3,60,78,58,4,CSE,1
5.57,1,1,5,1,2,58,88,7,CIVIL,1
6.93,6,1,8,3,77,66,399,8,CSE,1
8.78,1,3,0,0,49,88,94,8,MECH,1
9.92,4,5,8,3,92,86,99,4,ECE,1
6.47,0,10,0,1,74,78,468,7,IT,1
6.5,1,3,7,0,62,10,85,4,MECH,1
7.64,2,3,5,1,10,42,68,5,CIVIL,1
6.65,1,10,5,3,45,67,392,1,ECE,1
7.53,2,3,5,0,44,68,382,8,MECH,0
8.58,3,8,8,3,30,63,239,7,CIVIL,1
8.83,2,3,1,3,94,92,127,1,CIVIL,1
9.29,1,1,0,0,90,47,159,5,CSE,1
5.61,5,5,1,0,24,47,90,1,MECH,1
5.53,5,2,6,1,33,49,360,8,MECH,1
9.44,0,7,4,1,58,67,134,1,CIVIL,1
6.65,4,8,8,1,47,3,45,6,CIVIL,1
5.83,2,2,3,0,16,78,371,6,ECE,1
7.7,3,5,7,0,84,35,443,5,MECH,1
7.55,2,6,7,0,5,22,370,7,ECE,1
9.96,6,5,3,3,42,50,80,5,CIVIL,1
9.68,5,1,8,1,71,44,62,1,CIVIL,1
9.59,4,10,7,2,87,15,61,3,MECH,1
5.66,5,0,5,2,60,69,191,7,IT,1
7.72,1,8,8,2,81,17,434,5,IT,1
9.14,3,0,4,1,49,96,409,6,CSE,1
9.53,4,4,0,0,26,65,305,5,ECE,1
9.39,3,7,6,1,43,89,196,5,CSE,1
6.84,5,10,1,1,13,0,27,6,CIVIL,1
6.03,6,10,0,1,73,8,368,4,ECE,1
9.7,0,10,6,0,15,81,69,5,CIVIL,1
8.58,3,7,6,0,90,25,225,3,ECE,1
7.67,0,0,4,2,53,78,363,3,CSE,1
8.1,6,0,5,3,6,16,194,4,IT,1
5.88,2,1,6,1,84,5,347,3,MECH,1
9.96,0,5,5,2,78,20,141,1,CSE,1
9.92,4,0,6,1,36,32,325,5,CIVIL,1
9.81,2,9,8,2,64,32,413,8,MECH,1
8.05,5,0,6,0,80,45,298,8,MECH,1
7.5,2,8,4,2,82,49,156,1,ECE,1
7.42,5,8,0,2,34,66,234,6,MECH,1
9.34,1,6,8,3,54,8,248,2,ECE,1
6.51,5,3,1,0,26,9,492,2,IT,1
7.4,1,0,4,0,58,74,96,6,CSE,1
8.04,1,4,5,1,2,29,5,1,CIVIL,1
6.04,3,2,6,0,41,4,173,5,MECH,1
7.74,3,7,6,3,68,35,153,4,IT,1
8.54,0,10,7,0,6,38,212,5,ECE,1
7.54,5,8,2,2,83,94,5,5,MECH,1
9.88,6,1,0,2,24,33,75,7,MECH,1
7.19,2,0,7,2,4,81,155,2,CIVIL,1
8.95,4,6,5,3,80,70,243,3,CSE,1
8.34,5,1,3,0,91,30,478,4,CIVIL,1
6.95,3,7,5,2,33,86,48,2,CIVIL,1
8.16,6,5,7,3,100,33,288,4,ECE,1
6.43,2,4,6,2,40,35,267,8,MECH,1
9.5,6,10,8,2,34,76,54,4,MECH,1
5.6,6,4,2,0,47,55,329,7,CIVIL,1
9.52,6,6,7,0,97,46,48,7,MECH,1
6.26,4,4,1,3,91,82,250,1,CSE,1
6.9,4,5,5,0,67,10,129,2,MECH,1
9.86,4,0,1,0,91,91,138,5,CIVIL,1
6.4,0,10,4,3,8,41,343,6,IT,1
9.79,1,8,6,1,65,71,173,6,ECE,1
5.59,3,8,8,2,95,1,309,1,CSE,1
7.74,2,8,2,3,85,15,279,6,IT,1
7.08,3,4,2,3,0,89,220,7,CSE,1
7.2,0,6,7,1,75,41,319,6,IT,1
9.88,0,8,8,3,4,7,80,6,CSE,1
8.87,3,4,0,2,53,48,495,5,IT,1
8.29,6,8,3,1,1,34,489,6,IT,1
8.35,1,1,1,3,41,14,406,6,CIVIL,1
9.2,0,2,0,3,65,1,41,2,CSE,1
9.69,4,0,5,2,31,100,247,8,ECE,1
9.69,0,0,6,2,17,98,413,8,CIVIL,1
8.92,5,6,0,0,72,25,328,2,MECH,1
7.23,3,5,0,3,34,34,91,5,ECE,1
6.63,0,4,1,2,71,41,243,1,CIVIL,1
7.28,3,2,1,0,88,49,369,8,CSE,1
9.34,0,2,6,3,21,73,144,7,ECE,1
6.93,3,1,1,3,90,84,244,8,CSE,1
6.38,3,8,8,2,81,25,147,7,CSE,1
7.39,3,7,7,3,11,48,388,5,IT,1
8.2,1,1,6,0,27,64,435,8,IT,1
6.27,0,4,0,3,62,65,96,4,CIVIL,1
6.41,2,5,0,3,14,7,406,4,MECH,1
9.06,4,7,8,1,79,70,356,4,MECH,1
9.32,3,8,8,1,54,59,489,5,CIVIL,1
7.82,6,6,6,0,21,73,85,3,MECH,1
7.5,6,2,0,2,62,31,414,5,CIVIL,1
7.9,1,10,4,0,85,61,498,8,CSE,1
9.36,1,4,4,1,63,22,342,2,IT,1
6.41,2,10,2,2,76,13,191,7,CSE,1
6.16,4,4,0,3,98,7,435,6,IT,1
6.66,1,3,8,0,42,55,446,2,MECH,1
7.88,4,6,5,3,52,9,310,5,MECH,1
5.55,1,9,6,1,54,86,488,7,MECH,1
5.94,2,2,1,3,41,28,424,4,CIVIL,1
6.09,1,2,6,2,5,70,136,7,ECE,1
8.42,4,6,1,1,7,15,44,5,CSE,1
7.04,5,10,7,1,33,44,377,3,ECE,1
8.97,6,1,3,3,95,60,386,8,MECH,1
9.42,5,5,6,0,6,3,126,2,CSE,1
7.56,1,5,1,2,88,84,170,5,CIVIL,1
8.41,2,1,6,0,90,34,219,2,CSE,1
9.49,5,0,4,0,22,96,4,5,ECE,1
9.95,0,5,0,3,2,21,39,7,IT,1
5.91,5,6,3,0,18,40,204,7,CSE,1
6.95,5,8,8,3,0,21,405,6,CIVIL,1
8.32,5,4,1,2,12,53,88,7,CSE,1
9.41,6,3,2,0,8,1,377,3,IT,1
5.53,2,1,8,3,66,1,423,1,IT,1
5.99,2,4,2,3,7,20,379,2,ECE,1
8.2,4,0,4,2,21,19,211,4,MECH,1
7.21,6,2,2,0,30,33,167,7,CSE,1
7.0,4,10,8,3,61,48,340,2,CIVIL,1
6.59,3,8,1,3,23,70,344,1,CSE,1
9.54,4,6,7,0,32,22,391,3,ECE,1
8.27,5,8,3,2,36,7,341,7,MECH,1
6.53,6,9,2,0,79,45,388,8,IT,1
5.88,5,1,1,3,5,71,428,3,IT,1
8.15,0,9,8,2,56,6,192,2,MECH,1
9.04,0,9,8,2,29,53,66,2,CIVIL,1
5.96,1,4,4,0,67,62,223,8,MECH,1
6.62,4,9,6,1,9,20,346,6,ECE,1
7.58,1,10,5,0,97,34,345,5,CSE,1
9.38,2,8,0,3,0,30,281,5,ECE,1
8.85,3,5,0,1,29,100,1,7,CSE,1
9.2,4,1,8,1,26,78,150,5,CIVIL,1
8.85,5,2,2,3,99,73,433,3,CSE,1
6.7,1,9,3,3,13,3,127,7,IT,1
5.53,0,3,1,2,31,41,478,7,ECE,1
5.79,5,10,5,1,43,25,381,2,CSE,1
6.53,2,1,2,3,86,20,434,3,MECH,1
5.89,2,10,1,3,49,4,221,6,IT,1
8.65,1,1,2,3,78,29,30,6,CSE,1
5.97,1,5,7,1,9,92,266,6,CSE,1
7.25,2,4,6,0,53,25,237,6,ECE,1
5.75,3,7,1,0,55,97,101,4,CIVIL,1
9.77,3,10,3,1,80,77,233,5,ECE,1
9.01,2,0,7,1,97,25,267,8,ECE,1
6.0,4,6,5,0,52,70,59,3,CIVIL,1
9.68,1,1,8,0,46,84,500,6,ECE,1
5.92,4,7,4,3,60,26,252,7,IT,1
9.56,6,9,5,2,9,41,244,8,MECH,1
6.94,2,1,7,0,94,75,41,3,IT,1
7.17,1,5,4,1,21,62,236,2,ECE,1
8.56,3,9,3,3,77,27,105,1,CSE,1
9.39,4,6,6,2,67,70,281,2,ECE,1
9.76,3,8,6,2,10,75,402,5,CIVIL,1
6.65,1,5,7,1,50,77,341,2,CSE,1
9.48,1,5,0,1,57,74,173,8,ECE,1
7.54,0,6,2,1,20,30,489,1,CSE,1
6.78,6,6,0,1,81,89,324,2,IT,1
7.57,6,0,4,0,89,60,468,7,IT,1
8.94,0,4,4,3,0,10,358,3,IT,1
7.95,3,7,3,3,15,24,281,1,IT,1
9.34,1,0,2,0,12,100,198,2,IT,1
7.5,3,10,0,1,11,17,179,7,MECH,1
8.83,0,7,2,0,67,87,357,4,CSE,1
9.64,0,1,4,1,89,41,398,1,MECH,1
8.9,6,6,1,1,20,27,327,2,ECE,1
6.7,6,7,2,2,36,66,329,6,CSE,1
8.5,1,1,1,2,100,90,402,7,MECH,1
7.54,4,7,3,1,42,74,166,4,CSE,1
7.69,2,6,0,3,65,83,108,6,CSE,1
9.42,5,3,1,1,77,87,203,3,ECE,1
8.87,0,3,2,3,60,79,161,1,CIVIL,1
5.84,3,8,8,1,59,17,108,6,ECE,1
7.35,4,2,1,2,28,70,104,2,ECE,1
7.99,6,7,7,0,42,83,494,1,CSE,1
8.24,4,8,0,3,96,81,33,1,CSE,1
7.79,0,1,4,3,82,39,288,8,CIVIL,1
8.99,4,9,0,0,20,64,293,5,CIVIL,1
9.94,0,6,5,3,57,37,60,1,CIVIL,1
8.44,0,8,3,1,13,82,451,5,ECE,1
6.51,6,10,6,3,30,87,270,2,IT,1
7.12,6,4,7,3,58,14,142,1,ECE,1
6.2,1,1,1,0,5,32,345,5,CSE,1
7.28,5,3,7,0,47,12,240,2,MECH,1
5.55,0,8,2,0,4,87,479,6,IT,1
9.13,6,0,0,3,89,18,335,2,ECE,1
7.29,0,9,7,1,37,80,86,6,CIVIL,1
9.62,0,6,7,0,81,58,226,5,IT,1
8.3,4,7,1,3,97,80,47,7,ECE,1
9.41,1,10,5,3,1,76,137,7,CSE,1
9.34,0,10,2,2,58,61,185,1,CSE,1
6.49,0,3,6,1,73,74,440,7,CSE,1
7.79,6,5,0,1,65,42,225,6,CSE,1
5.9,6,5,4,0,63,8,123,6,MECH,1
8.52,4,3,8,2,32,96,151,8,MECH,1
6.5,5,3,2,2,88,0,235,1,IT,1
9.56,3,9,3,1,92,19,409,4,MECH,1
6.72,1,2,0,2,76,72,80,4,CSE,1
7.97,5,5,4,1,35,83,461,2,CIVIL,1
9.78,0,10,4,2,41,15,49,5,CSE,1
8.69,6,8,6,0,20,11,232,3,ECE,1
9.88,1,8,8,3,39,38,40,4,IT,1
6.45,0,10,2,1,41,14,230,3,MECH,1
9.79,1,7,3,1,100,68,125,4,ECE,1
6.45,3,6,6,3,37,81,13,3,IT,1
5.95,0,1,6,2,32,8,274,3,ECE,1
7.79,2,5,3,3,16,27,297,2,CIVIL,1
7.95,3,0,0,0,19,42,433,8,ECE,1
9.67,1,9,7,0,100,69,26,7,CIVIL,1
8.34,0,2,2,2,53,53,173,4,CSE,1
8.7,5,10,6,1,0,78,138,6,CSE,1
8.44,4,7,4,3,60,98,257,2,MECH,1
9.22,6,2,5,2,32,11,114,3,MECH,1
9.96,6,0,6,2,54,67,406,7,CSE,1
7.25,0,0,1,2,15,79,100,8,ECE,1
8.1,2,6,8,2,100,84,220,8,CSE,1
7.47,1,5,5,0,61,70,246,3,IT,1
8.03,6,4,2,1,97,4,59,3,MECH,1
9.99,3,8,3,3,42,44,161,3,CSE,1
7.21,5,3,2,0,82,35,259,4,MECH,1
6.53,1,6,6,1,88,60,46,7,CSE,1
6.86,6,4,1,1,81,74,257,3,CIVIL,1
7.54,1,1,2,2,3,66,498,2,MECH,1
7.23,4,8,4,1,81,53,38,8,CIVIL,1
8.94,4,1,3,2,93,56,108,6,CSE,1
9.9,5,8,2,2,11,3,149,1,MECH,1
9.88,5,7,7,3,67,76,79,4,IT,1
8.09,2,1,4,0,8,64,45,7,CIVIL,1
7.55,2,1,2,1,4,6,273,6,CIVIL,1
5.5,2,0,2,0,32,84,118,8,IT,1
9.18,5,5,2,3,57,62,477,5,CIVIL,1
7.1,4,1,7,2,2,72,13,5,MECH,1
8.88,6,9,6,3,0,20,142,1,ECE,1
8.41,4,8,7,2,3,48,52,1,ECE,1
9.08,5,2,8,3,3,99,3,3,CIVIL,1
6.01,4,3,6,3,61,23,89,4,CSE,1
9.97,5,1,7,3,52,70,178,2,MECH,1
8.48,3,9,6,2,8,50,454,2,CSE,1
9.11,1,9,3,3,30,22,468,7,CIVIL,1
7.36,1,3,1,1,6,76,384,5,CSE,1
9.74,3,3,3,2,60,100,437,2,CIVIL,1
9.05,0,3,3,2,74,47,129,2,CSE,1
5.54,6,6,5,2,82,65,263,7,ECE,1
7.35,1,8,2,0,48,93,479,8,MECH,1
7.63,6,5,3,1,73,76,167,2,MECH,1
6.79,3,1,2,1,85,3,370,2,CSE,1
6.31,1,7,2,1,29,68,318,5,IT,1
8.6,5,0,3,1,54,82,419,4,IT,1
8.48,0,1,7,2,27,26,454,7,MECH,1
5.71,1,1,1,3,7,28,320,2,ECE,1
7.9,5,10,4,0,60,82,69,3,CSE,1
9.32,6,7,0,2,95,13,398,5,CSE,1
9.39,3,5,0,3,11,31,231,5,IT,1
6.64,1,1,8,3,88,22,95,5,CIVIL,1
9.73,4,10,7,2,91,49,269,1,ECE,1
9.15,6,1,5,0,12,53,236,1,CSE,1
8.54,0,5,1,3,40,33,387,6,MECH,1
7.18,0,4,2,0,7,62,431,3,CIVIL,1
8.9,0,2,8,2,65,77,398,6,ECE,1
9.91,2,2,1,2,39,31,78,7,CSE,1
8.4,2,2,6,3,80,1,357,7,CSE,1
6.17,4,3,0,3,1,23,103,3,IT,1
7.03,4,5,2,3,75,72,199,4,CSE,1
6.44,3,3,3,1,86,98,353,1,IT,1
9.44,5,1,8,3,95,82,41,8,IT,1
7.07,2,0,0,3,27,91,425,8,CIVIL,1
9.67,0,1,6,0,57,97,473,6,MECH,1
7.83,5,1,4,2,10,89,215,6,CIVIL,1
7.56,3,3,2,2,83,31,285,5,CSE,1
6.43,6,7,2,3,86,77,391,3,CIVIL,1
7.02,6,8,5,1,22,44,461,1,IT,1
5.64,2,9,1,2,15,45,72,1,CSE,1
7.24,2,9,8,2,93,65,277,5,IT,1
9.62,4,0,7,1,13,33,321,4,IT,1
9.3,3,8,7,3,82,15,280,7,CIVIL,1
8.86,3,2,8,3,80,41,340,3,ECE,1
9.05,2,3,7,3,79,87,379,1,CIVIL,1
9.97,0,4,1,1,55,74,193,1,MECH,1
7.86,2,6,0,3,58,14,33,2,ECE,1
7.62,3,10,3,1,19,15,6,4,ECE,1
9.88,4,5,8,1,2,24,164,5,MECH,1
7.61,3,9,5,3,64,56,463,4,MECH,1
5.64,1,5,6,0,47,95,237,7,IT,1
9.85,6,5,1,2,73,32,159,7,ECE,1
7.53,5,10,4,3,71,63,299,2,MECH,1
5.66,1,1,3,0,23,37,124,2,ECE,1
6.74,5,6,2,1,41,92,118,1,MECH,1
8.17,5,6,8,2,51,63,243,4,CIVIL,1
7.0,5,0,5,1,36,51,295,2,IT,1
9.15,1,6,7,0,98,63,477,1,CSE,1
7.0,4,2,5,3,68,42,10,2,IT,1
6.48,5,8,0,2,5,52,91,6,CSE,1
6.94,6,9,0,1,26,3,138,4,MECH,1
7.51,5,3,5,3,54,64,214,4,ECE,1
6.16,5,5,3,1,81,83,142,1,CSE,1
8.13,4,2,0,1,64,69,258,7,MECH,1
9.25,1,2,6,1,18,59,29,3,CSE,1
6.52,3,1,7,1,65,47,477,2,MECH,1
8.75,5,4,5,3,84,3,346,4,ECE,1
6.69,5,0,1,3,45,2,403,1,IT,1
5.57,1,2,3,3,29,72,347,5,CSE,1
7.45,0,9,4,1,68,84,343,3,CIVIL,1
8.58,4,5,6,2,4,78,268,2,MECH,1
6.5,5,2,1,2,57,13,223,3,ECE,1
7.13,0,0,2,3,62,66,327,1,IT,1
7.87,6,5,2,3,83,98,374,3,IT,1
5.66,2,5,4,0,80,44,282,6,CSE,1
8.43,1,4,5,1,60,19,451,5,IT,1
8.8,1,8,0,3,41,26,171,3,MECH,1
7.46,4,2,0,3,8,31,316,5,CIVIL,1
6.97,5,7,6,1,12,14,207,2,MECH,1
6.54,0,1,7,2,37,39,466,5,ECE,1
6.35,2,10,0,3,14,36,201,7,ECE,1
7.94,2,8,0,2,93,38,392,6,IT,1
7.24,1,5,2,0,68,77,322,7,MECH,1
7.23,6,8,5,2,46,98,433,1,IT,1
9.1,5,3,4,1,93,37,6,7,CIVIL,1
7.0,4,2,5,1,83,9,419,7,MECH,1
8.94,3,5,4,3,26,63,357,2,CIVIL,1
7.71,4,4,5,0,71,30,486,2,IT,1
6.25,3,7,8,0,53,72,31,1,IT,1
7.94,6,3,7,3,53,65,244,2,IT,1
7.08,6,6,1,2,5,2,418,2,CIVIL,1
7.68,6,6,8,0,29,20,407,6,CIVIL,1
6.51,5,4,0,3,7,27,230,5,ECE,1
8.28,0,7,3,3,60,79,204,2,IT,1
5.57,4,8,7,2,57,36,105,5,IT,1
8.39,1,6,1,0,95,63,185,7,CSE,1
7.36,6,8,4,2,33,74,483,5,CSE,1
6.11,2,5,7,1,29,0,182,2,CSE,1
8.3,1,8,6,2,23,39,231,8,CSE,1
7.36,5,7,7,3,36,50,316,6,CIVIL,1
7.63,4,0,0,0,50,98,176,7,MECH,1
8.14,0,8,7,2,2,32,489,6,CSE,1
8.51,0,4,4,0,44,49,384,6,ECE,1
6.92,0,10,2,0,13,87,204,1,IT,1
9.03,0,3,3,2,6,43,102,6,CSE,1
6.45,4,3,3,3,37,13,118,2,ECE,1
8.74,6,7,7,2,18,79,250,7,CSE,1
8.85,1,2,2,2,38,72,297,5,MECH,1
7.88,2,1,2,1,89,44,35,1,CIVIL,1
6.13,6,2,2,1,98,7,200,6,ECE,1
9.95,1,9,8,0,88,76,460,6,IT,1
8.05,1,0,0,0,84,98,449,2,IT,1
5.88,1,6,3,0,1,94,473,1,IT,1
9.21,4,3,1,3,68,43,115,5,IT,1
5.61,2,6,7,3,10,99,184,6,MECH,1
6.48,3,5,5,0,44,37,347,6,MECH,1
9.91,4,9,0,3,3,40,355,4,IT,1
5.63,1,6,5,2,37,74,439,4,CIVIL,1
9.37,5,2,3,2,15,5,329,8,CIVIL,1
7.81,2,1,6,0,8,29,246,6,CIVIL,1
7.33,3,4,5,0,73,53,215,7,CIVIL,0
7.94,3,0,0,1,59,40,244,2,CIVIL,1
9.47,3,3,6,3,50,85,284,6,ECE,0
6.56,4,6,0,0,26,81,252,7,MECH,1
9.92,2,8,1,0,56,14,348,7,CIVIL,1
6.94,2,10,0,2,95,13,430,3,MECH,1
5.61,5,10,8,2,86,1,499,4,MECH,1
6.82,2,6,6,3,24,57,302,7,CIVIL,1
7.99,1,9,6,1,5,22,416,6,ECE,1
9.04,0,3,0,3,28,16,74,3,ECE,1
8.1,0,9,7,2,83,0,189,6,IT,1
6.8,0,8,3,1,99,17,278,6,ECE,1
5.79,0,3,7,2,48,57,347,2,ECE,1
9.99,6,8,6,2,43,33,376,5,MECH,1
6.94,0,5,0,2,48,36,253,5,MECH,1
5.56,0,2,4,3,65,26,36,4,CSE,1
9.76,1,6,8,3,88,72,385,1,MECH,1
7.89,0,2,6,0,41,85,158,6,IT,1
5.56,5,9,8,2,44,14,381,3,IT,1
6.03,4,6,4,2,15,51,489,8,ECE,1
6.59,4,5,6,2,17,89,328,5,CIVIL,1
8.22,3,5,6,0,66,79,31,5,ECE,1
7.06,1,5,6,0,52,65,469,4,ECE,1
5.78,5,6,0,0,26,66,466,5,CSE,1
8.76,2,4,8,0,10,100,405,7,ECE,1
6.31,5,10,2,2,60,38,67,2,CIVIL,1
6.63,2,1,5,3,2,58,150,8,CSE,1
7.06,2,6,7,1,51,77,378,6,CSE,1
8.09,6,0,6,1,70,81,394,4,ECE,1
5.57,4,4,6,2,20,70,391,2,MECH,1
6.71,2,10,6,2,41,24,462,2,MECH,1
9.95,3,6,3,1,23,26,224,7,ECE,1
8.71,4,10,3,3,10,90,386,1,ECE,1
7.01,2,2,6,3,94,36,5,5,CSE,1
6.82,4,2,8,2,74,21,234,2,IT,1
9.11,3,3,1,2,10,89,218,3,CIVIL,1
9.17,4,4,2,3,74,39,35,1,ECE,1
8.83,2,7,3,1,63,29,320,8,MECH,1
7.34,0,9,4,1,44,74,443,2,IT,1
6.92,6,7,6,2,30,2,492,5,CIVIL,1
5.62,2,2,1,3,25,17,46,8,CIVIL,1
9.22,0,9,2,3,0,23,401,5,MECH,1
7.8,4,10,8,3,40,46,68,1,MECH,1
8.92,2,3,8,3,74,74,323,8,ECE,1
7.23,2,1,4,0,33,57,5,4,ECE,1
8.04,5,6,3,3,22,3,478,5,MECH,1
7.76,4,7,0,2,32,53,174,5,CSE,1
6.33,0,6,1,0,82,18,359,8,IT,1
7.51,1,9,4,2,81,2,459,5,CSE,1
7.99,3,3,4,2,87,43,295,1,MECH,1
8.56,2,2,6,3,72,27,366,8,MECH,1
6.1,1,8,1,1,74,67,188,2,ECE,1
6.78,4,1,1,1,76,31,291,2,ECE,1
5.76,1,4,2,0,46,17,174,8,CIVIL,1
6.47,5,3,4,1,69,93,243,6,IT,1
9.86,3,5,4,0,69,30,62,2,CSE,1
9.5,4,4,6,3,8,2,304,1,ECE,1
8.95,3,0,0,0,35,15,287,2,MECH,1
8.29,4,0,7,2,96,66,166,7,CIVIL,1
6.92,4,4,1,3,33,14,73,7,CSE,1
6.24,5,8,2,1,17,7,483,6,CSE,1
9.66,5,6,0,3,17,9,167,6,IT,1
7.84,3,4,3,2,30,39,386,7,CIVIL,1
7.15,4,10,3,2,36,16,486,8,ECE,1
8.78,1,4,1,1,63,29,80,5,CSE,1
9.27,5,10,3,1,24,58,494,2,MECH,1
8.47,4,9,0,1,36,59,95,7,ECE,1
9.46,4,4,1,3,31,55,396,5,IT,1
6.08,5,5,0,2,53,39,55,1,CIVIL,1
7.13,5,1,3,0,30,47,384,2,CIVIL,1
8.96,2,7,4,0,67,51,174,7,IT,1
8.55,3,5,1,3,83,23,224,1,IT,1
7.47,3,4,0,3,50,38,201,6,IT,1
8.41,3,7,5,1,30,4,498,8,ECE,1
9.73,3,4,2,3,16,72,141,6,MECH,1
7.44,4,9,7,3,19,7,62,8,MECH,1
7.21,2,6,7,2,56,41,99,3,ECE,1
8.05,4,6,3,2,70,93,464,4,MECH,1
9.07,0,7,5,0,41,37,88,6,CIVIL,1
8.4,4,6,7,3,81,60,287,5,MECH,1
5.69,5,4,0,3,19,99,448,3,ECE,1
9.82,1,6,5,0,28,61,103,7,ECE,1
7.67,1,0,7,2,0,11,258,4,MECH,1
9.41,3,5,4,1,75,70,253,4,ECE,1
7.68,5,9,4,0,20,17,364,3,ECE,1
7.46,1,0,2,3,53,90,487,3,CIVIL,1
6.86,4,0,3,0,19,17,95,2,ECE,1
9.04,6,7,5,1,47,27,211,8,IT,1
9.46,2,8,8,2,27,26,223,8,MECH,1
9.48,1,9,8,1,40,82,432,7,ECE,1
9.19,1,8,1,0,24,22,16,8,CIVIL,1
5.83,1,1,0,2,83,51,323,5,CSE,1
9.03,3,8,0,2,30,73,357,3,CSE,1
9.69,2,6,6,1,85,12,462,8,MECH,1
8.14,6,3,6,2,51,79,311,4,ECE,1
5.74,3,5,7,0,36,60,445,8,ECE,1
6.21,2,6,1,1,49,99,301,8,ECE,1
9.43,4,0,0,1,51,42,58,5,IT,1
6.18,1,4,2,2,33,58,401,8,CIVIL,1
5.61,6,10,0,2,13,13,289,5,MECH,1
6.52,0,1,7,1,30,54,262,1,ECE,1
7.73,1,6,5,2,26,92,41,3,CSE,1
9.22,6,8,4,0,66,50,205,2,ECE,1
9.33,6,2,4,1,96,99,239,2,IT,1
7.12,0,6,7,0,91,20,227,4,CIVIL,1
9.37,4,2,3,3,64,88,159,3,MECH,1
9.98,2,4,4,3,14,68,281,2,IT,1
8.7,6,10,1,1,48,29,416,2,CIVIL,1
9.78,1,1,1,0,76,26,475,2,MECH,1
9.07,6,8,2,1,74,33,15,3,MECH,1
5.6,4,9,2,3,83,40,250,3,CSE,1
6.92,3,9,7,3,26,55,435,2,ECE,1
8.83,4,9,6,2,67,44,21,2,CIVIL,1
9.56,2,5,3,1,46,98,296,5,ECE,1
5.96,1,1,5,2,46,2,484,8,CIVIL,1
6.95,3,5,3,0,10,71,196,8,CIVIL,1
5.6,2,4,1,1,67,77,263,3,MECH,1
7.56,6,8,4,1,7,54,331,8,ECE,1
9.63,6,4,8,0,11,95,96,6,IT,1
6.75,4,6,6,3,39,77,231,3,ECE,1
9.74,6,10,7,3,23,33,278,3,CIVIL,1
9.08,4,5,7,2,71,40,480,5,MECH,1
9.29,3,4,0,0,55,74,295,7,MECH,1
7.4,5,9,5,3,38,80,329,5,MECH,1
8.35,0,0,3,0,63,48,488,5,MECH,1
7.7,0,10,1,3,62,26,171,1,IT,1
5.95,5,4,7,0,40,66,53,8,IT,1
9.84,4,1,3,0,28,11,95,2,CSE,1
7.64,4,3,4,3,95,52,498,2,MECH,1
6.9,4,3,0,0,26,71,71,6,CIVIL,1
8.66,3,2,5,2,34,0,327,2,ECE,1
6.46,5,2,7,0,77,26,40,6,ECE,1
7.7,3,2,6,2,32,77,178,8,MECH,1
8.12,4,0,3,0,23,84,119,1,MECH,1
8.64,2,7,0,1,73,17,90,7,CSE,1
7.29,4,2,3,0,84,67,336,4,CIVIL,1
9.92,2,5,3,0,30,40,161,5,ECE,1
5.86,1,0,0,0,14,1,398,4,ECE,1
9.96,0,2,4,0,17,15,106,7,ECE,1
8.02,0,1,5,2,69,98,145,4,CIVIL,1
9.04,2,0,6,0,3,97,242,8,ECE,1
8.66,4,10,3,0,34,76,198,6,ECE,1
6.41,5,5,8,1,100,77,461,4,IT,1
8.54,5,4,3,3,95,4,71,8,CSE,1
8.28,1,5,8,1,54,98,260,2,CIVIL,1
8.79,5,7,4,2,30,43,326,1,CIVIL,1
6.79,6,5,7,1,24,77,259,2,CIVIL,1
6.5,2,0,4,3,48,76,447,3,CIVIL,1
5.7,1,8,7,3,51,29,248,5,IT,1
7.15,5,2,0,2,14,3,296,4,CIVIL,1
6.32,3,3,7,2,92,16,450,7,CIVIL,1
8.58,5,10,2,2,26,82,116,8,MECH,1
8.68,6,1,1,1,56,22,186,7,CSE,1
9.95,0,9,5,1,91,54,142,1,CSE,1
8.64,6,7,1,0,59,39,338,6,CSE,1
5.88,5,5,4,0,92,5,259,2,MECH,1
7.51,6,7,0,3,29,63,151,1,CIVIL,1
7.94,1,4,6,3,56,86,459,1,MECH,1
7.83,4,4,5,0,71,21,243,2,MECH,1
5.62,6,8,8,3,59,23,155,6,CSE,1
6.32,3,2,4,0,45,41,290,4,MECH,1
7.39,3,10,1,2,81,77,359,4,ECE,1
6.37,6,10,7,3,22,22,55,6,CIVIL,1
6.97,5,7,3,1,29,68,364,1,CSE,1
5.59,4,2,0,3,69,52,484,1,ECE,1
6.53,6,7,6,0,32,10,286,8,IT,1
8.82,3,9,8,3,2,13,466,7,ECE,1
6.84,5,3,5,3,44,41,252,4,MECH,1
9.72,4,10,2,1,91,97,231,3,IT,1
8.83,5,3,2,3,47,79,479,8,ECE,1
7.07,3,6,1,2,93,70,40,6,IT,1
8.99,5,0,2,0,92,49,239,8,CIVIL,1
7.11,0,7,3,0,8,100,52,2,CIVIL,0
7.97,4,4,8,2,21,84,325,4,CSE,1
7.35,3,4,4,2,81,83,348,4,CIVIL,1
8.4,5,1,1,1,97,51,452,4,CIVIL,1
7.03,5,9,2,3,68,85,330,2,CIVIL,1
8.76,2,7,7,2,13,71,32,2,CSE,1
7.67,6,3,3,2,8,84,341,1,CSE,1
7.01,5,2,1,3,57,5,258,6,IT,1
7.97,2,10,1,3,82,63,464,5,ECE,1
7.93,1,5,6,0,69,100,407,7,ECE,1
9.46,2,5,5,3,0,91,46,3,IT,1
6.95,5,0,1,3,12,50,460,1,MECH,1
7.19,0,0,1,3,27,43,159,2,IT,1
6.3,0,6,5,0,41,9,325,4,IT,1
6.22,4,7,3,2,74,77,24,6,CSE,1
5.59,0,5,6,1,55,51,462,5,CIVIL,1
8.29,5,10,0,1,68,80,397,4,CIVIL,1
6.71,1,1,6,3,27,46,169,5,CSE,1
7.02,1,3,3,3,59,57,164,2,IT,1
6.51,4,9,7,3,93,20,460,6,MECH,1
7.43,2,1,7,0,19,22,339,6,IT,1
9.31,0,6,7,3,66,77,28,7,ECE,1
7.03,5,6,7,0,61,5,149,3,CIVIL,1
8.12,2,3,8,0,6,74,7,7,CSE,1
9.93,1,8,6,1,63,27,466,7,IT,1
9.31,5,7,6,3,79,96,102,3,MECH,1
6.7,5,10,3,1,0,80,216,8,IT,1
7.62,5,2,7,1,17,85,365,5,IT,1
9.04,1,0,3,0,5,41,87,3,CIVIL,1
5.86,3,8,0,1,94,5,125,3,CSE,1
8.86,3,1,7,1,4,52,236,1,CSE,1
6.07,4,6,8,1,6,15,62,4,IT,1
5.69,4,9,8,2,28,50,442,2,CSE,1
9.24,1,10,0,2,68,91,305,2,CIVIL,1
9.58,4,6,8,1,13,8,332,6,IT,1
9.3,2,4,5,2,18,72,380,4,CSE,1
9.9,2,2,3,0,26,86,322,5,ECE,1
8.36,3,7,2,0,36,49,199,6,IT,1
8.25,6,2,1,1,22,97,483,1,ECE,1
8.91,4,9,2,0,17,31,317,3,IT,1
7.16,6,8,1,1,49,10,499,3,MECH,1
9.21,0,1,0,0,55,77,374,2,CIVIL,0
9.22,0,10,5,2,92,79,89,5,IT,1
6.51,2,8,4,2,60,80,275,3,ECE,1
7.47,0,2,4,3,22,94,293,6,MECH,1
7.03,6,6,7,0,96,49,188,4,IT,1
5.75,2,5,4,2,27,8,193,6,ECE,1
8.78,3,8,1,0,34,10,6,5,ECE,1
9.34,1,4,0,1,21,8,28,5,CSE,1
7.99,5,9,0,1,32,62,31,4,CIVIL,1
6.21,6,5,7,2,72,85,5,6,MECH,1
6.74,2,1,4,0,38,36,214,5,MECH,1
8.93,1,6,5,0,71,66,74,3,ECE,1
6.67,1,10,2,3,30,9,272,2,IT,1
7.95,6,7,4,3,34,16,109,2,CSE,1
6.99,6,10,2,0,54,13,229,1,CIVIL,1
7.29,0,5,3,3,30,96,125,1,CIVIL,1
8.57,0,10,4,0,32,23,495,4,ECE,1
9.23,5,4,4,0,2,73,430,3,IT,1
6.34,0,3,8,2,3,27,125,1,IT,1
5.56,2,1,2,0,7,55,376,1,IT,1
5.89,6,9,4,1,88,12,107,2,CIVIL,1
7.81,5,1,0,1,5,20,400,6,MECH,1
9.42,1,7,6,0,20,63,71,3,IT,1
7.68,0,5,0,0,79,61,347,6,ECE,1
6.35,6,5,4,2,24,34,390,2,CIVIL,1
7.19,5,2,0,3,79,92,229,2,IT,1
8.49,3,4,0,1,71,77,296,2,CIVIL,1
9.95,6,2,0,3,40,3,207,7,ECE,1
6.66,5,0,3,2,48,54,293,8,IT,1
7.62,6,8,2,2,81,62,495,6,ECE,1
8.07,4,0,2,2,34,97,319,3,MECH,1
7.81,3,8,2,0,34,6,8,2,CSE,1
6.92,3,0,5,1,100,53,169,6,ECE,1
6.99,4,6,3,2,54,30,155,8,IT,1
7.9,1,9,6,0,9,51,230,7,ECE,1
8.1,4,0,3,3,6,94,399,1,ECE,1
8.21,0,0,6,0,25,37,379,7,CSE,1
9.48,3,6,7,3,27,84,312,3,MECH,1
9.75,1,9,0,2,8,50,52,7,CSE,1
5.86,3,10,4,0,98,98,446,1,CSE,1
8.6,5,6,6,1,10,56,312,1,CSE,1
8.78,2,9,1,0,31,18,136,2,ECE,1
7.85,3,6,6,3,98,39,224,8,MECH,1
7.27,3,2,7,2,54,65,56,5,ECE,1
7.35,1,10,4,0,71,96,38,6,IT,1
8.3,5,6,4,3,80,53,43,6,IT,1
9.17,3,5,1,3,22,52,113,5,CIVIL,1
5.6,3,10,0,1,74,8,3,3,CIVIL,1
9.84,1,3,8,0,80,64,98,4,CSE,1
9.07,3,8,8,3,7,52,399,6,CIVIL,1
5.52,6,10,1,1,28,31,314,8,MECH,1
9.87,3,0,3,2,86,39,305,7,IT,1
7.29,5,9,2,2,66,29,135,5,CIVIL,1
5.85,6,4,2,2,85,54,318,3,MECH,1
7.32,5,9,8,1,91,71,298,5,ECE,1
7.89,4,5,2,0,3,9,86,1,IT,1
8.93,0,8,1,1,0,0,467,5,MECH,1
9.32,5,6,4,2,47,54,198,6,MECH,1
7.36,1,6,8,2,76,94,44,3,MECH,1
8.65,4,8,4,3,84,74,296,2,MECH,1
9.73,3,9,3,2,81,77,122,8,CIVIL,1
6.01,6,10,8,1,52,63,349,3,ECE,1
7.3,3,8,4,2,37,73,125,1,ECE,1
7.07,1,7,4,1,23,15,10,7,CSE,1
7.32,5,3,1,1,3,45,426,4,CIVIL,1
6.52,1,7,3,1,41,69,49,6,MECH,1
7.83,4,2,3,2,84,30,270,1,CSE,0
5.99,6,10,0,3,3,84,410,6,MECH,1
5.94,6,0,3,1,37,46,489,3,IT,1
9.76,1,6,5,0,92,71,284,3,ECE,1
8.64,0,7,1,0,44,24,127,1,CIVIL,1
8.17,3,8,5,2,44,20,271,8,IT,1
8.4,5,10,4,1,52,20,32,6,MECH,1
7.56,2,7,4,2,39,83,274,7,IT,1
9.61,3,8,5,0,60,98,253,8,MECH,1
6.71,0,6,4,1,50,15,146,1,ECE,1
9.2,6,4,2,3,1,67,475,1,IT,1
9.86,1,8,5,2,90,84,234,2,IT,1
7.57,1,9,4,1,21,93,227,5,ECE,1
7.75,1,6,0,0,80,97,115,2,CSE,1
9.05,6,3,7,1,30,5,292,7,CIVIL,1
9.55,2,8,6,0,98,31,235,1,ECE,1
6.66,1,4,1,3,11,60,161,2,MECH,1
9.18,5,6,5,1,57,7,292,2,CIVIL,1
8.23,2,9,6,3,73,57,146,3,CSE,1
7.95,4,3,2,1,99,100,236,8,CIVIL,1
7.29,5,9,7,3,45,85,493,2,MECH,1
8.51,2,10,3,0,36,94,330,7,IT,1
8.53,6,9,3,0,68,82,326,1,CSE,1
6.01,4,10,6,1,37,85,113,7,ECE,1
9.09,2,4,4,0,75,80,325,3,CIVIL,1
8.84,3,3,8,3,15,83,66,8,CSE,1
7.33,3,4,1,1,53,17,205,6,CSE,1
7.92,6,0,0,1,97,90,157,2,MECH,1
8.37,2,3,1,0,4,37,7,7,ECE,1
7.76,5,1,7,0,43,47,27,4,ECE,1
5.55,3,6,8,3,11,19,431,1,MECH,1
7.63,6,5,3,2,53,70,339,7,MECH,1
8.32,6,4,6,0,5,68,191,2,IT,1
8.83,2,9,0,2,29,96,497,4,MECH,1
6.49,3,7,3,2,56,75,453,1,ECE,1
8.36,5,5,2,0,46,52,199,3,MECH,1
9.83,4,10,2,2,68,33,103,3,MECH,1
7.06,1,4,1,1,11,82,351,6,ECE,1
9.07,0,9,3,1,32,75,158,1,MECH,1
9.45,4,0,7,2,67,45,363,4,ECE,1
6.23,2,4,1,1,20,53,68,3,MECH,1
9.99,1,9,4,1,80,86,235,1,ECE,1
7.54,0,9,5,2,61,32,454,3,ECE,1
6.52,4,8,8,2,20,89,300,8,MECH,1
9.47,0,6,6,3,12,83,342,3,CIVIL,1
7.63,3,9,4,1,35,21,463,2,MECH,1
7.83,6,10,4,3,86,47,212,5,ECE,1
7.63,4,5,1,0,55,1,243,2,IT,1
9.8,4,4,6,0,46,85,251,7,MECH,1
6.54,6,0,1,3,78,84,334,1,CSE,1
9.05,6,2,3,0,50,73,21,7,CSE,1
6.62,4,9,0,2,85,84,370,4,IT,1
8.67,0,5,6,0,34,89,455,6,CIVIL,1
8.7,5,8,1,3,18,83,482,3,ECE,1
7.24,5,2,0,2,67,87,489,7,MECH,1
9.16,4,8,2,1,60,38,93,2,CIVIL,1
6.96,4,0,3,1,90,51,176,5,MECH,1
6.05,3,2,6,0,10,27,247,6,ECE,1
8.19,4,1,3,1,8,70,201,8,CSE,1
7.79,6,0,1,3,100,51,427,6,IT,1
9.56,2,10,2,0,84,7,305,3,CSE,1
8.43,5,0,2,0,50,20,451,2,CIVIL,1
6.5,1,9,7,3,83,17,352,6,MECH,1
8.41,1,6,1,3,73,82,125,8,CSE,1
8.35,3,8,3,2,57,72,219,1,CIVIL,1
9.94,3,7,8,0,33,64,450,6,CIVIL,1
7.41,4,9,3,0,89,37,310,4,CSE,1
7.04,6,7,2,0,12,0,1,4,MECH,1
6.69,3,7,2,2,56,82,311,1,CSE,1
5.91,1,1,8,1,14,41,275,5,IT,1
8.66,4,0,0,0,73,94,256,2,MECH,1
9.1,6,9,5,0,86,56,267,6,CIVIL,1
7.16,3,7,4,2,87,33,242,4,CSE,1
7.25,6,9,1,0,26,87,406,6,ECE,1
5.93,2,7,6,3,33,20,202,7,IT,1
7.56,4,0,5,2,0,36,39,8,IT,1
9.92,5,1,3,1,83,71,172,4,IT,1
9.81,3,3,4,0,96,64,249,7,ECE,1
7.48,6,3,8,1,56,73,211,5,CSE,1
7.34,0,9,7,1,55,64,289,5,ECE,1
6.4,3,6,7,3,47,74,427,5,CSE,1
9.53,1,7,7,0,44,90,122,7,CSE,1
8.05,0,0,7,1,49,6,429,1,IT,1
9.2,1,3,6,1,45,0,47,1,ECE,1
6.85,2,9,7,3,89,27,176,1,IT,1
8.64,0,7,7,2,78,33,460,7,CSE,1
7.82,4,0,2,2,61,0,192,8,CIVIL,1
8.86,2,4,3,2,56,9,331,8,ECE,1
6.45,3,10,2,0,34,34,61,3,ECE,1
7.02,0,2,3,0,2,3,153,4,MECH,1
6.85,0,7,2,3,68,66,387,6,CIVIL,1
9.51,1,10,3,0,26,17,309,2,MECH,1
6.87,3,10,8,0,78,63,70,7,MECH,1
6.75,5,4,4,1,61,51,137,5,MECH,1
8.76,5,4,0,2,54,97,207,4,CIVIL,1
5.6,1,9,8,1,65,29,193,7,IT,1
9.59,5,1,7,2,42,29,351,7,CIVIL,1
9.08,6,2,1,1,45,36,398,2,MECH,1
7.99,0,3,8,1,74,19,123,3,CSE,1
8.79,4,3,7,3,86,7,41,2,ECE,1
6.59,0,2,5,3,87,61,96,6,ECE,1
7.57,6,3,4,3,94,41,262,6,IT,1
6.73,4,7,0,3,44,15,264,6,ECE,1
5.7,3,0,2,0,58,58,156,1,CIVIL,1
8.21,2,5,1,2,57,18,377,6,CIVIL,1
5.69,3,0,1,0,44,31,282,6,CIVIL,1
5.84,1,9,5,0,96,51,462,5,ECE,1
8.93,4,0,6,3,20,29,157,4,CIVIL,1
6.75,5,1,1,0,1,43,138,5,CSE,0
8.86,5,0,8,2,76,6,210,6,ECE,1
7.99,0,4,7,1,3,34,126,6,IT,1
9.67,0,7,6,2,29,93,390,5,CIVIL,1
6.76,3,9,2,2,14,56,415,1,CIVIL,1
7.19,4,6,3,0,14,88,409,6,CIVIL,1
7.28,4,3,8,3,5,7,380,4,MECH,1
9.68,4,1,7,2,71,61,34,8,CIVIL,1
7.4,1,4,4,2,74,23,255,7,MECH,1
5.54,0,0,8,1,77,71,115,6,ECE,1
6.21,0,0,5,0,44,91,23,4,MECH,1
7.91,5,10,6,1,21,78,442,7,MECH,1
6.64,5,7,3,1,21,35,234,3,ECE,1
8.8,3,9,8,0,91,20,266,7,IT,1
7.64,6,1,8,1,56,41,66,8,MECH,1
8.02,3,3,0,1,24,52,279,2,CSE,1
5.97,4,0,4,2,77,20,173,7,IT,1
7.38,2,1,7,2,47,22,181,2,CIVIL,1
8.76,1,4,2,0,41,8,305,4,CIVIL,1
9.36,6,8,6,1,96,32,459,1,MECH,1
7.59,2,9,5,1,98,35,202,8,CSE,1
9.55,3,9,1,1,100,47,120,1,CSE,1
5.9,0,7,6,1,61,90,179,5,IT,1
9.23,5,3,7,1,34,26,349,3,CSE,1
7.76,1,0,0,2,82,52,22,6,MECH,1
9.9,6,10,3,3,82,82,347,3,ECE,1
7.87,3,8,0,2,0,31,262,8,IT,1
9.22,0,8,8,1,52,3,262,4,ECE,1
6.87,2,2,7,0,100,90,496,6,CSE,1
6.55,1,7,0,0,48,83,289,2,MECH,1
6.04,5,9,1,2,40,59,196,4,CIVIL,1
8.98,1,0,1,2,48,33,210,4,ECE,1
5.83,1,7,7,0,46,97,61,8,ECE,1
7.02,1,5,5,1,71,37,3,1,MECH,1
8.58,5,4,2,2,97,49,370,2,CSE,1
9.76,4,10,8,0,27,48,470,7,CSE,1
6.74,6,3,3,0,35,25,198,2,CIVIL,1
8.36,1,0,8,1,71,99,373,7,MECH,1
8.74,4,10,1,3,16,46,14,2,CSE,1
6.47,6,0,2,3,6,12,144,6,IT,1
6.47,0,1,1,1,82,33,41,2,ECE,1
5.59,5,5,8,1,1,65,333,5,MECH,1
9.38,2,2,0,1,28,32,265,8,CIVIL,1
8.61,3,6,5,3,95,7,333,2,IT,1
9.6,4,7,7,2,13,65,449,8,CIVIL,1
9.2,1,6,8,2,98,39,97,1,CSE,1
7.3,0,4,2,1,31,78,119,1,ECE,1
8.88,2,0,2,1,72,61,197,5,IT,1
9.37,2,1,7,1,13,9,168,6,IT,1
6.7,4,7,3,2,61,69,244,7,CSE,1
6.55,2,6,2,0,6,100,90,1,CIVIL,1
7.32,3,4,6,0,44,28,496,2,MECH,1
9.29,1,0,7,2,100,60,441,8,MECH,1
7.83,2,6,2,2,15,71,211,5,IT,1
7.12,3,6,8,2,85,49,439,4,ECE,1
6.71,3,7,4,0,99,42,345,3,CIVIL,1
9.81,1,8,5,1,42,47,277,4,ECE,1
8.65,5,9,0,2,59,12,172,2,ECE,1
9.64,3,2,8,0,47,66,232,2,MECH,1
6.52,2,7,7,0,44,61,352,6,CSE,1
6.81,3,2,1,0,55,39,202,3,CSE,1
8.67,5,0,6,3,2,84,86,4,CSE,1
9.64,1,1,2,0,34,20,106,3,CIVIL,1
6.06,1,6,2,1,14,49,284,6,IT,1
6.06,3,6,6,3,88,76,31,4,CSE,1
9.64,1,6,0,0,81,4,452,1,IT,1
9.47,5,2,7,3,64,47,404,5,CIVIL,1
6.3,6,8,0,1,70,40,157,1,CIVIL,1
8.33,4,1,3,1,8,69,208,7,CIVIL,1
8.63,5,9,2,0,59,67,114,4,ECE,1
6.11,5,7,4,0,53,39,279,2,ECE,1
10.0,6,9,2,3,45,92,11,7,IT,1
9.22,6,3,5,1,84,54,207,1,ECE,1
8.91,4,6,8,3,27,32,303,6,CSE,1
6.45,2,2,2,1,100,30,315,3,CSE,1
9.88,1,5,1,2,47,76,214,6,MECH,1
5.94,2,4,0,0,14,70,393,2,CSE,1
6.65,2,8,1,1,94,3,416,1,CSE,1
8.93,2,4,7,1,48,0,409,2,CIVIL,1
6.39,5,0,5,0,51,80,224,8,MECH,1
8.63,3,5,5,0,4,38,43,1,MECH,1
8.07,5,6,8,0,72,47,340,3,MECH,1
5.96,2,1,4,3,41,4,412,5,CSE,1
9.93,6,6,8,0,67,63,17,1,CSE,1
8.23,0,0,4,2,71,19,360,8,IT,1
5.82,1,9,0,3,49,8,3,4,IT,1
5.85,6,5,8,0,63,21,196,4,IT,1
5.92,6,1,7,0,67,82,152,8,IT,1
7.39,0,5,8,2,52,56,473,2,MECH,1
7.38,3,10,2,3,55,47,341,4,MECH,1
7.84,5,4,2,1,17,80,25,8,ECE,1
9.63,4,2,6,1,4,87,101,5,IT,1
8.47,6,0,0,2,98,28,465,3,MECH,1
8.54,2,9,1,1,2,28,241,1,MECH,1
6.85,6,1,8,2,16,1,349,2,CSE,1
6.26,6,6,2,1,85,95,427,5,ECE,1
8.16,5,2,6,3,0,71,50,5,IT,1
8.24,6,2,5,3,86,48,405,2,MECH,1
7.79,1,9,5,1,94,25,41,1,CIVIL,1
6.33,4,9,3,2,13,63,9,7,ECE,1
8.25,6,9,1,3,28,77,307,3,MECH,1
5.97,5,4,8,2,61,68,216,4,ECE,1
9.86,2,2,7,3,37,94,12,1,MECH,1
8.56,6,10,6,3,100,100,394,5,IT,1
9.27,1,9,7,3,31,94,225,7,MECH,1
8.96,5,5,1,2,94,93,304,4,ECE,1
9.37,1,2,7,2,47,54,125,4,ECE,1
9.68,2,2,2,0,18,79,404,4,CSE,1
6.22,2,0,8,0,23,44,107,6,ECE,1
6.72,3,7,3,3,42,58,139,6,IT,1
8.34,4,8,5,1,17,64,304,7,ECE,1
7.02,4,1,2,3,52,45,268,8,MECH,1
9.7,4,1,5,0,87,90,292,8,CSE,1
9.69,4,3,8,0,34,50,64,2,CIVIL,1
9.5,3,2,8,2,90,13,130,4,CSE,1
8.57,1,5,3,2,26,32,472,5,IT,1
7.03,0,6,6,0,76,75,244,1,CSE,1
9.4,5,6,0,1,16,2,155,6,CSE,1
8.94,5,10,3,2,20,94,56,6,CSE,1
6.84,2,1,3,1,89,16,489,1,MECH,1
8.14,1,9,7,1,10,71,82,2,ECE,1
5.67,0,8,6,2,45,53,382,3,MECH,1
8.37,2,9,5,0,22,25,367,3,CSE,1
8.61,1,3,0,0,41,72,199,7,CSE,1
6.24,5,10,1,0,73,65,216,2,CIVIL,1
8.44,5,3,1,0,73,87,90,4,IT,1
5.72,6,10,2,1,66,91,72,4,CSE,1
8.38,5,9,5,1,100,68,272,7,CIVIL,1
9.4,1,1,8,1,10,29,38,5,IT,1
8.28,1,3,4,2,40,30,492,3,CSE,1
9.51,2,7,3,2,92,41,279,5,ECE,1
7.8,3,6,2,3,88,69,204,1,ECE,1
9.16,5,5,4,0,54,72,112,1,MECH,1
9.64,4,7,2,1,3,44,394,2,CIVIL,1
5.67,1,4,8,3,47,90,457,5,CSE,1
9.78,6,9,1,3,21,41,279,2,CSE,1
6.08,0,4,5,1,67,94,484,7,CIVIL,1
8.73,1,1,4,3,20,50,122,7,CIVIL,1
6.44,3,5,5,2,77,4,419,3,IT,1
7.02,6,4,2,1,72,46,323,1,CSE,1
6.23,3,2,0,3,7,33,270,7,MECH,1
5.88,5,9,2,0,42,77,317,7,CSE,1
9.82,5,9,0,2,64,100,448,8,IT,1
6.94,2,8,6,3,33,52,198,8,MECH,1
6.07,0,5,2,0,34,72,0,7,IT,1
8.08,4,4,6,0,36,70,166,6,CSE,1
7.42,6,3,6,2,26,29,14,1,IT,1
7.44,5,5,2,1,17,60,85,4,CIVIL,1
5.85,0,6,7,1,28,63,215,7,MECH,1
9.16,0,0,0,1,66,70,391,4,CIVIL,1
7.95,1,4,3,0,80,55,215,6,CIVIL,1
7.65,1,3,6,2,14,75,142,8,IT,1
9.14,6,6,0,0,19,96,42,4,MECH,1
6.46,3,4,6,1,63,87,425,1,CSE,1
9.2,0,2,3,2,59,18,344,1,IT,1
8.16,0,8,2,2,81,42,438,1,IT,1
9.75,0,1,6,2,1,54,228,7,CSE,1
7.43,0,0,2,1,73,81,169,1,MECH,1
9.46,2,5,4,0,17,38,269,6,ECE,1
8.94,2,8,3,3,38,6,280,7,IT,1
6.47,0,7,7,1,78,89,471,6,ECE,1
9.59,5,6,7,2,100,85,487,4,MECH,1
6.51,3,1,1,0,9,4,61,6,ECE,1
6.56,1,0,3,3,57,86,234,1,IT,1
6.94,4,0,2,1,96,98,336,8,MECH,1
8.59,6,10,0,0,76,30,313,5,IT,1
7.81,2,9,4,2,39,68,367,4,CSE,1
8.01,4,2,8,0,53,40,52,2,MECH,1
7.32,6,7,5,1,92,51,354,7,ECE,1
7.4,2,5,5,1,5,6,34,3,CSE,1
8.96,5,3,7,0,54,46,94,1,MECH,1
8.91,4,6,8,0,34,76,45,1,ECE,1
6.84,5,6,4,3,83,15,324,3,ECE,1
7.09,0,2,2,3,54,36,13,4,MECH,1
6.78,4,10,5,2,2,74,223,4,ECE,1
7.94,1,6,5,1,7,76,350,5,MECH,1
8.43,5,0,2,0,85,63,324,6,CIVIL,1
6.17,1,6,3,1,67,52,404,5,IT,1
9.4,4,0,2,3,86,23,367,2,ECE,1
6.17,1,8,8,2,8,29,431,7,CSE,1
7.68,1,2,0,2,54,25,102,4,IT,0
7.43,2,4,7,0,5,61,113,8,CSE,1
9.44,6,5,6,3,57,55,193,6,IT,1
8.4,4,1,3,0,97,67,418,4,MECH,1
8.79,1,2,7,3,52,66,394,6,IT,1
8.98,0,8,3,0,61,31,236,2,CSE,1
6.72,4,6,7,1,70,30,427,7,ECE,1
9.52,1,0,3,2,73,60,369,6,IT,1
5.72,2,4,3,1,59,65,395,8,MECH,1
6.53,1,7,4,0,69,90,313,3,IT,1
9.8,2,10,1,2,25,49,337,6,CSE,1
7.53,0,0,5,3,85,55,271,2,CSE,1
8.44,5,6,7,1,54,98,316,1,CSE,1
9.63,3,3,5,0,9,31,449,4,MECH,1
6.48,1,10,6,1,85,16,410,4,MECH,1
9.72,0,8,7,2,21,14,64,2,MECH,1
5.99,2,6,1,1,13,4,395,2,ECE,1
7.42,2,8,3,1,36,19,29,1,ECE,1
8.49,6,5,1,3,88,42,36,1,ECE,1
5.52,4,1,1,2,73,89,470,1,MECH,1
8.76,1,2,8,2,73,87,321,7,CIVIL,1
7.15,5,9,7,1,70,63,33,3,MECH,1
6.01,1,0,6,0,92,28,95,2,CSE,1
8.78,1,9,2,3,82,33,373,8,MECH,1
9.41,1,2,6,1,59,11,27,1,CIVIL,1
6.88,1,1,8,1,25,32,218,5,CIVIL,1
6.03,2,5,3,0,22,1,219,3,IT,1
8.42,0,9,3,1,27,53,83,5,IT,1
8.9,5,6,1,1,5,45,439,2,ECE,1
9.0,0,7,5,2,82,16,166,7,MECH,1
9.91,5,7,7,0,49,88,106,3,ECE,1
8.71,1,9,1,3,96,15,323,2,IT,1
8.97,0,5,2,1,22,91,182,6,CSE,1
8.17,2,5,7,0,23,90,16,5,IT,1
9.89,1,8,6,2,87,99,401,5,CIVIL,1
6.5,5,7,8,3,13,11,256,8,CIVIL,1
9.16,3,3,3,2,30,41,181,5,CSE,1
6.85,6,7,1,3,71,48,157,5,MECH,1
8.58,2,7,3,0,28,6,39,5,MECH,1
9.19,6,8,4,3,91,94,494,4,CIVIL,1
5.92,6,7,4,2,79,44,303,4,MECH,1
9.0,5,0,5,1,97,0,487,5,CSE,1
9.03,3,10,4,2,51,61,437,1,CIVIL,1
6.28,6,5,4,2,12,46,294,3,ECE,1
9.66,3,7,2,1,27,8,22,7,CSE,1
5.54,4,2,5,2,38,80,232,8,MECH,1
5.62,5,2,0,0,81,6,204,3,MECH,1
7.59,2,10,0,1,41,90,100,2,CIVIL,1
9.42,0,7,7,3,60,65,249,7,CSE,1
7.93,2,7,5,0,52,19,355,1,CIVIL,1
6.25,5,3,3,2,55,70,428,7,MECH,1
7.83,1,3,7,3,9,1,494,6,MECH,1
7.16,0,5,3,2,53,77,280,2,ECE,0
9.63,4,7,8,0,42,38,223,8,CIVIL,1
7.8,2,8,8,2,67,45,432,4,MECH,1
8.83,2,0,1,1,82,32,219,6,CSE,1
6.32,3,2,6,3,25,42,328,5,ECE,1
8.99,3,5,1,0,7,17,311,8,ECE,1
6.68,1,3,5,1,98,97,26,2,CSE,1
7.68,0,10,1,1,65,75,96,3,CSE,1
7.77,3,8,2,0,1,15,89,3,MECH,1
6.77,3,6,8,1,88,96,167,6,CSE,1
8.76,2,6,6,1,5,39,219,2,IT,1
6.9,5,5,0,0,14,77,177,2,IT,1
8.48,5,10,4,0,1,67,354,8,IT,1
8.26,1,7,8,1,26,24,345,6,MECH,1
8.96,5,4,6,2,64,81,277,8,CIVIL,1
8.15,3,1,7,3,46,99,39,7,CSE,1
8.85,0,2,8,3,32,64,329,2,CIVIL,1
7.31,2,4,6,0,40,4,276,7,CIVIL,1
8.95,2,10,2,0,42,3,121,2,CIVIL,1
5.93,4,3,0,2,7,14,83,8,MECH,1
7.8,6,3,4,3,46,34,427,1,CIVIL,1
7.45,0,4,8,1,19,14,81,5,ECE,1
7.11,4,5,7,0,38,9,104,1,CIVIL,1
5.73,4,6,8,1,67,45,461,5,IT,1
6.82,6,7,4,1,10,69,12,5,IT,1
9.04,3,5,3,2,62,35,94,7,MECH,1
7.28,3,10,8,2,14,45,315,8,ECE,1
5.66,2,3,8,2,0,30,303,6,ECE,1
6.93,5,6,4,0,13,24,436,2,IT,1
6.9,0,6,2,0,30,35,436,4,ECE,1
9.02,3,5,0,3,49,90,377,7,IT,1
9.5,3,5,1,3,25,95,104,8,ECE,1
5.94,6,8,1,3,62,78,16,6,CIVIL,1
8.04,5,9,1,2,57,53,71,7,CSE,1
6.6,0,4,5,0,27,9,355,2,CSE,1
6.71,5,4,0,1,48,34,337,3,MECH,1
8.49,5,1,6,2,57,3,311,1,CIVIL,1
8.61,0,10,1,0,58,23,197,5,IT,1
7.01,1,9,0,1,67,6,207,4,IT,1
6.83,1,9,2,1,86,15,383,2,CSE,1
8.31,6,7,2,1,18,4,16,8,MECH,1
6.2,0,4,6,3,99,55,230,6,ECE,1
7.16,6,4,1,1,16,11,85,3,ECE,1
5.69,0,3,6,2,71,8,438,4,IT,1
5.9,2,0,3,3,78,97,35,8,CSE,1
8.47,2,3,6,2,41,50,252,6,CSE,1
8.13,4,0,7,0,60,56,443,2,IT,1
7.4,4,0,0,3,11,97,496,4,CIVIL,1
7.43,0,1,8,2,58,16,140,5,IT,1
8.28,2,0,5,3,18,61,101,7,IT,1
5.64,5,9,6,2,30,59,5,7,MECH,1
6.17,5,0,7,2,87,33,151,8,IT,1
8.71,0,3,8,2,2,15,319,3,IT,1
7.74,6,0,2,0,26,43,495,8,MECH,1
9.71,3,7,6,2,9,86,66,1,CSE,1
7.35,0,2,7,1,99,30,303,1,ECE,1
6.12,4,2,1,1,19,56,372,5,CIVIL,1
6.44,6,9,0,2,13,27,112,8,IT,1
7.58,5,8,5,1,54,86,7,4,CSE,1
8.44,5,5,7,0,51,99,188,6,ECE,1
7.58,2,9,3,3,100,30,43,6,CSE,1
5.53,6,2,2,3,49,3,236,4,IT,1
5.7,5,4,1,0,89,27,130,5,CIVIL,1
8.07,5,2,2,2,58,23,146,2,IT,1
9.58,6,3,5,3,36,9,373,6,IT,1
7.81,3,2,2,2,53,58,348,8,MECH,1
6.87,4,7,1,2,19,30,80,7,CSE,1
5.97,1,4,0,2,22,88,73,3,MECH,1
6.07,3,10,1,3,12,36,370,4,CIVIL,1
7.51,3,8,3,2,44,34,186,3,ECE,1
8.42,2,8,6,3,81,73,42,6,ECE,1
6.15,5,8,1,1,34,30,418,5,IT,1
8.11,1,8,0,3,83,33,405,7,CIVIL,1
6.42,6,2,7,3,87,33,137,1,MECH,1
9.93,2,2,0,3,93,76,125,3,MECH,1
9.34,1,0,2,1,29,100,113,8,ECE,1
7.89,3,7,0,1,84,59,206,6,CSE,1
8.76,0,5,7,1,37,12,187,2,ECE,1
6.85,4,10,4,1,21,12,462,6,CIVIL,1
6.72,4,10,5,3,21,68,144,2,IT,1
8.92,3,5,8,0,7,86,219,8,CIVIL,1
6.73,3,4,5,2,84,94,156,7,MECH,1
7.07,1,8,8,3,34,37,225,4,CSE,1
6.88,3,9,6,2,47,51,439,2,IT,1
8.94,3,0,3,0,53,1,78,3,CIVIL,0
8.88,4,6,5,3,47,42,289,3,CSE,1
7.88,2,6,5,3,3,91,341,3,CIVIL,1
9.53,1,10,2,1,63,60,362,2,CIVIL,1
6.6,5,10,6,0,41,57,422,2,MECH,1
6.63,4,8,7,0,7,78,378,1,ECE,1
7.38,5,9,1,2,57,68,400,6,IT,1
9.16,0,8,6,3,21,92,419,4,MECH,1
8.14,3,7,6,1,76,43,309,7,CIVIL,1
9.19,6,9,7,3,76,69,13,7,ECE,1
8.49,1,6,7,0,68,62,369,6,ECE,1
9.97,0,7,2,3,98,87,231,3,IT,1
9.22,2,6,1,2,93,24,162,1,MECH,1
6.92,6,5,2,1,76,73,393,6,CIVIL,1
8.43,6,3,2,2,46,33,218,7,MECH,1
5.85,5,9,0,3,43,3,54,8,CSE,1
8.52,1,6,3,1,18,6,267,2,MECH,1
6.47,1,9,3,1,0,92,49,7,CSE,1
5.76,1,7,0,1,66,100,136,8,IT,1
9.78,5,2,0,0,6,38,230,6,ECE,1
8.1,3,3,2,3,3,55,296,4,MECH,1
8.61,6,6,7,3,49,16,447,2,MECH,1
8.2,1,1,1,1,69,91,29,1,ECE,0
6.92,3,3,6,2,74,68,157,8,MECH,1
5.82,3,3,4,3,62,15,330,4,CIVIL,1
9.89,2,9,1,3,30,91,207,5,ECE,1
6.86,2,10,1,1,3,91,110,3,CSE,1
6.6,3,3,3,0,62,75,317,2,ECE,1
9.98,2,4,5,0,72,98,43,3,ECE,1
9.5,2,10,6,0,63,62,435,5,MECH,1
5.89,3,3,6,3,28,96,294,8,CIVIL,1
9.81,2,2,6,2,19,35,259,2,IT,1
6.07,0,0,6,3,32,14,370,5,ECE,1
9.25,0,1,5,1,38,74,63,5,CIVIL,1
5.73,5,3,1,2,54,53,145,7,IT,1
7.74,4,7,5,0,48,43,243,3,MECH,1
6.19,0,8,7,3,20,53,27,8,ECE,1
6.83,0,7,8,0,41,71,188,2,CIVIL,1
7.73,3,1,2,2,84,23,89,7,CSE,1
9.27,2,7,5,3,19,78,105,4,ECE,1
6.49,2,7,3,3,10,97,219,3,CIVIL,1
5.65,6,0,0,3,33,13,190,7,ECE,1
7.49,2,7,5,1,11,100,151,8,IT,1
8.71,4,3,3,1,38,7,436,8,ECE,1
6.09,0,9,5,2,33,34,29,2,CSE,1
6.64,2,2,7,1,64,16,355,5,CIVIL,1
9.64,3,5,8,2,100,0,422,4,IT,1
9.84,6,3,1,1,23,64,140,8,CIVIL,0
9.95,1,10,5,2,81,29,361,2,CIVIL,1
8.4,4,2,8,0,50,94,217,3,CSE,1
9.39,6,3,5,1,90,14,158,3,CSE,1
8.02,5,8,5,1,64,14,165,1,CIVIL,1
7.04,2,4,4,2,16,76,247,2,CIVIL,1
9.17,2,8,4,3,61,39,495,7,CIVIL,1
7.34,3,10,4,2,77,19,311,1,CSE,1
8.49,2,3,6,1,52,81,444,1,ECE,1
7.73,3,10,2,3,91,51,136,1,CIVIL,1
6.35,0,6,6,3,25,88,248,6,CIVIL,1
5.74,4,6,8,2,88,23,133,6,IT,1
9.81,3,4,2,0,57,61,36,5,MECH,1
8.57,3,6,3,2,66,63,164,2,IT,1
9.12,3,10,2,1,61,57,15,5,ECE,1
9.47,1,2,5,1,53,30,79,5,IT,1
7.23,6,1,1,2,75,21,56,8,ECE,1
7.04,1,9,6,2,16,44,133,6,MECH,1
7.59,2,6,3,2,40,4,232,7,MECH,1
7.07,0,2,5,1,81,82,408,8,ECE,1
7.69,2,8,3,2,57,72,131,8,CSE,1
7.9,5,7,3,1,90,79,356,4,MECH,1
8.65,3,9,4,0,77,18,454,3,CSE,1
5.85,3,0,0,3,20,4,465,7,IT,1
8.49,0,10,1,3,98,45,414,2,CSE,1
5.85,2,3,3,2,22,62,31,4,CSE,1
6.85,5,7,5,2,100,59,259,3,CIVIL,1
7.57,3,3,3,1,10,93,251,8,MECH,1
6.96,6,4,7,0,17,31,172,7,ECE,1
8.56,6,1,8,2,0,19,114,6,ECE,1
9.53,2,10,8,1,27,96,116,2,ECE,1
9.87,6,5,7,3,1,8,401,7,CIVIL,1
8.58,0,3,5,0,43,60,460,7,CSE,1
7.61,3,4,4,2,34,2,34,8,CIVIL,1
9.85,0,1,4,1,63,26,92,8,IT,1
7.76,1,6,2,2,23,86,457,8,MECH,1
7.19,0,0,8,3,69,39,362,4,CIVIL,1
8.08,4,5,7,0,1,42,438,5,CSE,1
7.87,0,0,3,1,79,50,261,5,IT,1
6.94,6,8,7,3,71,88,318,4,IT,1
5.62,1,3,1,0,41,20,203,4,MECH,1
8.16,6,1,5,3,0,94,98,3,ECE,1
7.94,0,8,4,1,98,93,60,8,IT,1
6.85,3,4,5,0,53,8,415,6,IT,1
8.06,2,0,0,3,58,43,241,4,CSE,1
5.63,0,4,3,3,39,5,89,1,CIVIL,1
6.19,1,10,4,1,46,52,497,5,MECH,1
5.8,2,4,7,2,84,43,239,5,ECE,1
9.04,6,8,1,2,27,47,490,8,ECE,1
8.58,5,2,3,2,28,47,317,1,CSE,1
9.49,6,1,6,0,0,56,428,7,ECE,1
6.02,4,6,5,3,20,30,275,3,MECH,1
7.25,0,8,8,3,9,23,261,2,CSE,1
7.11,3,8,4,1,46,30,238,1,MECH,1
6.72,3,9,0,0,12,74,485,7,ECE,1
7.04,2,3,6,2,88,32,56,5,IT,1
6.52,5,8,2,2,52,27,179,4,ECE,1
9.9,6,3,6,3,44,37,322,4,MECH,1
7.54,6,2,8,0,72,56,11,6,IT,1
5.59,2,9,2,3,93,94,475,8,ECE,1
6.18,6,7,3,3,85,23,201,3,CSE,1
9.21,5,2,1,1,67,86,300,4,IT,1
9.65,1,2,4,3,56,78,87,2,IT,1
8.27,3,4,7,3,92,13,169,5,IT,1
9.31,6,10,2,1,56,99,405,1,IT,1
9.82,2,9,3,0,95,49,488,7,MECH,1
6.78,1,9,3,3,74,65,144,2,MECH,1
9.56,6,6,3,2,56,11,98,8,CSE,1
5.59,5,5,4,2,79,95,186,1,MECH,1
6.87,0,8,8,3,21,57,155,1,CSE,1
8.96,4,1,1,0,66,56,261,3,CSE,1
5.99,5,7,1,2,23,75,377,7,MECH,1
8.1,5,10,2,0,43,26,129,6,ECE,1
6.74,3,8,0,2,51,13,68,6,ECE,0
7.31,5,9,5,2,25,91,312,3,MECH,1
7.31,2,8,6,2,43,35,301,7,CIVIL,1
6.89,1,3,4,3,51,8,136,5,CIVIL,1
9.39,3,4,2,0,31,3,56,5,CIVIL,1
8.51,0,2,1,1,93,63,42,2,MECH,1
9.54,6,9,6,3,27,19,75,6,CIVIL,1
5.51,3,6,1,3,77,95,456,6,ECE,1
5.97,6,3,4,3,67,46,307,3,MECH,1
6.66,6,6,6,0,37,34,111,8,ECE,1
6.85,5,8,3,2,13,50,128,1,IT,1
8.25,2,10,4,3,43,58,108,6,CIVIL,1
8.37,2,4,5,2,15,12,356,6,ECE,1
7.05,4,5,0,2,10,45,205,5,IT,1
7.49,4,6,2,0,58,42,13,6,ECE,1
6.47,4,2,1,1,38,99,326,2,MECH,1
6.16,1,5,7,0,15,7,287,4,ECE,1
8.74,4,0,5,0,73,3,220,1,IT,1
9.36,1,7,5,2,62,25,370,4,IT,0
6.12,4,10,3,0,78,19,102,4,MECH,1
9.58,0,5,3,3,63,66,374,3,IT,1
9.52,6,10,1,1,35,70,382,2,CSE,1
7.18,3,0,3,1,42,61,233,7,MECH,1
8.21,2,6,7,3,90,65,420,5,CIVIL,1
5.59,5,7,0,1,48,23,114,3,CIVIL,1
5.86,4,4,4,2,42,75,199,1,ECE,1
9.42,0,8,7,0,13,99,435,8,CSE,1
8.03,5,1,1,1,11,71,289,8,CIVIL,1
6.02,6,3,6,0,89,84,407,5,CSE,1
9.44,5,2,6,3,21,49,313,4,CIVIL,1
9.59,1,5,6,1,44,62,303,6,IT,1
6.36,6,3,1,1,32,54,160,4,IT,1
9.61,6,5,1,0,66,0,368,8,MECH,1
7.55,6,6,8,1,45,56,11,3,MECH,1
9.23,4,4,6,2,79,7,122,4,IT,1
9.13,2,3,7,3,19,39,486,5,CIVIL,1
6.74,4,10,8,1,33,8,411,7,IT,1
6.86,5,3,3,3,21,76,458,1,MECH,1
9.78,3,3,3,1,22,19,184,4,IT,1
7.39,6,0,1,3,67,82,197,8,CSE,1
5.74,2,7,8,2,40,7,226,8,CSE,1
7.04,3,7,5,1,26,43,384,2,MECH,1
9.42,1,7,3,2,82,18,185,1,MECH,1
8.29,3,10,5,0,40,81,112,5,ECE,1
9.05,4,2,3,1,49,85,30,4,IT,1
9.77,5,0,2,1,75,52,53,1,IT,1
6.37,2,2,8,2,64,34,86,2,IT,1
8.13,3,10,0,0,35,82,103,6,IT,1
8.46,0,6,8,0,67,93,309,8,MECH,1
5.52,4,10,8,2,82,2,388,8,CIVIL,1
8.77,6,10,8,1,91,79,183,5,CSE,1
8.88,3,8,6,3,76,15,86,2,MECH,1
8.26,1,8,6,2,69,9,381,6,IT,1
9.01,5,9,2,3,80,67,388,1,MECH,1
6.85,1,0,6,2,21,35,55,1,CSE,1
8.38,5,5,0,3,45,52,412,3,IT,1
9.69,6,3,5,1,43,88,458,6,MECH,1
8.18,4,3,0,0,4,63,276,5,ECE,1
7.73,2,10,6,1,42,94,277,2,MECH,1
8.75,4,1,7,1,90,94,394,3,MECH,1
8.12,4,3,7,1,62,29,258,1,CIVIL,1
7.45,6,7,4,1,1,64,443,6,CSE,1
9.86,3,8,1,2,34,94,152,7,MECH,1
8.1,2,5,4,2,99,68,432,2,ECE,1
7.78,4,0,3,3,8,84,368,5,IT,1
5.52,1,1,4,0,41,48,274,2,CSE,1
9.61,5,6,0,2,17,60,214,7,ECE,1
7.35,6,4,2,0,33,63,366,4,ECE,1
9.52,6,5,8,0,23,9,222,1,IT,1
5.53,4,2,1,1,25,76,118,7,IT,1
8.68,5,8,4,1,88,10,328,3,ECE,1
9.38,3,2,2,1,84,52,72,6,ECE,1
6.31,5,1,5,2,99,50,205,1,CIVIL,1
6.65,3,6,6,3,22,50,394,5,ECE,1
8.18,5,4,1,3,94,41,57,6,CSE,1
8.0,0,7,1,0,95,17,451,8,CIVIL,1
6.1,3,3,8,3,79,17,282,2,IT,1
6.08,4,2,1,3,27,11,384,1,MECH,1
6.9,5,1,1,1,82,65,165,3,IT,1
9.89,6,5,5,2,26,85,262,3,ECE,1
9.5,4,6,7,2,33,77,258,6,IT,1
9.98,6,5,7,2,50,46,178,5,CSE,1
8.81,5,9,2,0,13,74,135,2,CIVIL,1
6.17,1,4,7,2,32,81,241,2,CSE,1
5.52,2,9,7,1,53,28,333,6,CSE,1
8.49,6,6,5,3,97,47,244,5,CIVIL,1
8.39,6,10,4,2,81,84,402,1,MECH,1
8.6,5,2,4,1,80,54,226,1,MECH,1
7.41,3,0,0,0,66,65,474,2,MECH,1
6.44,4,9,1,0,23,12,138,3,ECE,1
6.4,3,5,8,3,2,36,111,4,IT,1
7.94,5,2,7,2,0,42,250,4,CIVIL,1
7.39,4,6,7,0,32,52,63,3,IT,1
7.13,2,2,6,0,66,21,18,2,CIVIL,1
9.91,5,0,4,3,72,77,70,8,ECE,1
7.14,1,10,8,0,55,74,7,4,ECE,1
9.36,5,6,5,2,76,72,460,2,IT,1
9.81,1,10,0,2,89,75,123,7,CSE,1
9.42,5,2,1,2,61,21,371,4,CIVIL,1
8.05,1,1,7,3,94,15,265,6,CIVIL,1
8.41,6,2,6,1,89,22,211,5,ECE,1
7.96,6,10,0,1,10,44,326,4,CIVIL,1
5.97,1,6,2,1,93,12,265,5,MECH,1
8.69,1,4,6,2,76,40,122,2,CSE,1
9.78,6,1,4,1,66,0,471,5,CIVIL,1
5.72,0,0,5,2,9,92,495,7,IT,1
5.74,2,2,1,1,61,87,252,1,MECH,1
8.81,5,2,6,2,63,83,337,8,IT,1
6.88,2,1,3,1,49,22,355,8,IT,1
7.04,1,4,2,0,12,36,313,3,CIVIL,1
9.72,1,4,7,3,46,65,281,8,ECE,1
8.63,3,4,3,3,89,96,143,4,ECE,1
8.57,3,4,5,3,49,34,183,3,CIVIL,1
6.08,1,4,8,0,90,66,149,5,IT,1
9.07,3,4,4,3,94,73,433,8,ECE,1
7.15,0,0,3,2,38,74,312,4,IT,1
5.67,3,9,7,0,6,7,232,2,IT,1
8.97,0,8,1,2,16,3,54,7,ECE,1
9.1,6,7,2,1,46,59,408,3,IT,1
9.47,4,6,2,3,27,88,267,8,IT,1
8.76,6,4,4,1,20,76,364,1,ECE,1
6.9,6,2,5,0,24,92,59,2,ECE,1
6.83,4,5,5,2,42,93,245,8,MECH,1
6.35,3,3,8,1,76,83,111,1,CSE,1
9.02,0,6,7,1,98,79,336,5,CIVIL,1
7.23,0,3,3,1,22,82,188,5,ECE,1
9.06,5,4,4,1,11,74,436,4,IT,1
6.13,1,9,4,0,6,60,171,3,CSE,1
9.17,6,10,1,3,46,86,113,6,IT,1
9.28,0,0,1,2,4,30,420,4,ECE,1
7.31,4,10,2,3,44,68,220,8,CSE,1
7.16,3,7,5,1,95,83,270,3,MECH,1
8.46,6,10,4,1,37,48,119,8,IT,1
7.0,1,3,6,2,97,0,143,1,CIVIL,1
6.64,2,5,6,1,1,95,174,4,IT,1
6.84,0,8,0,1,84,83,286,6,CSE,1
9.24,4,3,1,2,85,5,453,8,MECH,1
6.38,1,0,3,3,58,34,297,7,ECE,1
8.73,3,9,6,1,75,65,432,2,MECH,1
6.46,1,1,2,1,99,52,295,8,IT,1
9.77,3,7,7,0,44,40,306,7,IT,1
7.01,5,6,7,0,46,63,351,7,CIVIL,1
7.16,6,3,6,0,49,86,258,7,CIVIL,1
8.41,3,3,0,3,46,45,265,3,ECE,1
8.68,1,9,0,3,37,69,115,7,CSE,1
7.93,6,1,6,0,19,16,345,8,ECE,1
8.22,3,9,6,1,19,96,145,8,IT,1
9.41,0,5,4,0,36,30,435,6,CSE,1
9.43,0,4,6,0,21,23,411,3,CSE,1
6.76,0,8,2,0,7,47,57,5,CSE,1
5.61,5,4,7,2,30,94,377,7,CIVIL,1
5.79,5,8,0,1,37,11,221,5,MECH,1
6.42,1,9,8,0,64,5,493,8,ECE,1
7.86,4,4,1,3,59,42,160,3,MECH,1
9.58,2,10,6,3,0,24,444,3,MECH,1
6.53,0,2,4,3,35,25,8,2,ECE,1
6.36,3,1,5,1,33,95,196,4,ECE,1
5.54,6,6,6,0,48,48,438,4,IT,1
9.32,1,4,5,3,31,44,273,6,ECE,1
7.55,1,0,6,1,23,42,399,2,CIVIL,1
6.91,2,2,8,0,17,18,67,1,CSE,1
7.4,5,6,3,3,50,58,26,7,IT,1
8.27,2,4,5,1,21,6,248,8,ECE,1
5.89,0,1,2,1,70,60,176,6,CSE,1
8.48,5,9,5,2,52,47,228,6,IT,1
7.78,4,8,1,0,11,26,20,1,ECE,1
5.75,4,5,1,3,98,69,123,1,CSE,1
8.62,0,1,3,0,3,80,26,3,CSE,1
7.26,5,3,1,3,47,73,463,7,ECE,1
5.68,0,3,0,0,28,4,437,5,CIVIL,1
6.22,5,7,2,1,14,42,431,3,CSE,1
8.89,3,4,5,0,83,59,471,5,IT,1
6.66,3,5,5,3,33,17,177,1,MECH,1
7.49,1,2,1,1,34,84,1,7,ECE,1
5.69,3,7,4,2,6,65,75,8,MECH,1
8.44,1,8,1,3,42,75,9,3,CSE,1
9.61,0,4,6,3,94,70,323,1,MECH,1
7.97,5,9,1,1,82,45,359,4,ECE,1
8.94,5,10,1,1,60,31,66,3,CSE,1
6.5,4,7,6,0,68,69,475,2,MECH,1
6.03,3,9,3,0,40,37,2,7,MECH,1
7.47,3,3,8,2,76,48,462,1,CIVIL,1
9.48,0,10,3,1,47,15,450,7,ECE,1
6.38,3,9,2,1,67,9,406,6,CSE,1
9.28,3,0,2,1,61,59,256,2,MECH,1
6.93,1,3,5,2,57,9,127,8,IT,1
7.03,6,4,1,0,8,51,175,1,ECE,1
8.86,3,7,1,0,56,60,267,8,CSE,1
8.6,3,9,7,0,34,12,71,1,IT,1
7.2,3,3,7,2,54,54,70,8,ECE,1
7.62,6,6,2,3,31,57,21,6,ECE,1
9.51,0,5,4,2,81,40,343,4,MECH,1
7.15,6,8,6,2,7,44,177,6,ECE,1
5.66,1,5,2,0,60,75,4,4,MECH,1
9.45,2,7,0,0,96,0,441,6,MECH,1
7.32,0,5,2,2,32,11,205,3,CSE,1
8.86,5,2,8,3,41,21,352,5,CSE,1
7.27,3,2,7,1,15,79,143,3,IT,1
7.85,5,5,6,0,60,67,413,5,ECE,1
7.04,5,9,6,3,22,4,477,4,IT,1
7.12,0,1,1,1,59,56,71,4,ECE,1
9.91,6,0,8,3,60,20,7,3,ECE,1
6.57,3,7,6,0,69,40,245,8,MECH,1
9.18,3,8,1,3,41,2,321,1,IT,1
7.05,5,7,2,0,16,75,23,7,IT,1
6.02,2,9,6,0,63,8,25,3,MECH,1
7.26,3,6,4,0,47,60,331,1,IT,1
9.86,1,1,6,0,89,96,85,8,MECH,1
6.84,4,4,8,0,72,31,310,2,MECH,1
5.62,2,5,0,0,62,19,75,6,CSE,1
6.32,5,3,7,0,20,3,28,8,CIVIL,1
8.6,2,10,7,3,14,42,211,3,IT,1
5.8,5,7,8,3,66,24,377,7,MECH,1
9.42,0,7,6,3,45,10,270,7,ECE,1
6.62,0,9,7,3,72,25,218,5,IT,1
8.8,2,8,4,3,64,27,500,1,CIVIL,1
8.44,0,5,6,3,27,66,319,6,CIVIL,0
7.86,4,10,7,1,63,20,20,6,CSE,1
9.65,6,6,2,2,14,48,474,4,IT,1
5.71,2,6,6,2,9,4,285,4,IT,1
6.57,4,6,6,3,19,48,228,1,CIVIL,1
6.43,1,3,5,0,67,79,364,3,CIVIL,1
7.64,1,7,2,0,79,10,345,3,IT,1
6.48,2,1,6,3,71,84,84,3,CSE,1
7.18,4,2,1,0,50,27,300,7,IT,1
5.52,3,2,3,0,17,26,240,5,MECH,1
9.99,4,3,5,3,80,56,398,6,CSE,1
5.57,5,6,8,2,24,15,32,1,CSE,1
8.46,4,9,5,1,97,30,413,2,ECE,1
8.78,3,0,4,1,62,57,418,5,CIVIL,1
5.9,5,4,7,3,45,29,371,6,MECH,1
6.13,6,2,7,2,53,42,41,6,CIVIL,1
8.18,4,3,2,1,8,96,317,2,ECE,1
7.13,3,6,8,2,92,13,338,2,MECH,1
7.69,3,5,5,2,90,75,457,5,ECE,1
8.56,0,3,2,0,65,97,143,6,IT,1
8.78,3,6,3,1,78,85,34,6,IT,1
7.63,4,1,6,1,10,59,470,4,MECH,1
9.11,3,5,8,3,82,71,356,8,CSE,1
9.32,2,1,3,1,74,66,386,4,ECE,1
6.7,6,8,0,1,20,88,365,2,IT,1
7.21,1,1,6,3,99,93,38,5,ECE,1
8.45,4,7,1,1,50,8,295,4,MECH,1
5.9,3,0,4,0,50,10,335,5,IT,1
8.77,1,2,3,2,84,92,326,7,IT,1
8.16,5,5,2,3,24,23,261,3,CSE,1
6.58,2,4,8,1,91,90,254,7,CIVIL,1
6.21,1,2,3,3,82,81,364,4,MECH,1
5.51,3,5,7,1,99,68,213,2,MECH,1
5.83,2,4,1,3,42,0,156,2,ECE,1
7.97,5,8,7,2,59,39,164,6,IT,1
9.51,0,10,0,1,82,71,157,6,ECE,1
7.77,2,4,6,1,16,27,319,2,MECH,1
6.47,0,10,0,1,88,92,343,4,IT,1
7.59,3,3,7,2,61,13,135,3,CIVIL,1
9.62,6,7,1,3,4,52,154,2,IT,1
5.81,1,9,3,3,85,41,48,7,CSE,1
9.98,5,10,5,3,26,100,96,8,CIVIL,1
8.14,4,9,8,3,82,5,358,6,ECE,1
9.24,1,1,5,2,74,10,83,2,CSE,1
8.56,6,4,8,1,16,15,266,4,MECH,1
7.48,5,1,0,1,64,18,14,5,MECH,1
5.67,4,5,0,0,76,59,10,1,IT,1
6.54,2,5,8,2,70,26,8,2,CSE,1
9.72,1,1,7,3,47,54,313,2,IT,1
7.2,4,0,8,1,31,1,39,6,CIVIL,1
7.0,4,4,7,2,78,83,477,7,ECE,1
7.2,0,3,4,2,29,68,485,8,MECH,1
7.64,2,3,8,2,76,29,424,2,IT,1
6.57,4,7,1,0,92,26,403,8,ECE,1
6.3,3,3,8,3,37,0,304,8,CSE,1
6.6,6,7,3,2,57,81,228,4,IT,1
6.2,6,10,6,0,1,35,414,1,IT,1
8.86,0,1,7,1,44,73,372,8,IT,1
9.8,4,5,1,1,22,26,482,1,CSE,1
9.18,2,2,7,2,76,47,388,4,CIVIL,1
8.17,6,7,4,2,70,72,162,4,CIVIL,1
8.26,5,6,8,3,3,46,339,4,CSE,1
7.25,6,1,3,3,92,82,406,5,CSE,1
9.5,0,5,7,1,47,39,105,3,CIVIL,1
7.53,2,8,2,1,88,25,355,8,IT,1
8.03,1,1,2,2,53,89,235,2,CSE,1
8.04,2,6,2,1,25,19,299,2,CIVIL,1
9.94,0,1,1,1,39,73,364,4,CIVIL,1
9.89,3,6,5,0,77,5,320,4,ECE,1
8.91,3,6,2,0,34,82,4,8,IT,1
7.2,0,4,7,0,39,45,104,5,IT,1
5.97,2,6,2,0,66,44,432,2,IT,1
7.36,6,4,0,0,52,97,260,6,MECH,1
9.29,2,2,4,0,84,70,289,7,CSE,1
6.27,2,5,7,0,5,90,490,1,IT,1
6.45,4,0,6,3,68,63,442,7,IT,1
6.67,0,10,4,1,26,51,418,5,MECH,1
6.25,0,1,8,0,86,39,197,8,MECH,1
6.68,1,0,5,2,62,55,413,4,IT,1
7.97,5,7,5,2,29,46,402,7,CIVIL,1
7.52,0,1,7,3,69,12,401,3,CSE,1
7.82,2,8,2,1,0,58,16,4,MECH,1
7.31,0,7,3,0,82,2,383,2,ECE,1
8.36,5,5,6,3,95,16,248,4,MECH,1
8.17,5,4,8,2,60,44,72,6,CSE,1
8.0,3,8,7,3,54,48,85,8,IT,1
8.71,2,9,4,3,92,24,285,7,IT,1
6.62,3,3,3,3,25,28,337,4,MECH,1
7.52,2,7,4,0,7,0,97,4,MECH,1
6.79,0,6,6,2,89,96,190,1,ECE,1
7.66,2,3,3,2,50,17,452,5,CSE,1
6.81,6,10,4,3,78,95,386,3,CSE,1
8.0,3,2,6,1,57,92,440,4,ECE,1
6.98,5,10,7,1,21,93,496,8,IT,1
6.22,5,9,3,0,63,83,398,3,CSE,1
6.06,0,3,1,2,44,28,67,2,CSE,1
9.28,2,2,2,0,62,17,5,5,IT,1
7.31,0,4,0,2,43,83,199,4,MECH,1
9.0,0,4,7,0,47,8,149,7,MECH,1
8.78,4,0,5,1,60,40,358,4,IT,1
7.35,6,2,8,3,45,78,489,8,MECH,1
9.59,3,8,2,0,90,73,329,1,CSE,1
7.3,5,4,0,1,59,87,238,8,CSE,1
7.2,4,8,2,3,39,40,285,1,MECH,1
9.52,4,1,7,3,50,52,171,1,ECE,1
7.99,5,10,1,2,23,5,153,3,MECH,1
8.39,4,1,3,3,55,55,206,4,ECE,1
6.41,4,6,7,0,97,61,13,8,ECE,1
9.41,4,8,7,1,64,39,266,5,ECE,1
9.46,5,5,8,2,89,65,106,7,CSE,1
7.98,6,6,5,2,64,73,365,5,MECH,1
7.26,3,5,4,1,78,84,475,7,IT,1
7.64,0,9,8,3,1,79,390,4,IT,1
7.74,0,10,5,2,86,57,295,8,CSE,1
6.04,6,9,7,3,74,90,490,4,CIVIL,1
7.51,2,8,7,1,14,46,479,7,MECH,1
9.16,6,3,1,2,98,83,136,2,MECH,1
8.37,1,5,5,1,52,62,21,7,MECH,1
5.67,4,5,7,3,97,41,19,5,IT,1
8.56,0,5,8,1,76,62,75,3,CIVIL,1
8.04,3,4,7,0,47,38,191,3,MECH,1
6.67,0,0,2,1,81,39,56,3,CIVIL,1
6.05,5,1,3,0,68,15,348,4,CSE,1
7.58,5,4,7,3,50,83,69,7,CSE,1
9.09,5,1,1,1,59,61,140,7,MECH,1
6.23,4,0,4,1,48,40,31,5,CSE,1
6.99,5,9,2,3,70,78,239,7,CSE,1
9.97,0,10,4,2,1,38,398,1,IT,1
6.83,6,0,1,0,54,90,166,6,ECE,1
8.55,5,6,0,2,42,20,104,3,MECH,1
7.35,1,3,2,0,11,78,66,2,ECE,1
6.12,1,9,7,3,20,39,162,5,CIVIL,1
7.6,2,2,4,2,43,24,90,3,MECH,1
8.38,1,4,3,3,91,14,134,8,CIVIL,1
8.39,3,4,5,0,44,87,16,3,ECE,1
9.28,4,3,8,1,93,94,403,3,CIVIL,1
7.17,5,0,5,0,83,88,328,6,MECH,1
9.69,0,3,2,0,68,65,165,4,CIVIL,1
6.54,6,4,3,2,21,28,477,4,CIVIL,1
9.56,6,8,1,1,65,81,27,3,CSE,1
8.83,1,4,7,2,38,75,149,4,CSE,1
6.8,1,1,0,3,63,33,231,4,IT,1
6.8,3,9,8,2,62,89,182,4,ECE,1
7.25,6,7,6,1,8,37,475,5,IT,1
9.8,4,3,8,2,45,50,351,4,MECH,1
6.65,0,1,6,1,79,41,354,5,ECE,1
7.7,5,8,7,1,33,46,28,4,IT,1
8.07,3,0,7,1,55,69,92,8,ECE,1
9.82,5,4,4,1,38,66,406,5,CIVIL,1
5.72,3,8,1,1,59,15,118,7,ECE,1
5.62,1,5,1,1,89,34,284,2,ECE,1
9.72,1,7,7,0,0,5,37,3,CIVIL,1
6.96,6,8,7,0,76,0,357,2,MECH,1
6.66,6,0,3,1,72,95,313,4,CIVIL,1
6.62,2,3,7,2,39,53,325,1,ECE,1
5.66,5,7,2,2,4,24,442,4,MECH,1
7.92,2,4,6,2,40,28,380,8,IT,1
9.66,5,7,2,0,13,51,361,6,MECH,1
6.83,6,0,3,0,49,91,135,5,ECE,1
9.14,0,5,7,0,15,81,75,6,MECH,1
9.07,0,1,2,0,100,7,189,3,CIVIL,1
5.76,0,3,7,2,98,99,33,3,IT,1
8.98,3,3,3,0,43,21,85,5,IT,1
7.23,2,4,6,1,10,72,107,5,CSE,1
8.29,0,2,0,1,87,96,205,1,MECH,1
8.5,0,8,6,3,47,74,16,6,CIVIL,1
5.6,1,10,4,2,23,100,103,1,CIVIL,1
6.51,1,1,0,2,91,6,63,4,ECE,1
9.23,5,3,0,1,7,76,472,6,CIVIL,1
9.24,1,2,7,1,25,50,458,1,ECE,1
9.36,6,0,2,1,77,71,363,3,ECE,1
10.0,2,4,1,1,58,28,219,2,MECH,1
9.38,1,0,5,1,55,73,291,7,MECH,1
7.63,4,1,1,0,28,12,471,4,CSE,1
6.48,2,3,7,1,0,48,367,5,IT,1
9.34,4,10,5,0,25,11,206,7,CIVIL,1
5.87,0,5,4,0,82,43,94,8,CIVIL,1
8.69,1,0,3,1,0,79,114,8,CIVIL,1
9.66,2,9,0,2,68,52,167,8,ECE,1
8.28,6,3,7,2,96,42,343,2,CSE,1
7.43,6,10,4,0,98,34,350,3,MECH,1
7.78,2,4,8,2,65,50,82,3,ECE,1
7.61,6,0,2,0,51,52,132,5,IT,1
5.84,2,8,1,3,62,9,48,6,IT,1
8.47,6,1,0,0,32,80,329,6,MECH,1
8.35,5,1,8,0,91,81,184,6,ECE,1
5.58,3,1,8,0,24,80,119,2,CIVIL,1
7.39,6,1,2,1,10,28,26,6,CSE,1
9.96,5,2,6,3,96,59,145,6,IT,1
9.66,1,5,0,0,87,55,66,7,CSE,1
5.55,2,1,1,3,24,97,172,3,CSE,1
6.51,1,6,6,1,1,4,64,4,CIVIL,1
5.53,1,0,3,1,45,23,138,3,IT,1
8.51,4,3,5,3,60,8,78,6,IT,1
8.46,1,2,2,2,90,42,124,1,CSE,1
9.91,6,10,4,0,73,7,38,4,CSE,1
6.24,0,1,1,0,60,27,0,7,CIVIL,1
9.03,2,7,4,3,79,49,220,4,CSE,1
5.95,4,7,0,0,90,63,344,4,ECE,1
8.1,1,5,1,1,13,15,379,7,CSE,1
9.58,6,1,5,1,52,75,201,4,ECE,1
9.63,6,6,3,2,37,24,381,3,CIVIL,1
6.16,3,9,6,0,1,3,280,7,CIVIL,1
7.71,3,9,8,0,79,41,279,3,ECE,1
9.46,6,9,0,3,77,84,171,8,CSE,1
9.55,2,2,2,0,89,87,376,4,MECH,1
7.83,4,7,7,0,11,3,419,6,MECH,1
9.44,3,0,8,1,38,78,192,4,ECE,1
6.68,1,9,2,1,41,50,208,7,ECE,1
7.51,3,5,7,3,99,61,436,3,CIVIL,1
8.71,0,7,7,0,76,21,23,7,CSE,1
6.31,0,5,2,0,40,92,392,5,MECH,1
8.83,2,4,8,3,24,86,31,8,ECE,1
7.69,2,2,7,2,85,59,211,2,MECH,1
7.78,2,6,5,1,66,59,119,2,CSE,1
6.15,4,10,6,0,28,88,438,1,MECH,1
9.28,4,2,7,3,26,24,489,4,ECE,1
9.54,5,5,6,3,63,74,394,1,MECH,1
9.29,4,9,2,2,2,7,1,8,ECE,1
9.57,2,7,8,0,2,59,416,6,CSE,1
7.35,1,0,8,1,98,77,457,6,MECH,1
8.81,4,10,5,2,86,74,483,8,CSE,1
7.64,3,1,0,3,12,52,473,6,ECE,1
9.76,0,6,3,1,40,95,34,1,CIVIL,1
6.95,2,7,4,1,37,30,153,6,MECH,1
5.59,5,3,6,2,39,72,305,2,ECE,1
7.07,4,0,4,2,27,3,488,2,CSE,1
8.17,0,6,5,0,19,92,163,5,CSE,1
9.61,6,6,2,1,27,28,299,1,IT,1
9.68,4,3,5,1,13,94,161,4,CSE,1
6.93,1,8,3,1,55,66,187,5,CSE,1
6.66,0,8,6,2,34,22,208,3,ECE,1
7.31,0,4,4,2,81,97,89,1,CIVIL,1
7.72,4,3,5,1,69,11,5,3,CIVIL,1
7.88,0,8,8,2,42,5,399,8,CIVIL,1
6.67,4,4,4,1,39,17,103,4,ECE,1
7.3,6,0,2,3,17,99,145,2,CSE,1
9.41,1,0,2,2,12,52,325,2,CSE,1
9.11,4,4,6,0,47,100,138,3,CIVIL,1
8.41,1,8,2,0,49,18,143,6,MECH,1
8.48,5,10,6,2,32,11,309,3,ECE,1
9.11,0,5,7,3,48,21,118,7,ECE,1
8.43,4,4,7,2,52,45,182,7,ECE,1
9.25,1,10,1,2,59,80,96,1,ECE,1
7.53,1,2,3,2,2,37,240,5,MECH,1
8.06,1,0,6,1,86,86,62,5,ECE,1
9.3,4,7,2,2,77,83,274,3,MECH,1
6.17,2,7,5,2,73,44,234,8,CIVIL,1
8.66,5,9,2,3,85,85,144,1,CIVIL,1
9.49,3,5,3,2,41,5,328,6,CSE,1
7.02,6,9,4,1,4,76,23,1,CSE,1
9.53,2,10,5,0,70,56,351,5,ECE,1
7.57,4,1,0,0,74,99,290,1,IT,1
6.64,4,7,0,1,53,93,31,6,IT,1
6.71,1,10,4,1,68,91,449,5,IT,1
8.37,0,8,0,0,58,63,454,5,CIVIL,1
9.18,4,6,6,1,78,8,285,2,ECE,1
9.71,1,8,0,3,27,100,62,3,CSE,1
6.34,4,4,8,3,81,63,225,7,CSE,1
9.99,0,5,7,1,18,31,11,6,MECH,1
6.04,4,8,8,1,35,64,406,2,IT,1
8.66,1,10,4,1,57,98,463,4,CIVIL,1
6.23,0,10,7,1,67,14,8,4,CIVIL,1
8.1,3,6,6,1,93,58,334,2,IT,1
9.06,6,8,2,1,25,8,295,3,IT,1
6.73,3,2,3,0,31,33,449,4,MECH,1
8.86,4,9,4,2,33,12,372,2,CSE,1
6.05,3,0,1,1,8,91,408,2,CSE,1
6.35,6,5,4,1,65,69,19,2,ECE,1
7.97,4,2,8,1,68,89,8,2,ECE,1
8.67,3,1,7,1,94,41,65,3,ECE,1
5.99,1,3,4,0,58,10,145,2,CSE,0
9.95,5,10,4,0,90,33,171,1,MECH,1
9.91,0,5,3,1,46,21,447,4,IT,1
8.34,5,10,4,2,85,24,175,4,CIVIL,1
7.03,2,3,4,1,26,96,203,1,ECE,1
5.9,3,1,4,2,2,24,244,2,CSE,1
8.44,2,4,2,3,9,72,118,8,CIVIL,1
8.08,6,9,3,2,28,96,456,8,ECE,1
7.72,6,8,5,3,94,100,259,3,MECH,1
6.19,4,9,4,2,25,15,160,4,CSE,1
5.81,3,6,5,2,92,65,453,4,ECE,1
7.17,1,3,5,0,81,38,370,7,ECE,1
9.88,5,0,7,2,84,82,160,1,CIVIL,1
6.94,4,8,5,2,95,73,155,6,IT,1
5.93,2,9,4,0,60,32,214,2,CSE,1
9.61,2,4,6,1,25,40,216,1,CIVIL,1
8.84,5,5,4,0,87,43,29,8,IT,1
9.4,0,10,0,1,51,18,439,6,ECE,1
6.92,2,9,4,2,33,37,376,7,CSE,1
9.89,6,7,1,3,99,23,451,1,MECH,1
7.6,6,10,8,1,73,99,219,7,CSE,1
6.84,1,10,7,3,88,99,32,6,CSE,1
9.8,6,8,8,3,65,96,213,4,CIVIL,1
6.41,4,1,3,0,44,92,367,3,MECH,1
5.92,0,8,4,1,39,23,218,7,CIVIL,1
8.09,3,8,8,3,59,49,474,5,CSE,1
8.36,3,4,1,2,82,80,162,1,CIVIL,1
6.46,3,8,5,2,52,30,482,6,IT,1
9.49,4,4,6,3,49,92,155,2,MECH,1
7.77,3,2,6,0,62,34,98,2,CIVIL,1
6.75,0,10,1,0,63,87,367,8,CIVIL,1
9.0,0,1,5,0,65,10,22,8,ECE,1
9.96,3,3,6,2,2,19,121,2,ECE,1
5.97,4,2,2,2,50,82,18,5,CSE,1
8.67,1,5,5,2,63,85,129,5,ECE,1
7.09,3,6,2,0,67,88,343,5,IT,1
7.09,3,10,8,0,31,35,210,8,CSE,1
9.6,4,9,3,0,24,29,227,3,IT,1
8.52,0,4,6,1,80,55,96,8,ECE,1
7.62,4,9,3,3,61,74,23,1,IT,1
6.87,6,3,3,0,32,6,265,2,MECH,1
7.12,4,10,2,2,20,77,171,8,ECE,1
7.92,1,8,5,2,92,15,182,4,MECH,1
5.51,3,7,7,1,94,11,484,3,CSE,1
6.22,3,4,6,1,67,36,496,1,ECE,1
9.32,6,6,6,1,37,51,96,7,CIVIL,1
5.52,5,10,0,0,75,29,449,3,MECH,1
9.04,0,1,3,2,49,5,145,1,ECE,1
5.51,1,1,0,1,41,5,285,3,ECE,1
8.23,6,8,4,3,66,90,214,6,CIVIL,1
9.44,0,4,2,2,49,6,309,5,CIVIL,1
7.15,0,0,1,2,28,50,381,7,MECH,1
8.84,5,7,2,3,44,99,31,6,MECH,1
6.4,4,4,3,1,67,51,376,4,IT,1
6.68,5,4,4,2,22,1,202,2,MECH,1
8.12,3,3,3,1,98,34,466,1,CIVIL,1
8.31,5,7,3,3,1,97,390,5,MECH,1
9.2,2,3,0,1,91,28,378,2,CSE,1
7.28,5,6,8,1,72,3,347,4,CIVIL,1
9.16,2,7,4,1,30,33,245,8,CSE,1
7.65,1,0,8,0,12,25,352,5,CSE,1
6.6,3,4,5,0,77,14,52,7,CSE,1
9.57,6,8,0,3,47,23,297,8,ECE,1
7.16,3,1,0,0,86,50,76,3,MECH,1
9.12,3,0,2,2,52,80,42,1,CIVIL,1
7.39,2,2,0,2,48,30,366,5,CIVIL,1
6.63,4,2,1,3,68,17,314,3,IT,1
5.54,5,4,8,0,77,85,231,4,IT,1
6.12,5,9,6,2,72,91,256,6,CSE,1
6.47,6,6,0,2,58,35,378,4,IT,1
7.63,4,2,3,1,21,23,181,8,IT,1
7.79,6,10,3,2,83,54,309,6,CSE,1
7.83,2,5,5,0,89,37,226,8,CSE,1
8.76,1,7,7,2,52,39,18,5,ECE,1
8.07,0,0,7,3,57,49,30,5,CSE,1
9.13,1,3,4,2,45,9,73,4,IT,1
5.66,2,10,2,0,61,60,416,5,MECH,1
5.9,4,7,6,3,18,3,232,7,ECE,1
8.56,6,9,8,0,9,43,340,7,CSE,1
6.14,0,6,0,3,93,23,443,1,IT,1
7.15,4,0,4,3,87,39,42,4,ECE,1
7.56,2,4,1,0,94,80,66,4,CSE,1
9.91,1,9,5,3,8,83,313,2,CSE,1
8.37,6,2,6,3,6,29,25,5,ECE,1
7.77,2,2,7,1,47,68,320,2,MECH,1
7.44,0,8,3,3,100,35,315,4,IT,1
9.04,5,10,2,3,97,13,16,2,CIVIL,1
8.08,0,2,2,3,47,51,107,1,MECH,1
7.58,0,7,7,3,62,84,328,8,ECE,1
8.27,0,9,5,1,87,52,165,2,CIVIL,1
9.42,0,7,2,3,24,27,355,3,CIVIL,1
6.57,0,6,2,3,43,86,432,3,MECH,1
9.66,4,9,8,1,28,72,336,4,MECH,1
8.96,4,9,8,1,2,24,251,3,MECH,1
8.7,2,6,1,2,99,19,71,6,ECE,1
9.61,6,6,7,1,80,27,435,6,CSE,1
6.74,5,1,3,0,9,22,151,7,ECE,1
6.16,6,10,1,3,96,68,242,5,IT,1
9.87,6,0,0,1,85,55,198,8,ECE,1
6.37,2,9,2,2,57,36,13,6,IT,1
5.96,5,6,4,3,35,67,446,3,CSE,1
6.32,4,3,1,0,47,47,325,5,IT,1
9.12,2,6,5,0,74,38,114,5,CIVIL,1
5.9,3,8,0,2,15,71,358,4,CIVIL,1
6.94,1,5,1,1,17,57,456,2,MECH,1
6.94,2,8,4,0,25,4,260,5,IT,1
7.62,2,3,7,1,34,47,282,2,CIVIL,1
8.52,2,6,1,0,30,3,313,3,CIVIL,1
8.71,5,3,7,0,47,44,110,7,ECE,1
9.91,3,5,3,3,24,63,489,2,IT,1
7.42,5,9,5,3,6,20,26,6,CSE,1
7.35,1,8,5,2,19,100,203,1,MECH,1
5.6,3,8,7,3,86,49,77,6,CIVIL,1
9.31,2,1,4,2,3,26,494,4,MECH,1
7.37,5,6,3,0,40,60,212,6,ECE,1
8.36,4,5,6,2,0,91,237,1,CSE,1
5.66,6,5,2,2,88,78,201,2,CIVIL,1
8.08,4,10,1,3,40,96,248,7,IT,1
9.3,3,10,7,2,14,98,73,8,CIVIL,1
8.03,2,7,3,3,53,96,351,6,MECH,1
6.67,5,0,5,1,68,40,153,5,IT,1
9.8,6,1,8,0,92,13,158,6,ECE,1
8.22,5,10,1,3,79,28,454,4,CSE,1
9.39,0,7,3,2,78,13,385,4,MECH,1
8.44,3,4,1,0,47,84,395,3,MECH,1
8.84,1,2,5,0,93,58,256,5,IT,1
6.49,2,6,4,3,88,50,233,8,CSE,1
8.03,2,5,3,3,7,47,420,3,IT,1
7.99,6,7,7,0,89,15,328,6,MECH,1
9.32,0,0,4,0,44,89,338,6,ECE,1
6.17,5,8,3,2,86,76,479,3,MECH,1
8.43,3,8,4,2,0,38,202,8,CIVIL,1
7.04,2,8,2,1,91,16,453,2,CIVIL,1
6.62,0,2,1,0,69,86,274,7,ECE,1
9.49,0,2,3,3,16,2,30,3,ECE,1
8.59,1,7,0,3,28,7,106,6,CSE,1
5.72,3,9,4,2,38,72,367,1,MECH,1
7.43,6,9,6,0,3,66,352,8,ECE,1
7.24,3,1,4,3,29,24,112,8,IT,1
6.26,6,7,6,3,64,64,220,6,MECH,1
9.39,3,8,3,0,9,5,222,6,MECH,1
7.82,2,7,4,2,88,81,430,7,ECE,1
5.93,2,0,3,2,25,98,472,6,IT,1
5.63,0,3,0,1,43,87,239,7,MECH,1
9.67,2,6,1,3,64,27,141,3,IT,1
9.18,6,1,7,2,3,85,391,1,CIVIL,1
8.49,4,2,8,0,93,80,255,2,CIVIL,1
6.37,6,5,5,2,67,14,129,5,CIVIL,1
9.53,2,10,3,3,30,52,66,7,IT,1
9.84,3,6,1,2,97,100,106,1,MECH,1
8.63,6,5,8,0,35,92,428,6,MECH,1
6.78,1,5,8,2,89,71,446,8,CSE,1
6.14,1,6,7,2,6,9,175,8,IT,1
9.28,1,3,0,1,56,30,214,4,CSE,0
7.27,2,0,2,0,9,46,156,3,ECE,1
6.88,6,6,6,2,39,41,313,7,CSE,1
7.37,0,4,4,0,96,51,308,6,IT,1
9.18,6,8,5,2,82,23,50,2,CSE,1
6.42,2,7,2,2,18,66,190,4,CSE,1
9.63,2,0,5,3,73,21,373,8,CSE,1
7.19,6,1,3,0,0,54,371,5,ECE,1
8.25,1,1,2,3,63,88,458,7,ECE,1
7.42,6,8,2,0,83,54,375,4,MECH,1
8.25,6,3,0,3,3,4,323,4,ECE,1
9.24,5,5,0,1,36,95,344,7,CSE,1
6.19,2,0,6,1,100,29,120,8,CIVIL,1
9.76,2,2,7,2,55,65,226,3,CIVIL,1
6.59,1,5,7,1,32,100,171,1,ECE,1
5.74,2,3,1,0,41,23,228,3,ECE,1
6.87,0,1,2,2,10,32,405,2,CSE,1
7.35,3,9,6,1,83,1,356,5,CIVIL,1
9.92,1,5,6,3,52,93,12,6,CIVIL,1
6.68,4,4,6,3,93,18,159,3,IT,1
7.11,1,5,5,1,58,76,435,4,IT,1
9.58,2,0,5,3,64,77,258,3,CSE,1
6.57,4,5,5,2,13,91,228,5,CIVIL,1
9.09,1,9,4,3,93,96,58,4,ECE,1
8.07,6,9,4,0,62,72,243,6,CIVIL,1
5.87,4,5,7,1,6,17,410,5,CSE,1
7.5,2,0,3,0,47,23,495,3,ECE,1
5.92,3,3,4,3,54,89,95,3,IT,1
8.33,3,6,2,1,95,83,148,5,IT,1
8.7,3,8,8,1,74,93,54,4,ECE,1
7.49,6,7,5,1,48,79,70,8,ECE,1
9.59,1,6,5,3,100,9,310,5,ECE,1
9.58,0,3,8,1,7,67,3,4,ECE,1
9.76,6,1,7,3,48,96,138,4,MECH,1
7.27,3,9,1,2,59,76,75,7,ECE,1
9.54,6,10,1,3,55,8,497,3,IT,1
6.34,2,10,6,1,45,18,336,6,MECH,1
7.85,4,3,6,0,47,36,76,7,MECH,1
9.31,3,6,8,2,53,16,202,2,ECE,1
7.22,4,10,5,1,73,41,310,3,ECE,1
7.43,3,3,6,1,29,3,89,1,ECE,1
6.21,0,3,3,0,65,86,320,1,IT,1
5.58,4,1,4,0,95,31,181,8,CIVIL,1
7.11,0,8,1,2,82,26,497,7,CIVIL,1
6.48,3,8,1,3,66,57,180,8,ECE,1
8.3,4,1,6,0,50,7,304,4,MECH,1
7.26,3,3,0,2,25,42,474,4,MECH,1
9.66,1,4,4,0,58,29,469,5,ECE,1
5.65,0,8,2,1,28,84,33,4,CIVIL,1
6.14,0,2,0,3,85,65,89,8,CSE,1
9.35,1,1,1,0,71,93,138,6,MECH,1
9.6,5,0,2,1,90,13,250,7,ECE,1
8.51,6,0,8,1,1,9,111,8,MECH,1
8.58,1,8,0,3,39,6,358,3,IT,1
8.32,1,0,5,3,18,93,85,2,CSE,1
7.08,1,8,0,3,73,49,23,1,CIVIL,1
9.57,6,10,5,2,78,71,277,6,ECE,1
5.74,5,5,1,3,84,89,140,6,MECH,1
6.2,0,0,1,0,73,100,329,7,ECE,1
7.44,6,3,3,0,0,24,318,8,CSE,1
6.62,5,9,2,3,51,28,15,6,MECH,1
8.42,6,9,4,2,28,94,32,5,IT,1
8.58,2,4,5,2,79,19,58,2,ECE,1
7.56,1,3,3,0,22,72,12,5,CSE,1
8.85,1,8,5,1,89,23,152,2,CSE,1
6.68,0,9,0,2,7,26,120,2,IT,1
6.09,5,2,0,2,99,18,74,1,CSE,1
9.5,4,8,2,3,1,1,388,1,CSE,1
7.8,5,6,1,2,5,73,144,8,MECH,1
7.48,4,9,5,2,57,54,63,7,ECE,1
9.36,3,1,6,0,83,65,0,2,CIVIL,1
7.95,6,5,3,1,96,38,226,3,ECE,1
9.95,0,0,4,0,39,83,484,2,ECE,1
9.84,6,2,1,0,73,65,67,8,ECE,1
6.08,5,5,3,3,7,11,328,8,MECH,1
6.27,1,3,8,0,86,62,412,8,CIVIL,1
7.29,3,2,7,2,52,71,35,1,MECH,1
6.73,0,8,5,0,89,49,350,8,IT,1
7.38,5,10,5,3,9,52,122,8,CIVIL,1
7.0,5,6,3,2,58,46,387,8,IT,1
8.72,4,0,1,1,17,43,411,4,CIVIL,1
7.44,3,7,7,3,95,64,324,2,ECE,1
9.67,2,2,2,0,14,67,46,6,CIVIL,1
9.72,3,9,5,2,95,46,65,1,CSE,1
8.27,6,10,7,1,4,76,344,2,IT,1
8.32,2,2,5,2,29,47,158,2,CSE,1
6.35,3,2,2,3,88,3,306,4,IT,1
8.86,1,10,7,0,54,96,406,8,MECH,1
6.21,1,4,8,1,85,69,437,3,MECH,1
8.31,4,4,7,0,67,11,122,8,ECE,1
7.39,2,1,4,3,75,6,25,5,CSE,1
7.94,5,3,2,3,48,84,493,3,CSE,1
6.66,5,1,6,2,77,75,317,4,CIVIL,1
7.56,6,1,2,0,27,50,391,8,MECH,1
9.08,4,4,0,3,16,13,253,1,IT,1
7.22,0,0,1,2,23,30,57,3,CSE,1
8.37,5,10,0,2,51,30,490,1,ECE,1
7.36,3,9,3,1,9,82,47,3,CIVIL,1
7.74,2,1,0,2,79,74,342,1,MECH,1
7.27,6,0,1,3,99,80,379,2,ECE,1
7.79,3,5,1,1,40,5,280,2,CSE,1
9.36,0,3,5,0,53,46,184,2,CSE,1
7.68,0,9,5,0,76,96,327,1,MECH,1
8.28,1,4,8,0,57,86,303,4,MECH,1
5.96,2,0,2,2,55,82,384,8,ECE,1
9.39,4,1,2,1,72,51,235,8,CIVIL,1
6.15,1,2,2,1,52,52,250,7,CSE,1
8.79,2,10,1,0,11,11,130,6,IT,1
8.7,2,7,8,0,28,66,176,1,MECH,1
8.36,3,10,4,0,3,56,224,6,IT,1
5.97,6,7,2,1,1,57,381,3,CIVIL,1
8.41,6,1,6,2,29,66,394,8,CIVIL,1
6.08,3,9,3,1,63,9,190,3,CIVIL,0
5.85,3,2,5,1,14,48,469,6,CSE,1
6.13,2,1,3,3,44,12,119,6,IT,1
9.74,0,7,7,2,32,17,363,1,CSE,1
5.99,3,6,2,1,93,36,428,3,ECE,1
8.7,1,4,4,3,60,77,313,7,IT,1
7.37,5,3,3,2,91,12,411,8,CIVIL,1
7.46,6,7,6,2,26,60,119,5,CSE,1
8.87,6,6,3,1,83,85,281,4,IT,1
6.49,2,0,0,3,93,12,110,7,ECE,1
7.94,4,9,5,0,75,71,277,8,ECE,1
7.15,3,8,2,3,16,52,433,2,ECE,1
9.48,6,6,5,0,28,22,304,5,CSE,1
6.26,6,7,3,0,21,46,15,1,CIVIL,1
8.79,0,4,5,0,96,66,210,3,IT,1
5.63,5,6,6,0,5,60,111,3,CSE,1
6.92,0,3,4,3,17,78,472,7,MECH,1
9.03,6,4,0,3,89,18,137,5,IT,1
6.52,4,10,6,1,33,81,165,4,CIVIL,1
8.3,2,4,7,1,48,83,422,5,CSE,1
6.87,4,3,8,1,54,49,278,2,MECH,1
8.16,3,6,7,3,66,70,163,3,ECE,1
9.52,6,8,0,2,33,95,31,4,CSE,1
8.82,6,7,7,1,96,12,268,8,MECH,1
9.24,4,0,2,3,34,56,444,3,MECH,1
8.9,2,5,0,0,4,13,266,4,MECH,1
7.95,2,10,6,3,66,53,28,5,CSE,1
6.01,5,1,5,1,59,35,259,5,CIVIL,1
6.34,0,10,0,3,62,76,256,6,IT,1
6.86,1,1,7,2,29,44,224,6,CIVIL,1
8.63,3,3,6,2,47,40,105,1,IT,1
9.61,3,8,4,2,29,97,213,7,ECE,1
8.42,5,7,6,3,74,6,261,2,CIVIL,1
9.05,6,8,5,2,84,47,481,4,MECH,1
9.53,4,4,3,3,14,34,105,5,CSE,1
9.99,5,5,0,0,74,10,375,8,ECE,1
7.4,0,3,1,3,91,31,438,5,MECH,1
6.41,3,2,6,0,58,64,303,2,CSE,1
6.62,3,7,3,0,75,52,299,8,CIVIL,1
8.1,6,3,7,2,96,13,498,2,ECE,1
8.05,4,8,0,0,24,88,359,5,CSE,1
8.99,4,5,8,1,83,0,107,4,IT,1
9.59,1,1,0,2,10,60,204,8,ECE,1
7.28,6,10,4,2,48,42,136,4,ECE,1
9.56,0,4,3,2,68,76,243,1,CSE,1
9.84,6,5,6,3,15,3,206,8,CSE,1
7.64,6,10,3,0,52,10,275,6,CIVIL,1
9.76,3,7,5,0,90,12,155,6,ECE,1
8.0,1,8,4,0,61,19,182,5,IT,1
6.23,6,10,2,0,69,43,144,8,MECH,1
8.28,5,0,8,1,43,44,334,1,MECH,1
7.44,4,0,8,3,4,91,12,5,MECH,1
9.38,0,0,6,3,73,84,257,2,CIVIL,1
9.79,3,7,8,1,62,95,220,5,IT,1
5.54,3,6,7,3,62,99,50,3,ECE,1
9.38,2,6,5,1,79,25,226,6,CIVIL,1
9.1,3,2,7,0,74,90,476,7,MECH,1
8.34,2,10,7,2,25,61,401,7,CIVIL,1
7.59,0,5,0,2,24,72,206,3,CSE,1
9.16,5,4,4,3,25,57,110,5,ECE,1
7.94,6,8,6,2,64,57,439,8,MECH,1
7.19,0,7,4,1,56,12,227,5,ECE,1
7.17,0,9,6,1,36,23,118,7,CIVIL,1
7.2,4,0,7,0,74,23,263,2,CIVIL,1
9.07,3,2,3,2,64,68,486,6,MECH,1
9.23,0,9,0,3,16,33,207,2,ECE,1
5.77,2,2,7,0,56,63,212,7,MECH,1
6.61,3,0,2,3,44,39,138,1,CSE,1
9.21,0,3,7,2,28,94,450,3,CSE,1
6.49,2,2,0,3,80,28,114,7,MECH,1
9.91,0,5,0,2,50,83,324,2,MECH,1
6.46,3,3,7,1,73,20,166,1,CSE,1
9.69,0,8,8,3,94,23,209,4,CSE,1
8.36,5,3,3,1,27,20,66,6,CSE,1
7.56,5,2,6,1,92,47,38,2,MECH,1
8.95,1,6,0,0,53,15,263,3,IT,1
8.41,1,10,2,1,48,33,220,2,CSE,1
6.62,3,6,4,0,46,75,366,7,MECH,1
9.36,6,2,2,1,98,97,211,1,ECE,1
7.17,1,5,5,2,93,92,169,3,ECE,1
9.21,3,2,5,3,70,46,31,6,MECH,1
6.32,4,0,3,3,10,72,214,7,ECE,1
7.9,5,1,6,2,86,31,194,5,MECH,1
9.69,0,5,2,2,48,59,483,7,CIVIL,1
8.13,3,9,5,0,19,29,434,1,MECH,1
6.33,4,9,8,1,90,34,95,3,ECE,1
7.12,5,4,2,0,70,96,236,3,CIVIL,1
8.85,2,0,4,2,38,36,408,2,MECH,1
6.7,6,6,8,3,92,74,217,5,CSE,1
8.85,5,7,0,3,29,99,164,7,MECH,1
8.3,1,8,1,2,76,37,408,1,IT,1
9.83,4,2,6,2,40,57,18,7,ECE,1
8.1,1,3,6,0,36,71,61,1,CIVIL,1
6.79,3,9,1,3,90,66,120,6,CSE,1
5.54,6,6,3,2,55,89,332,4,IT,1
9.74,3,9,3,2,11,93,370,6,MECH,1
8.73,4,2,7,2,14,92,423,3,CSE,1
5.88,3,1,0,1,31,56,219,6,CSE,0
8.33,5,8,4,2,61,95,409,2,CSE,1
5.95,1,4,0,2,38,43,416,4,IT,1
9.55,0,4,6,3,16,63,488,1,MECH,1
7.85,3,1,6,1,11,14,368,2,MECH,1
6.96,6,3,7,0,48,86,367,1,MECH,1
6.09,1,9,4,0,62,12,24,4,IT,1
8.01,0,8,0,2,61,15,235,1,MECH,1
7.93,4,2,2,3,82,78,373,7,CIVIL,1
5.89,3,10,3,1,53,29,159,4,MECH,1
8.81,2,6,1,1,54,76,380,3,CSE,1
9.34,3,4,5,2,10,95,69,4,CIVIL,1
7.29,1,10,7,2,20,51,402,5,CSE,1
5.99,6,0,7,2,33,54,420,5,CIVIL,1
5.64,1,7,0,1,100,93,102,5,MECH,1
7.4,3,2,4,2,39,93,53,7,ECE,1
6.94,0,7,1,3,96,84,477,6,CIVIL,1
8.78,4,5,0,2,65,59,336,6,CIVIL,1
7.97,5,0,8,2,68,29,140,7,ECE,1
7.86,1,2,3,3,24,57,190,8,IT,1
5.61,3,10,7,1,24,86,339,8,IT,1
9.04,3,7,5,3,2,76,347,2,ECE,1
9.46,4,7,7,1,47,85,251,5,IT,1
7.51,0,5,8,0,61,1,481,6,CIVIL,1
8.8,6,9,0,3,72,19,408,6,ECE,1
6.8,4,8,6,3,67,16,171,3,MECH,1
7.62,6,3,5,2,6,84,140,7,MECH,1
9.09,6,10,5,0,75,100,399,8,IT,1
7.88,0,10,4,3,71,83,221,7,CIVIL,1
8.02,1,8,6,2,60,75,472,1,IT,1
7.28,3,0,7,3,88,76,402,1,IT,1
7.93,3,10,1,1,17,90,343,5,MECH,1
8.56,5,4,1,2,79,14,489,6,IT,1
9.29,5,2,7,3,71,42,154,5,ECE,1
8.02,4,0,1,1,81,68,118,3,IT,1
6.4,0,6,6,2,65,3,83,8,MECH,1
9.1,0,4,7,1,26,27,263,5,MECH,1
5.72,0,4,7,1,78,36,117,7,CIVIL,1
8.6,0,1,6,3,35,76,51,2,MECH,1
9.03,6,3,6,3,42,67,346,8,IT,1
7.34,3,2,8,0,85,25,346,2,CIVIL,1
9.11,0,6,4,1,2,68,223,7,CIVIL,1
6.89,3,5,4,2,36,2,104,3,ECE,1
8.86,6,3,1,2,81,86,258,7,MECH,1
9.17,2,7,7,3,55,76,203,7,CIVIL,1
8.16,4,3,2,0,60,89,310,5,ECE,1
8.97,2,8,2,0,70,28,47,1,ECE,1
7.46,4,8,2,0,65,32,193,2,MECH,1
7.16,6,8,0,2,12,60,461,5,IT,1
9.19,3,7,7,2,3,62,389,2,CIVIL,1
6.52,6,0,3,1,12,97,457,8,MECH,1
8.45,2,5,1,0,76,2,389,4,CIVIL,1
7.31,2,9,0,3,13,79,292,2,IT,1
8.94,4,10,2,1,14,86,363,6,ECE,1
7.17,2,10,4,3,6,80,145,6,MECH,1
6.4,3,4,4,1,76,67,483,6,ECE,1
6.93,0,2,3,2,13,49,340,3,CIVIL,1
7.06,0,2,4,1,83,95,5,2,ECE,1
8.34,5,10,0,2,50,57,19,7,ECE,1
7.44,2,4,8,1,40,57,119,7,CIVIL,1
8.71,2,4,6,2,42,45,408,8,CIVIL,1
6.43,5,3,3,2,16,17,47,1,CIVIL,1
7.46,3,8,1,2,91,49,227,6,CIVIL,1
7.14,4,4,0,2,66,78,200,1,MECH,1
7.65,6,10,7,1,20,0,322,4,IT,1
7.12,5,4,2,3,30,68,64,8,MECH,1
9.78,2,4,6,2,30,14,47,1,CSE,1
6.33,1,8,7,1,20,51,6,4,ECE,1
9.04,3,8,3,3,56,100,162,4,CIVIL,1
6.41,1,10,5,2,90,12,293,6,CIVIL,1
8.53,0,6,1,1,90,96,89,3,CSE,1
7.63,6,8,3,3,14,18,156,6,CSE,1
7.46,3,0,2,0,3,13,247,6,CSE,1
7.11,0,1,0,1,64,58,360,4,CSE,1
5.92,5,10,1,0,50,30,242,5,IT,1
9.03,6,5,7,3,15,29,463,8,CIVIL,1
8.45,6,5,5,3,21,26,213,6,MECH,1
7.49,1,5,0,3,94,3,423,3,MECH,1
8.01,2,9,0,0,82,79,365,5,CSE,1
7.88,0,4,2,3,33,68,113,2,IT,1
9.73,2,5,0,2,97,63,374,1,MECH,1
7.88,0,4,4,2,72,16,490,5,ECE,1
8.15,4,6,6,0,83,64,253,4,MECH,1
8.33,3,9,8,1,64,20,369,7,CSE,1
6.76,3,2,3,2,35,68,225,6,MECH,1
6.55,5,10,1,1,27,4,300,2,CSE,1
9.04,6,5,6,1,91,67,180,8,IT,1
8.52,1,6,6,1,21,65,451,2,IT,1
8.81,3,4,3,3,14,61,80,3,CIVIL,1
9.1,1,0,8,3,70,99,64,5,MECH,1
7.68,1,3,8,1,21,49,70,2,CSE,1
7.86,2,4,0,3,78,66,340,1,CSE,1
7.08,0,5,3,0,46,29,10,4,IT,1
5.62,1,1,3,3,7,73,38,8,IT,1
6.81,3,7,8,1,94,33,120,6,MECH,1
6.91,4,0,1,2,90,34,459,7,ECE,1
7.85,6,6,3,1,51,37,248,2,ECE,1
8.48,1,1,0,2,36,91,41,1,IT,1
6.55,3,10,2,2,53,13,405,2,MECH,1
5.51,6,9,2,0,18,39,288,3,CIVIL,0
8.02,4,2,8,2,44,52,414,6,ECE,1
8.0,5,6,7,1,86,11,461,8,ECE,1
7.03,6,6,1,2,57,57,395,8,MECH,1
5.97,3,6,1,2,41,83,58,5,ECE,1
9.85,1,0,5,2,54,87,97,2,ECE,1
7.11,4,3,6,2,39,100,352,6,ECE,1
6.39,1,8,0,3,88,33,455,1,IT,1
5.68,6,10,2,0,93,35,53,4,MECH,1
9.61,5,0,1,0,67,31,260,6,ECE,1
8.32,2,7,6,1,26,52,210,1,IT,1
5.51,4,1,5,1,49,26,244,2,MECH,1
6.22,4,0,6,1,49,88,47,8,IT,1
8.9,4,5,2,3,99,66,490,4,CSE,1
9.93,6,6,6,1,90,48,342,6,CIVIL,1
6.77,3,2,6,1,78,24,140,8,MECH,1
8.9,5,3,5,1,46,55,414,7,MECH,1
5.81,4,1,1,0,63,13,226,3,CIVIL,1
7.05,5,5,1,0,16,54,142,8,CIVIL,1
6.86,4,0,3,0,80,76,161,8,MECH,1
9.46,6,10,6,3,44,65,454,2,CSE,1
6.48,0,1,8,1,63,48,309,8,ECE,1
8.38,1,5,1,2,77,59,260,5,IT,1
7.75,5,3,6,0,74,79,467,4,ECE,1
9.73,0,9,7,3,25,36,235,6,ECE,1
5.91,2,1,5,0,38,81,239,7,MECH,1
8.75,2,5,0,3,43,28,145,6,MECH,1
5.92,4,10,6,0,64,92,311,7,MECH,1
9.37,0,5,7,1,95,83,223,4,CIVIL,1
6.92,2,9,7,1,15,43,210,8,CIVIL,1
9.41,0,0,6,1,79,93,301,3,CSE,0
7.72,2,4,2,0,15,88,126,3,CIVIL,1
7.51,4,9,7,3,98,38,358,5,IT,1
9.47,1,1,1,0,29,67,296,3,CSE,1
7.15,5,6,4,3,13,33,141,8,ECE,1
6.75,2,0,7,1,67,8,451,2,CIVIL,1
7.4,4,9,5,2,9,16,411,2,MECH,1
7.49,0,8,7,1,72,76,440,6,CIVIL,1
5.79,0,10,4,0,67,87,368,5,CSE,1
6.62,4,3,2,2,5,88,18,3,CIVIL,1
8.23,0,5,0,1,85,25,217,4,ECE,1
9.35,3,0,5,0,44,88,392,5,IT,1
5.99,2,9,2,0,81,54,65,2,CIVIL,1
6.43,0,3,6,1,70,87,11,2,CSE,1
6.46,2,3,2,3,91,28,345,3,IT,1
7.35,3,6,7,0,55,56,269,5,CSE,1
9.19,6,3,2,0,80,54,435,3,IT,1
9.22,5,6,4,3,20,23,6,4,CIVIL,1
8.41,2,1,4,1,100,50,74,3,ECE,1
7.59,1,9,7,0,43,50,319,6,ECE,1
7.17,1,10,1,2,61,55,440,3,MECH,1
8.65,0,8,4,1,96,39,464,6,CIVIL,1
8.78,1,10,3,2,54,54,443,5,ECE,1
5.9,4,9,4,2,54,55,79,5,MECH,1
9.98,1,8,2,2,64,23,236,5,CSE,1
6.3,1,0,1,0,68,5,108,4,ECE,1
7.07,6,6,0,1,96,65,77,2,CIVIL,1
8.37,2,2,5,0,66,16,83,1,CIVIL,1
7.77,0,4,3,3,23,25,156,8,MECH,1
9.11,3,9,2,0,33,1,383,7,CIVIL,1
9.25,2,2,3,3,74,37,52,6,MECH,1
5.8,5,5,6,3,25,22,144,6,ECE,1
6.44,4,5,0,1,53,84,376,7,ECE,1
7.78,4,8,3,0,9,28,223,6,ECE,1
8.77,3,7,2,2,61,85,358,3,MECH,1
5.7,1,2,5,1,92,30,398,7,CSE,1
7.27,1,5,6,1,88,50,479,3,CIVIL,1
9.07,3,2,4,1,9,30,307,8,CIVIL,1
7.82,6,2,7,3,99,80,225,7,MECH,1
9.7,6,5,2,1,66,84,339,1,ECE,1
9.83,1,2,2,2,75,86,189,2,IT,1
7.65,2,3,1,3,29,35,200,7,CIVIL,1
6.2,2,5,7,3,39,85,19,7,CSE,1
9.38,3,8,6,3,86,27,98,3,IT,1
8.22,6,5,8,1,17,72,36,4,CSE,1
8.22,0,1,7,1,19,70,369,3,CSE,1
9.75,3,10,4,1,40,33,268,4,CIVIL,1
5.77,0,9,4,3,85,68,490,1,IT,1
6.84,0,10,4,0,5,78,292,2,MECH,1
6.5,5,5,5,0,19,35,1,3,CIVIL,1
7.87,4,9,7,2,65,3,249,5,CSE,1
5.98,3,6,2,3,52,70,450,3,IT,1
9.21,5,1,3,0,37,30,289,5,ECE,1
6.09,0,0,7,2,6,4,313,5,MECH,1
8.39,0,1,7,2,88,64,373,4,ECE,1
9.31,4,2,0,1,67,1,342,8,MECH,1
5.97,5,1,0,0,51,12,302,1,CSE,1
8.8,4,9,4,0,38,37,256,3,CSE,1
6.28,0,10,2,3,15,65,473,2,CIVIL,1
6.64,6,9,4,1,99,42,326,4,IT,1
9.31,3,9,8,2,13,39,455,8,CIVIL,1
6.4,5,6,5,2,94,62,40,5,CSE,1
8.79,2,8,1,1,17,23,379,1,ECE,1
7.18,5,2,2,3,34,54,310,6,CIVIL,1
5.77,4,7,3,3,70,53,246,5,IT,1
8.76,3,9,1,0,62,12,129,8,CIVIL,1
7.97,5,0,8,1,95,34,148,4,ECE,1
8.8,6,0,6,1,0,12,340,4,IT,1
5.52,2,9,6,1,37,95,36,2,IT,1
9.58,3,4,0,0,73,25,140,7,CSE,1
9.78,6,7,5,0,43,27,362,6,ECE,1
7.47,0,8,7,0,97,69,421,4,CSE,1
7.44,6,8,8,0,11,46,76,8,ECE,1
6.53,6,2,6,3,82,25,479,8,CIVIL,1
7.53,3,9,3,2,0,42,255,7,IT,1
8.43,4,5,2,1,40,74,114,3,CIVIL,1
6.45,4,7,5,1,26,57,15,1,CIVIL,1
6.79,6,10,6,1,30,79,474,4,IT,1
8.38,5,8,7,3,14,3,454,7,CSE,1
8.46,1,8,2,1,46,98,328,7,ECE,1
7.33,4,9,2,1,99,35,473,6,CIVIL,1
8.2,3,1,3,3,83,44,201,8,CSE,1
6.88,4,3,0,1,25,29,221,1,CSE,1
8.27,0,9,3,3,34,40,94,4,IT,1
6.8,5,5,5,2,59,57,170,7,ECE,1
9.47,1,2,1,0,84,38,51,4,CSE,1
7.21,3,9,3,3,52,35,235,4,ECE,1
9.96,4,3,8,1,49,96,371,1,CSE,1
7.73,2,6,1,0,42,20,271,4,ECE,1
9.17,2,2,3,3,18,90,207,2,IT,1
6.05,6,3,7,3,45,87,499,1,MECH,1
8.78,5,6,7,2,82,40,40,6,IT,1
8.83,3,8,7,2,27,76,229,8,ECE,1
6.1,6,2,0,3,39,66,338,4,MECH,1
8.24,4,10,1,2,30,99,339,1,CSE,1
7.61,2,6,6,2,20,32,143,3,IT,1
8.86,6,9,8,0,60,21,407,7,CSE,1
7.6,2,5,8,1,71,76,8,2,CIVIL,1
6.44,5,1,3,0,80,5,246,4,CIVIL,1
6.65,5,9,3,2,19,38,159,3,MECH,1
7.04,0,8,3,2,66,88,452,7,CSE,1
6.02,6,1,2,2,13,66,389,2,ECE,1
7.66,0,5,5,1,61,55,235,5,IT,1
7.25,5,7,4,3,86,47,150,7,MECH,1
9.49,5,2,8,3,24,7,139,5,MECH,1
7.07,6,7,6,1,56,84,225,8,CSE,1
9.01,0,10,3,3,35,14,177,6,IT,1
6.61,2,2,5,0,73,90,199,8,ECE,1
6.09,1,10,6,3,1,96,26,6,IT,1
7.08,2,5,5,2,67,54,101,7,IT,1
6.79,3,2,1,2,24,59,110,2,CIVIL,1
8.04,5,9,5,2,63,1,176,4,IT,1
6.86,6,2,1,2,84,51,384,1,CIVIL,1
9.19,4,9,0,3,52,96,6,3,CSE,1
8.28,1,9,0,2,47,57,310,2,MECH,0
7.01,6,1,1,1,23,77,205,2,ECE,1
7.89,2,6,5,0,4,22,495,3,IT,1
8.09,3,0,0,1,55,38,322,8,MECH,1
7.26,2,6,8,2,19,85,202,8,IT,1
8.47,6,1,1,1,62,41,38,4,CSE,1
9.45,3,5,1,0,55,15,284,2,CIVIL,1
8.89,4,5,1,0,16,5,168,8,CSE,1
6.16,3,8,7,2,56,36,467,2,CIVIL,1
6.49,6,3,8,3,75,11,254,5,MECH,1
7.22,6,6,8,0,81,41,218,2,ECE,1
9.84,0,4,6,2,72,33,99,1,ECE,1
8.71,3,0,4,2,62,56,277,7,IT,1
8.71,4,2,3,1,57,12,412,4,ECE,1
7.64,4,3,2,1,78,93,198,2,MECH,1
9.79,1,8,4,3,13,12,209,5,CSE,1
6.03,1,4,8,2,48,98,199,8,MECH,1
9.41,2,9,8,3,64,89,389,2,CSE,1
7.24,0,6,7,0,18,95,272,6,ECE,1
5.72,3,4,1,2,41,66,425,6,MECH,1
7.12,1,1,4,3,75,4,401,3,ECE,1
7.25,0,5,3,1,55,58,420,1,CSE,1
6.46,3,3,2,0,50,44,454,1,CSE,1
6.93,4,5,2,0,76,73,117,3,ECE,1
7.16,5,8,5,3,69,33,138,4,CIVIL,1
8.03,2,6,7,2,48,87,307,5,CSE,1
6.72,4,8,6,0,52,70,127,6,CSE,1
6.34,2,3,2,3,14,63,65,2,IT,1
7.81,5,9,8,1,38,10,379,4,CIVIL,1
8.14,3,4,3,2,6,10,357,5,CIVIL,1
8.3,5,0,5,3,18,91,490,4,ECE,1
5.8,5,2,5,3,14,10,453,1,CIVIL,1
8.98,0,0,6,1,94,34,492,8,IT,1
8.81,0,9,3,1,64,51,83,8,MECH,1
8.04,5,3,0,1,67,19,254,7,CSE,1
9.02,0,3,5,1,55,25,242,8,CIVIL,1
9.73,1,4,0,0,16,54,394,5,IT,1
6.34,6,0,5,1,80,82,6,8,CSE,1
9.83,2,6,2,1,34,17,27,2,MECH,1
8.56,2,4,5,3,62,90,306,5,CSE,1
6.32,3,0,1,1,86,22,87,5,ECE,1
5.75,0,5,7,0,34,77,207,2,IT,1
7.17,4,9,0,2,71,55,46,8,CIVIL,1
7.46,6,1,2,1,28,3,194,2,ECE,1
9.89,2,9,8,0,81,26,337,2,IT,1
7.57,0,0,7,2,0,74,377,6,CIVIL,1
5.99,5,2,3,3,83,12,437,6,IT,1
7.4,3,8,5,3,88,31,325,8,IT,1
6.73,2,2,2,3,21,13,286,7,CIVIL,1
6.8,0,5,6,3,58,33,384,1,CIVIL,1
8.32,0,0,1,3,39,25,29,8,ECE,1
7.02,4,9,1,3,45,96,241,1,CIVIL,1
5.82,0,3,6,3,42,14,110,3,CIVIL,1
7.94,3,4,4,0,80,46,441,1,CIVIL,1
7.87,1,1,7,1,54,92,442,2,CSE,1
6.89,3,1,7,2,54,33,194,5,CSE,1
6.35,1,6,6,2,87,27,440,3,CIVIL,1
6.26,5,4,0,0,64,27,103,3,MECH,1
7.61,3,1,2,3,98,1,269,8,ECE,1
9.32,3,9,3,1,13,51,56,8,CSE,1
7.57,4,1,0,3,73,76,292,7,MECH,1
8.23,0,3,2,1,93,31,127,5,CIVIL,1
8.34,0,2,8,1,36,53,253,8,CSE,1
8.74,0,6,2,2,37,90,330,8,ECE,1
8.14,0,3,8,3,100,64,331,6,MECH,1
6.45,1,9,1,0,22,12,93,3,IT,1
7.05,0,1,2,3,17,29,188,7,IT,1
8.64,2,6,6,2,6,33,301,6,CSE,1
7.19,2,9,4,1,42,11,461,7,IT,1
7.09,1,3,5,0,20,50,63,3,MECH,1
6.31,1,9,7,3,64,82,142,6,CIVIL,1
6.62,0,0,2,0,86,13,416,7,IT,1
5.65,6,1,2,3,48,64,302,1,IT,1
9.93,0,0,6,2,67,52,347,7,ECE,1
5.9,6,6,6,0,34,39,482,2,ECE,1
9.33,1,3,3,0,21,19,157,3,CSE,0
6.54,5,5,0,3,10,39,407,7,CSE,1
7.95,1,1,3,0,98,43,332,1,CIVIL,1
8.32,5,7,6,1,64,29,18,6,CSE,1
8.71,1,3,3,2,84,44,289,5,CSE,1
9.37,0,2,0,3,79,19,350,3,IT,1
6.03,1,9,3,2,61,94,364,2,MECH,1
6.03,5,4,6,2,53,50,373,7,MECH,1
8.39,5,6,3,3,33,70,484,8,ECE,1
7.89,4,4,0,1,25,26,82,2,CIVIL,1
7.59,4,0,7,3,23,74,44,5,IT,1
5.64,3,7,6,1,73,88,52,5,CSE,1
8.02,5,6,8,0,71,75,450,6,ECE,1
7.12,2,0,0,0,24,92,452,2,CSE,1
7.3,5,7,2,3,35,85,419,4,MECH,1
6.84,2,6,5,2,57,16,342,6,IT,1
9.14,2,9,1,1,87,4,300,1,MECH,1
7.37,1,10,4,1,17,70,365,3,IT,1
9.42,6,10,4,3,87,98,127,5,IT,1
7.54,2,1,1,2,3,84,19,2,CIVIL,1
9.51,5,0,6,3,89,10,274,1,CIVIL,1
6.34,1,6,6,0,96,30,91,6,MECH,1
5.58,4,5,4,3,32,73,74,1,IT,1
8.58,0,1,3,1,66,78,179,8,IT,1
8.81,5,6,5,2,90,85,415,6,ECE,1
5.67,4,1,0,0,73,44,498,8,MECH,1
5.75,1,9,3,3,22,44,261,8,CSE,1
6.75,6,2,1,3,71,70,111,3,MECH,1
7.87,4,0,6,3,58,19,132,3,ECE,1
9.49,2,1,7,0,62,51,437,6,CSE,1
6.31,4,8,8,2,34,67,312,3,ECE,1
7.59,6,6,5,0,30,50,393,1,CSE,1
8.65,5,4,4,0,53,13,439,4,MECH,1
7.64,3,10,1,3,65,42,70,3,IT,1
8.99,6,7,2,0,13,50,191,1,CIVIL,0
6.76,0,5,0,0,45,40,43,1,ECE,1
8.39,3,4,0,3,98,6,335,7,CIVIL,1
9.87,2,5,0,3,67,91,267,7,MECH,1
7.33,6,7,4,0,20,6,28,6,IT,1
5.56,4,3,4,0,67,76,276,6,MECH,1
7.39,3,1,3,2,65,39,96,7,IT,1
6.74,1,4,3,3,96,0,315,1,IT,1
9.89,1,9,0,3,90,19,118,7,CIVIL,1
7.62,3,3,0,1,70,83,176,2,CSE,1
9.67,3,9,0,1,97,84,260,7,ECE,1
8.59,2,7,6,0,28,73,111,6,ECE,1
7.94,3,7,8,0,20,82,331,8,CSE,1
6.73,4,1,3,3,14,30,11,8,CSE,1
8.48,4,6,4,1,29,83,476,1,CSE,1
9.78,3,2,2,3,60,55,169,4,MECH,1
8.09,4,1,2,0,32,1,192,3,MECH,1
6.28,4,3,1,0,25,19,47,7,IT,1
8.71,2,7,8,3,40,49,114,2,IT,1
5.73,4,7,7,2,3,78,47,6,CIVIL,1
5.61,0,5,2,1,19,58,340,3,MECH,1
6.29,5,10,8,3,87,17,50,5,CSE,1
5.81,1,5,8,3,53,55,467,2,ECE,1
7.65,4,3,3,0,11,8,239,6,ECE,1
6.66,2,5,1,1,23,67,398,8,MECH,1
8.73,0,0,6,3,73,72,322,1,CSE,1
6.09,0,2,5,0,81,62,224,5,MECH,1
7.42,1,10,8,2,44,55,6,7,CSE,1
5.52,4,2,7,0,77,51,79,5,ECE,1
8.81,0,4,1,1,83,3,108,1,ECE,1
6.62,3,5,2,0,54,12,12,1,CSE,1
9.51,0,7,8,1,48,20,485,5,MECH,1
7.99,6,4,6,0,55,91,293,2,MECH,1
9.84,1,3,6,1,76,33,268,4,IT,1
9.23,0,2,6,0,73,0,294,2,IT,1
8.19,1,0,0,3,0,49,116,7,MECH,1
7.95,6,6,8,0,73,52,392,7,CSE,1
9.94,0,8,1,0,33,17,418,1,MECH,1
6.82,3,2,0,2,11,34,165,3,ECE,1
8.35,3,1,5,3,3,14,388,5,CSE,1
8.41,2,10,4,3,2,23,422,7,CIVIL,1
9.51,6,3,7,1,84,99,161,8,ECE,1
7.22,3,2,4,1,63,13,151,1,CSE,1
8.72,4,7,2,1,54,39,198,4,MECH,1
8.44,2,4,2,3,34,61,288,5,MECH,1
8.37,2,8,7,1,92,44,398,8,CSE,1
8.75,3,3,8,0,40,76,19,8,IT,1
8.94,6,1,2,1,19,24,144,3,CIVIL,1
8.14,2,2,5,0,3,29,302,5,CSE,0
6.34,2,3,6,3,24,28,381,1,CSE,1
5.79,1,1,3,1,36,89,203,7,ECE,1
6.05,0,2,3,1,18,10,71,6,CIVIL,1
6.49,0,10,5,2,67,11,192,8,CIVIL,1
7.22,2,6,0,3,11,58,389,1,CSE,1
5.96,6,3,1,2,5,57,466,2,ECE,1
6.0,6,9,1,2,66,38,360,1,CIVIL,1
5.64,0,3,5,3,71,99,474,6,MECH,1
5.71,5,8,6,0,60,9,304,7,CIVIL,1
6.91,1,4,7,3,48,86,362,3,IT,1
9.79,5,4,8,0,43,61,233,3,CSE,1
9.28,2,10,0,1,51,63,299,4,CSE,1
7.3,5,2,2,2,16,58,34,4,CSE,1
6.47,0,6,7,3,2,17,317,1,CSE,1
6.22,0,3,6,2,84,68,240,5,MECH,1
5.87,1,9,2,1,61,70,463,6,CSE,1
5.61,4,9,6,1,31,73,166,5,MECH,1
8.32,5,9,3,0,52,91,131,3,IT,1
8.37,0,3,0,0,44,36,248,4,IT,1
7.05,1,3,1,2,48,61,294,1,CSE,1
8.01,2,10,2,1,47,90,432,8,MECH,1
7.87,6,6,4,3,39,36,151,5,CIVIL,1
9.01,0,5,4,3,90,97,483,3,CIVIL,1
8.84,0,5,3,3,17,12,472,6,ECE,1
7.08,1,4,7,1,82,75,90,2,MECH,1
6.74,1,3,7,3,99,47,97,2,ECE,1
7.64,4,0,2,0,37,62,21,7,ECE,1
9.09,4,7,6,1,0,20,118,5,IT,1
8.98,5,10,1,3,3,32,227,8,CSE,1
6.06,1,10,3,3,87,34,250,7,ECE,1
6.16,2,2,4,1,81,56,477,3,CIVIL,1
6.39,4,0,8,3,33,88,57,8,CIVIL,1
6.04,6,1,4,1,93,82,98,3,CIVIL,1
9.06,1,10,6,0,94,15,99,4,MECH,1
8.81,3,10,7,0,36,65,86,1,ECE,1
6.13,6,1,8,3,61,43,160,2,CIVIL,1
6.86,0,10,5,1,41,65,236,4,CSE,1
6.03,4,5,8,3,71,42,449,5,CSE,1
6.07,0,9,6,0,83,30,356,6,IT,1
9.12,5,6,5,1,51,72,226,4,CIVIL,1
7.64,4,5,8,3,79,23,154,3,IT,1
8.27,5,7,8,0,48,54,252,3,CSE,1
8.07,4,5,5,2,41,36,317,2,MECH,1
9.99,6,10,1,2,73,57,24,5,IT,1
6.77,4,8,6,3,29,1,180,8,MECH,1
8.27,5,10,8,1,89,100,212,2,ECE,1
9.68,1,7,1,1,35,5,441,4,CSE,1
8.48,6,3,5,1,43,65,43,4,CIVIL,1
5.84,5,4,5,1,95,61,452,3,MECH,1
9.21,6,7,4,2,26,95,297,2,CIVIL,1
7.26,4,8,2,3,51,1,446,3,CIVIL,1
7.77,2,4,4,3,85,62,319,6,CIVIL,1
6.92,2,9,0,0,92,5,129,4,MECH,1
6.54,5,5,2,1,41,41,445,1,MECH,1
9.77,1,8,5,0,73,81,425,8,CSE,1
6.6,5,6,2,1,22,72,42,3,MECH,1
7.36,0,5,5,0,81,45,213,6,MECH,1
5.72,1,7,5,2,39,23,183,8,MECH,0
9.75,1,4,3,3,34,83,153,3,ECE,1
7.71,5,2,8,1,80,46,325,3,CIVIL,1
9.1,6,1,6,1,86,70,253,8,CSE,1
5.89,1,2,3,3,45,75,244,1,MECH,1
8.81,0,10,6,0,18,62,87,8,CSE,1
7.53,4,5,6,1,48,58,115,7,IT,1
6.8,0,9,5,3,28,29,500,8,CIVIL,1
6.47,5,6,6,0,4,96,460,2,MECH,1
5.62,4,2,4,2,91,56,370,1,CIVIL,1
9.81,5,0,1,2,99,42,295,3,ECE,1
9.63,4,9,4,2,61,70,70,5,CSE,1
6.26,3,8,1,3,90,35,383,4,MECH,1
6.29,2,7,0,1,65,93,413,5,CIVIL,1
7.92,6,2,4,2,21,79,460,3,MECH,1
8.0,1,6,0,3,36,0,141,5,CIVIL,1
8.92,4,1,3,0,91,86,446,4,IT,1
8.73,1,4,1,2,93,39,162,5,MECH,1
8.99,0,7,5,2,43,80,321,5,CSE,1
5.65,6,5,4,1,68,47,171,6,IT,1
7.12,2,8,0,3,27,87,200,1,ECE,1
6.24,0,9,5,0,74,69,90,1,MECH,1
7.78,2,10,8,2,81,78,384,6,CSE,1
9.43,0,10,2,1,78,7,46,8,MECH,1
8.46,1,8,4,0,26,96,215,7,IT,1
7.94,2,3,4,1,44,36,145,8,MECH,1
9.36,3,6,8,0,59,54,178,1,IT,1
6.22,4,6,1,0,93,52,124,2,IT,1
7.39,4,10,0,1,93,99,419,5,CSE,1
7.0,3,10,3,0,60,16,471,7,CIVIL,1
9.75,5,8,4,1,1,93,112,7,ECE,1
5.9,5,8,6,1,67,90,333,3,IT,1
9.53,1,9,1,3,32,53,400,7,ECE,1
9.13,2,1,8,0,62,3,164,6,ECE,1
5.51,6,8,0,3,41,96,285,5,MECH,1
7.07,6,1,2,1,51,76,462,4,MECH,1
6.82,5,7,4,3,84,24,384,4,CSE,1
8.98,2,4,4,2,93,17,381,5,IT,1
7.55,1,1,0,1,41,83,444,5,CIVIL,1
6.48,4,9,6,0,38,27,10,5,MECH,1
9.67,0,6,0,0,63,13,438,2,MECH,1
9.21,4,3,3,1,22,92,311,3,ECE,1
9.1,1,9,5,2,4,0,390,5,ECE,1
8.1,3,8,3,3,4,99,1,8,MECH,1
7.91,2,0,1,3,6,73,474,4,CIVIL,1
6.71,3,3,0,2,56,77,299,1,CSE,1
6.97,1,1,4,2,45,42,337,8,MECH,1
6.76,6,4,7,0,7,69,201,4,CSE,1
9.69,0,3,0,0,7,41,90,8,ECE,1
6.4,4,1,2,3,45,77,272,5,CSE,1
6.59,6,8,6,1,12,90,473,5,CIVIL,1
7.14,1,5,1,0,3,64,215,7,MECH,1
5.55,4,8,0,2,86,78,88,5,ECE,1
6.06,5,6,1,2,59,63,162,3,CSE,1
8.06,4,5,1,3,86,70,394,6,CIVIL,1
5.73,2,5,3,2,34,70,25,1,CIVIL,1
9.96,3,3,3,1,40,94,197,8,CIVIL,1
9.7,6,1,0,2,15,0,367,1,CIVIL,1
7.45,0,9,5,0,2,84,335,4,IT,1
5.65,1,2,8,3,13,30,441,1,CSE,1
9.19,2,0,2,0,70,21,476,3,IT,1
6.3,0,8,0,3,34,70,152,2,IT,1
5.83,4,3,5,0,94,61,314,6,MECH,1
9.91,6,7,1,2,74,65,440,8,MECH,1
8.24,1,7,6,1,97,39,289,6,MECH,1
6.17,2,6,2,0,96,89,497,2,IT,1
9.4,3,9,1,3,12,1,37,8,IT,1
8.6,2,3,0,1,7,37,251,6,ECE,1
9.68,3,6,1,0,29,77,151,8,CSE,1
7.01,5,8,7,3,98,0,35,5,CSE,1
8.23,4,1,2,1,21,56,457,3,IT,1
7.09,1,9,2,0,56,33,418,2,CSE,1
8.16,3,3,5,0,89,76,388,4,IT,1
5.53,6,7,7,1,95,95,189,2,CSE,1
7.95,6,2,5,3,1,26,398,3,CSE,1
7.07,6,8,8,3,6,21,390,6,CSE,1
7.09,0,7,8,3,42,28,305,3,ECE,1
8.47,3,2,4,1,28,28,364,2,ECE,1
9.7,4,2,4,2,41,91,18,4,CIVIL,1
7.05,5,8,8,2,40,57,273,8,IT,1
7.87,2,1,8,1,81,58,266,1,ECE,1
7.68,3,3,6,0,89,68,412,6,MECH,1
8.44,5,2,7,2,48,49,392,6,MECH,1
6.5,6,0,4,3,22,27,262,8,MECH,1
9.34,6,5,2,2,56,38,46,1,ECE,1
8.03,6,9,3,0,94,62,487,7,IT,1
8.96,5,5,4,2,58,83,491,4,ECE,1
6.42,6,3,1,0,79,0,282,4,IT,1
6.62,3,5,0,2,3,47,387,5,MECH,1
6.24,0,7,8,2,100,73,252,2,MECH,1
6.67,0,5,8,1,76,24,234,1,MECH,1
8.93,0,10,7,2,83,12,345,3,ECE,1
8.17,3,6,3,3,91,32,489,5,MECH,1
7.84,4,0,4,2,45,100,263,5,MECH,1
6.47,0,9,8,3,80,67,28,6,CIVIL,1
5.67,3,5,4,0,67,46,395,6,IT,1
9.34,6,6,8,0,7,18,191,2,CIVIL,1
7.58,3,5,1,1,29,11,2,6,IT,1
9.49,1,8,4,0,62,66,227,2,CSE,1
7.39,6,10,8,0,43,8,189,6,CSE,1
5.58,3,6,7,0,84,10,383,8,ECE,1
8.31,3,1,3,2,83,24,332,1,IT,1
8.56,4,6,8,2,60,11,59,8,MECH,1
7.43,6,9,0,3,60,21,372,3,CIVIL,1
8.26,1,5,6,3,27,26,203,3,IT,1
5.79,1,4,6,3,90,74,187,2,MECH,1
7.21,0,8,8,1,7,33,401,3,IT,1
8.3,5,3,5,3,62,81,487,6,MECH,1
9.94,2,2,4,1,1,81,46,6,CIVIL,1
8.13,6,7,3,1,2,91,75,2,MECH,1
6.94,5,6,6,1,35,71,274,4,CIVIL,1
7.0,6,2,1,0,44,21,362,1,MECH,1
5.78,4,2,4,1,60,84,184,4,CSE,1
6.54,0,1,7,1,55,9,87,3,ECE,0
8.29,5,2,6,0,73,97,198,2,MECH,1
7.01,2,0,2,1,98,51,397,8,MECH,1
7.48,0,5,5,3,99,10,249,4,IT,1
6.16,4,8,6,3,85,3,61,2,IT,1
7.25,0,1,1,3,66,91,431,5,CIVIL,1
5.56,3,3,1,1,82,16,303,5,CIVIL,1
8.78,3,4,7,2,84,10,0,2,ECE,1
8.75,1,10,0,2,68,61,177,5,CSE,1
9.74,1,2,6,3,11,34,331,6,CIVIL,1
6.34,3,0,3,0,57,82,470,6,CSE,1
5.83,6,2,7,3,21,85,92,8,ECE,1
6.52,5,8,0,0,5,54,181,8,IT,1
8.93,6,0,1,2,49,28,180,5,ECE,1
6.35,5,2,5,2,78,74,36,8,CIVIL,1
7.63,2,8,4,2,14,58,421,1,CIVIL,1
9.46,5,4,5,2,65,60,419,4,ECE,1
5.7,0,6,7,1,54,96,368,4,MECH,1
8.32,3,8,1,0,41,87,317,5,CIVIL,1
6.81,4,6,8,0,37,48,285,8,MECH,1
9.4,4,9,6,2,65,43,153,1,CIVIL,1
9.91,4,5,3,0,72,21,383,3,MECH,1
8.75,3,5,5,1,59,21,437,2,IT,1
8.93,1,1,1,0,9,58,138,1,MECH,1
9.52,1,4,5,0,56,47,449,6,ECE,1
8.62,0,10,5,0,14,88,329,4,MECH,1
8.9,0,0,4,0,27,72,311,3,MECH,1
5.93,1,10,2,3,21,69,314,8,MECH,1
6.23,5,9,5,1,27,59,230,1,CSE,1
9.63,6,4,4,3,85,22,26,6,CSE,1
7.96,4,7,8,1,29,16,303,4,MECH,1
6.31,6,10,8,1,15,30,198,3,MECH,1
7.64,2,6,3,3,53,82,268,1,ECE,1
6.07,6,3,2,0,77,79,404,4,IT,1
6.13,3,7,8,1,21,74,48,8,IT,1
9.9,3,4,7,3,19,18,248,2,IT,1
6.42,5,2,8,1,13,88,10,6,CIVIL,1
9.1,4,2,2,1,54,75,370,3,CSE,1
9.25,4,3,5,3,53,28,457,7,CSE,1
8.67,0,4,7,2,15,46,270,5,CIVIL,1
8.59,4,6,3,0,47,47,173,6,ECE,1
6.93,5,4,4,1,24,30,188,2,IT,1
6.85,3,8,1,0,7,11,98,6,IT,1
6.02,5,5,5,3,39,35,315,4,IT,1
6.41,3,2,5,2,7,77,139,6,CSE,1
9.61,1,8,7,1,9,4,73,7,ECE,1
9.29,3,7,5,3,33,28,296,8,IT,1
8.02,1,0,5,2,30,90,472,7,ECE,1
7.43,2,8,7,2,94,24,176,1,CSE,1
8.49,6,0,5,2,61,37,325,5,IT,1
8.95,6,9,3,1,59,9,80,4,CSE,1
8.81,1,6,3,2,54,31,426,6,CSE,1
9.67,4,2,2,1,22,93,138,1,CIVIL,1
6.62,3,10,1,3,86,67,369,4,IT,1
6.98,5,6,0,2,100,60,443,5,CIVIL,1
7.31,5,5,0,1,17,95,15,3,MECH,1
8.52,0,2,7,2,48,38,209,2,CSE,1
8.28,5,6,6,2,68,87,116,1,CSE,1
5.96,2,7,5,2,68,82,16,6,MECH,1
8.98,6,0,8,1,74,78,195,8,MECH,1
6.26,3,7,0,3,7,39,411,7,CSE,1
6.52,6,8,7,1,34,99,498,7,CSE,1
5.92,5,2,5,2,10,54,202,1,IT,1
9.04,6,4,4,3,71,60,223,7,CIVIL,1
9.1,6,5,2,1,28,16,214,7,CIVIL,1
8.79,0,7,8,3,80,4,216,2,MECH,1
5.92,5,0,8,2,56,24,98,4,CSE,1
8.76,1,3,5,1,94,4,66,1,MECH,1
8.11,6,9,0,1,25,77,275,4,ECE,1
8.15,2,4,5,3,69,1,385,3,ECE,1
7.95,1,2,7,2,7,41,80,5,MECH,1
6.92,5,0,5,1,84,29,407,6,CIVIL,1
9.37,0,10,1,3,72,53,447,3,CIVIL,1
9.73,1,2,4,0,41,33,256,2,CSE,1
9.8,4,10,4,0,12,77,88,4,CIVIL,1
6.0,0,2,1,0,40,40,282,6,IT,1
6.73,4,9,2,1,43,86,499,8,IT,1
7.6,4,9,3,1,96,63,449,2,CSE,0
9.75,4,6,6,3,81,63,161,3,ECE,1
8.76,5,3,3,3,24,97,293,6,ECE,1
9.96,6,0,6,3,76,83,197,8,ECE,1
8.88,4,1,6,2,39,83,248,3,ECE,1
8.61,5,5,8,2,81,40,471,8,CIVIL,1
7.09,4,4,2,2,44,88,233,3,ECE,1
7.08,0,4,8,0,47,12,189,5,CSE,0
7.17,4,8,5,0,0,65,169,3,ECE,1
6.17,5,1,5,0,25,86,478,6,ECE,1
8.83,1,2,1,0,39,72,328,4,CSE,1
7.24,3,10,8,2,92,22,34,8,MECH,1
5.81,0,7,5,0,94,77,147,6,CIVIL,1
8.64,2,8,6,3,95,42,357,3,ECE,1
8.39,2,0,1,1,98,57,85,2,MECH,1
8.74,3,10,6,0,19,42,315,4,CSE,1
9.67,5,9,2,2,49,27,295,4,IT,1
5.97,1,4,2,2,68,97,422,3,CSE,1
6.03,2,10,4,2,13,7,239,3,MECH,1
6.34,1,10,5,1,20,50,124,8,IT,1
8.73,3,7,2,1,27,41,62,2,CIVIL,1
9.97,3,8,8,1,44,17,236,4,CSE,1
9.46,1,0,3,2,22,10,181,6,CSE,1
5.83,5,9,4,0,87,11,106,1,MECH,1
9.0,1,4,2,2,92,83,277,3,ECE,1
8.93,3,1,6,2,16,87,180,2,CIVIL,1
6.4,3,3,4,3,84,92,93,6,MECH,1
7.69,4,6,0,1,15,43,232,5,IT,1
7.32,5,4,6,1,6,44,377,2,CIVIL,1
6.53,2,5,5,1,98,19,173,3,MECH,1
5.52,0,8,5,3,20,88,84,6,IT,1
8.18,6,2,4,2,63,45,121,2,IT,1
8.91,3,3,3,0,17,38,141,3,CSE,1
8.42,0,1,5,1,61,57,6,2,CSE,1
9.71,3,2,4,1,24,54,58,4,IT,1
8.89,0,3,3,0,17,15,352,2,IT,1
5.66,4,6,5,0,17,13,165,1,ECE,0
9.48,0,8,5,2,77,35,14,1,IT,1
9.98,6,10,6,3,51,18,220,2,ECE,1
5.73,0,6,5,1,1,90,175,4,CIVIL,1
9.27,3,1,6,1,21,3,215,6,CSE,1
5.95,3,1,2,0,43,55,230,4,ECE,1
6.26,1,3,8,2,49,99,268,8,IT,1
7.29,3,2,0,0,29,29,179,4,MECH,1
8.02,3,5,5,1,52,11,337,2,ECE,1
6.03,3,1,3,2,6,81,81,5,MECH,1
8.63,2,8,6,0,94,72,191,1,CSE,1
9.57,4,6,1,3,36,4,21,7,ECE,1
8.18,4,10,1,0,32,83,360,1,CSE,1
9.01,0,7,0,3,13,12,271,8,CSE,1
9.57,2,4,8,0,99,23,49,1,ECE,1
9.23,3,1,8,1,9,5,375,3,CSE,1
6.86,4,5,1,3,10,84,166,4,CSE,1
7.36,3,1,6,2,15,20,136,2,MECH,1
8.22,0,2,4,3,100,66,419,2,MECH,1
7.74,6,8,3,2,41,96,138,7,CIVIL,1
9.28,5,2,7,0,35,62,185,6,CIVIL,1
8.95,5,9,3,3,80,36,21,2,ECE,1
8.18,6,10,1,1,95,6,299,6,MECH,1
9.28,2,0,6,3,100,55,442,7,CSE,1
8.44,1,2,8,0,50,11,440,8,IT,1
8.17,6,7,4,2,46,90,341,4,ECE,1
6.18,4,4,6,1,7,16,104,3,MECH,1
5.91,6,1,5,1,41,0,192,3,ECE,1
8.31,4,2,4,2,74,100,196,4,MECH,1
9.69,3,8,3,3,23,16,222,2,IT,1
9.47,5,6,1,2,62,32,312,1,CSE,1
9.48,0,3,4,0,48,79,107,3,MECH,1
8.19,4,4,0,3,42,4,261,5,ECE,1
9.97,1,4,8,2,0,50,134,4,IT,1
6.32,5,3,2,0,34,34,16,3,CSE,1
8.43,1,8,5,0,14,75,74,3,MECH,1
6.09,2,2,2,2,32,86,133,7,ECE,1
7.94,4,5,2,0,94,7,424,5,IT,1
8.12,3,1,2,1,55,7,393,8,CIVIL,1
6.5,5,3,5,1,6,94,484,7,CSE,1
6.1,6,4,8,1,94,21,393,5,CSE,1
6.89,1,7,0,1,77,54,95,3,IT,1
8.78,3,1,8,3,98,22,300,5,ECE,1
5.99,4,5,5,0,100,0,6,8,MECH,1
7.95,4,6,1,3,76,17,419,7,ECE,1
9.69,1,4,6,3,36,13,293,3,ECE,1
9.97,4,1,1,1,1,28,48,7,CSE,1
9.14,1,5,4,1,92,92,407,4,CSE,1
8.69,0,5,7,2,72,81,276,4,CSE,1
8.43,6,9,5,2,43,72,111,6,CSE,1
6.01,3,0,5,2,48,72,253,1,CIVIL,1
8.36,1,7,4,3,45,34,177,3,CIVIL,1
9.18,2,6,4,2,70,3,482,2,CIVIL,1
6.13,2,10,7,3,94,85,25,5,MECH,1
6.89,6,7,7,3,0,10,27,6,MECH,1
8.1,0,10,1,2,77,4,241,4,IT,1
7.62,1,4,8,3,49,39,400,2,IT,1
7.84,1,3,3,3,2,92,324,3,CIVIL,1
6.59,4,3,0,1,12,2,3,1,CIVIL,1
9.39,4,0,4,0,52,92,143,4,MECH,1
7.86,6,4,5,3,28,45,44,2,IT,1
6.92,3,4,8,0,40,1,275,5,ECE,1
8.31,6,5,6,0,93,43,9,3,IT,1
9.53,4,5,6,1,15,30,105,8,ECE,1
8.41,6,2,3,0,47,9,475,5,CIVIL,1
7.13,5,3,6,0,89,68,435,3,ECE,1
7.67,6,0,3,0,22,97,304,3,CIVIL,1
6.38,1,7,3,0,31,50,174,1,CSE,1
5.62,6,2,5,1,37,14,314,1,ECE,1
9.42,1,2,2,3,94,92,382,6,MECH,1
9.96,2,9,6,0,65,45,382,6,IT,1
5.88,2,3,3,2,60,55,252,7,CSE,1
6.56,0,9,5,1,20,94,315,2,CIVIL,1
9.47,1,9,8,3,94,25,211,1,ECE,1
8.85,1,9,3,1,46,34,31,7,CSE,1
5.83,5,1,6,1,20,60,150,2,IT,1
6.09,3,8,4,2,79,23,221,8,CSE,1
9.17,2,6,3,0,94,56,7,5,IT,1
6.41,3,5,1,3,46,92,431,8,MECH,1
8.32,6,10,0,2,26,79,109,7,CIVIL,1
8.01,2,7,0,3,19,52,378,5,IT,1
8.95,0,1,2,2,11,13,418,3,CSE,1
8.1,6,5,6,2,81,18,285,6,CSE,1
5.66,0,1,8,1,53,4,327,1,MECH,1
9.86,2,1,3,1,80,68,466,2,IT,1
8.36,0,8,6,2,45,40,155,1,ECE,1
8.65,6,4,7,1,32,44,356,4,MECH,1
7.79,0,6,2,2,0,16,190,1,ECE,1
8.22,4,0,2,0,33,83,212,6,ECE,1
6.02,3,10,0,2,97,80,348,5,CIVIL,1
7.05,4,0,0,0,65,96,421,4,IT,1
6.98,2,0,5,0,38,90,284,5,IT,1
7.77,6,8,4,2,87,35,377,2,CSE,1
6.83,2,1,1,0,66,50,233,6,ECE,1
7.9,1,1,6,1,8,85,473,1,MECH,1
9.14,3,4,6,3,96,77,442,7,ECE,1
8.53,2,2,0,1,9,18,361,4,CIVIL,1
8.39,0,5,6,2,88,94,167,3,ECE,1
5.68,0,10,7,3,4,100,406,8,ECE,1
9.83,6,6,1,1,74,56,468,5,ECE,1
7.76,5,2,6,3,92,12,259,6,MECH,1
7.36,6,9,1,3,33,80,410,3,CSE,1
9.15,3,0,7,0,3,65,90,7,MECH,1
7.91,4,2,3,3,79,37,335,7,CSE,1
5.66,1,4,7,2,3,76,304,1,MECH,1
6.85,6,3,8,0,6,11,76,5,MECH,1
8.46,5,3,5,1,92,44,374,5,CSE,1
7.85,0,3,1,2,36,51,298,4,IT,1
8.19,2,8,1,2,59,65,268,6,MECH,1
6.29,6,1,5,0,2,77,150,7,CSE,1
6.67,2,1,5,0,35,25,130,3,CSE,1
9.56,6,4,7,1,72,48,318,8,ECE,1
9.45,1,4,0,2,54,75,177,1,CIVIL,1
5.55,4,9,7,1,54,95,32,4,CIVIL,1
8.71,6,10,2,0,30,31,277,5,CIVIL,1
9.18,3,10,6,0,63,12,366,5,ECE,1
9.08,4,5,1,3,21,62,146,4,ECE,1
7.15,4,9,3,0,43,70,399,1,ECE,1
7.44,0,9,5,1,37,84,446,7,IT,1
7.32,3,10,2,3,63,99,256,1,IT,1
5.67,4,10,2,1,78,5,139,3,CSE,1
7.6,2,2,6,1,89,81,472,1,CSE,1
6.23,2,9,6,3,21,42,127,6,ECE,1
6.48,0,3,2,0,15,64,250,1,IT,1
7.61,2,1,2,2,38,19,464,5,MECH,1
6.4,0,9,6,3,33,71,288,8,ECE,1
8.37,5,4,1,0,97,19,228,2,ECE,1
7.25,5,8,1,2,68,42,148,2,ECE,1
7.6,1,10,2,3,34,79,466,1,CIVIL,1
8.82,6,7,6,1,87,62,116,5,CSE,1
6.64,2,7,3,0,30,71,488,1,IT,1
8.44,5,9,0,0,29,53,132,4,IT,1
7.43,5,2,4,3,1,38,192,5,ECE,1
9.69,5,1,8,3,73,79,194,8,IT,1
8.4,2,10,7,1,66,40,70,4,CSE,1
8.07,3,6,2,2,20,31,433,5,ECE,1
6.9,6,7,5,3,92,1,267,4,IT,1
8.56,5,7,6,1,78,38,68,8,CIVIL,1
5.64,5,0,6,2,33,92,10,8,CSE,1
6.43,6,1,1,0,3,87,395,2,ECE,1
8.38,4,7,2,1,100,17,207,2,MECH,1
6.18,0,3,0,1,35,50,254,2,MECH,1
6.91,6,3,5,3,62,92,226,6,IT,1
5.89,6,5,5,1,97,53,132,4,MECH,1
8.28,1,6,3,1,5,37,192,4,CIVIL,1
6.67,6,0,1,3,41,71,268,4,CSE,1
7.17,1,0,3,0,8,66,49,4,CSE,1
9.47,6,3,6,0,69,62,368,1,ECE,1
7.83,2,4,0,3,59,2,56,8,CIVIL,1
7.85,3,9,2,2,4,1,494,2,MECH,1
8.94,4,0,6,1,53,0,377,4,IT,1
5.52,5,4,5,2,60,71,31,1,IT,1
8.7,1,5,0,0,16,68,367,6,CIVIL,1
6.01,4,9,5,1,20,13,112,2,ECE,1
8.5,2,2,3,2,55,54,177,3,IT,1
6.16,2,2,4,3,64,6,358,4,MECH,1
7.13,5,10,6,1,4,88,196,1,CSE,1
6.2,6,10,1,3,91,93,449,6,CSE,1
9.1,5,2,7,2,86,91,422,4,CIVIL,1
8.31,3,5,8,0,31,74,41,4,ECE,1
9.73,0,8,3,0,30,94,402,4,CIVIL,1
7.61,2,4,3,3,92,44,212,4,MECH,1
5.54,6,7,6,0,71,3,95,8,CIVIL,1
6.35,4,6,2,1,42,10,390,7,CIVIL,1
5.6,1,10,1,0,9,27,375,3,CSE,1
5.78,2,6,3,2,0,93,308,6,CSE,0
7.05,0,6,0,1,13,12,457,3,CIVIL,1
9.03,6,3,4,3,9,85,421,6,IT,1
5.74,1,7,8,2,81,75,214,7,MECH,1
6.39,0,4,1,1,20,97,469,7,MECH,1
5.83,6,2,1,3,84,88,244,2,ECE,1
6.91,4,7,2,2,100,63,228,4,CIVIL,1
6.07,5,10,3,0,17,18,213,6,CIVIL,1
8.49,3,5,6,0,52,51,269,4,IT,1
8.07,5,9,4,2,98,42,117,8,CSE,1
9.65,0,1,5,2,50,42,496,3,CIVIL,1
6.45,2,2,3,1,59,59,33,5,CSE,1
6.86,4,2,4,0,11,53,72,7,CIVIL,1
7.65,1,2,6,0,99,51,19,1,ECE,1
6.96,4,7,2,0,85,40,387,1,MECH,1
6.32,3,4,6,0,72,58,14,3,CSE,1
6.9,4,0,7,3,96,26,480,6,IT,1
6.17,6,7,7,3,33,4,452,4,CSE,1
8.05,6,2,0,3,96,5,142,2,CIVIL,1
6.87,0,9,5,2,36,24,336,3,CSE,1
6.19,3,4,7,2,57,30,246,3,CSE,1
8.56,4,8,5,0,56,49,383,1,MECH,1
6.64,2,9,8,0,3,9,24,2,ECE,1
5.62,2,2,6,0,55,73,468,5,CIVIL,1
8.53,0,3,1,0,79,50,69,8,CIVIL,1
6.27,0,7,3,1,84,87,433,6,CSE,1
7.5,2,8,3,2,1,20,167,8,IT,1
5.77,0,1,5,1,36,70,40,3,IT,1
5.6,6,2,7,0,7,69,365,1,CSE,1
7.98,0,9,6,2,57,42,479,4,ECE,1
8.13,5,5,1,3,88,34,58,6,ECE,0
8.93,1,4,6,1,16,54,381,1,ECE,1
9.78,2,1,8,0,71,41,435,6,IT,1
6.57,1,3,8,1,8,44,247,6,CSE,0
8.01,3,8,8,2,93,73,10,7,MECH,1
9.91,1,10,5,0,80,74,215,3,MECH,1
7.15,5,0,4,0,84,15,214,8,ECE,1
8.9,0,8,0,3,3,96,193,5,CIVIL,1
7.23,0,0,2,2,51,42,420,2,ECE,1
6.32,4,10,5,1,55,63,286,6,MECH,1
7.86,0,9,5,2,2,71,414,8,ECE,1
9.61,3,9,3,0,61,43,37,7,MECH,1
5.86,3,1,4,3,1,33,138,3,CIVIL,1
5.52,6,1,4,2,95,41,361,4,IT,1
8.54,4,0,3,2,61,39,206,4,CSE,1
6.01,1,1,1,1,75,17,328,4,CSE,1
8.49,3,9,1,0,14,31,415,8,MECH,1
9.77,2,10,5,1,93,45,75,2,MECH,1
5.55,3,0,0,2,65,68,20,7,IT,1
8.32,6,0,8,2,19,89,304,7,ECE,1
8.64,5,9,7,1,3,54,251,8,CSE,1
8.05,1,1,8,2,47,11,57,3,CIVIL,1
6.42,3,3,1,0,84,33,164,5,ECE,1
9.57,4,0,3,3,6,61,95,6,CSE,1
9.95,5,4,1,2,87,5,492,2,IT,1
5.65,0,2,5,0,25,93,69,2,IT,1
5.99,5,6,0,1,11,54,28,2,CSE,1
8.34,2,2,6,1,87,89,226,1,CIVIL,1
7.68,6,6,5,2,12,29,336,7,CIVIL,1
7.63,1,1,8,2,23,38,463,3,CSE,1
9.02,4,6,5,0,27,65,180,2,IT,1
7.52,2,8,5,3,55,95,41,4,CSE,1
6.13,0,6,8,1,17,18,491,4,ECE,1
8.04,0,1,8,2,57,51,102,8,CIVIL,1
7.31,5,5,1,3,22,99,140,6,CSE,1
5.67,4,9,5,1,15,69,500,2,MECH,1
9.43,0,1,0,3,24,63,144,1,IT,0
7.63,3,10,8,3,82,33,235,5,MECH,1
6.6,0,7,5,2,38,26,118,6,ECE,1
8.1,4,4,3,1,92,30,171,4,CIVIL,1
8.64,6,3,6,3,72,21,490,3,IT,1
9.13,4,7,3,1,58,90,104,7,CSE,1
9.04,3,2,2,2,1,9,374,5,CSE,1
5.82,4,0,4,3,12,15,15,1,IT,1
8.32,1,5,4,0,78,11,302,5,CIVIL,1
5.73,1,1,3,3,16,30,80,7,MECH,1
6.55,4,6,8,1,35,86,326,6,CSE,1
8.26,4,3,7,1,15,0,148,2,CIVIL,1
6.76,6,10,6,1,12,3,385,4,ECE,1
5.61,2,2,8,1,23,6,431,5,MECH,1
9.71,3,7,4,1,63,79,248,6,IT,1
6.66,5,5,3,3,97,50,92,8,ECE,1
7.68,1,6,7,2,73,24,10,5,IT,1
7.48,6,8,0,2,53,13,100,6,MECH,1
7.64,1,2,3,3,49,65,152,1,IT,1
9.59,5,4,4,2,1,84,210,2,CIVIL,1
8.63,2,2,7,1,100,20,102,7,ECE,1
5.53,1,0,7,0,9,49,280,6,IT,1
9.37,4,6,4,3,27,57,434,6,IT,1
6.1,0,10,7,2,50,66,432,6,ECE,1
5.51,4,10,7,0,14,3,70,5,MECH,1
8.33,2,6,5,2,29,82,214,3,CSE,1
6.02,0,6,6,2,2,72,105,6,CSE,1
8.97,6,3,7,3,31,76,61,8,MECH,1
5.58,6,0,8,2,16,40,227,4,MECH,1
9.93,2,2,7,2,78,4,29,2,IT,1
9.63,1,6,2,2,70,71,8,5,ECE,1
9.32,6,0,3,3,60,66,128,2,MECH,1
7.24,0,1,0,3,77,56,179,6,IT,1
5.97,4,9,8,2,2,30,58,3,IT,1
7.58,4,0,3,0,50,78,368,3,IT,1
6.88,3,2,1,1,97,46,64,6,ECE,1
7.66,0,8,8,0,8,6,458,2,ECE,1
6.5,1,2,7,0,65,97,492,8,MECH,1
5.59,1,0,2,2,92,13,157,4,ECE,1
5.99,1,2,1,0,67,45,456,1,CSE,0
6.77,0,0,0,1,94,100,491,4,IT,1
9.9,4,3,6,1,14,6,37,1,MECH,1
7.32,3,10,4,2,97,67,324,1,IT,1
6.33,3,9,0,1,57,53,135,8,CIVIL,1
8.65,1,3,3,1,25,59,207,5,IT,1
9.2,4,1,4,3,68,34,5,8,CSE,1
8.55,4,1,6,0,42,88,294,2,IT,1
5.67,2,2,0,0,92,21,363,2,ECE,1
8.46,2,6,7,3,13,5,203,2,MECH,1
5.6,3,8,8,1,43,83,424,8,CSE,1
9.93,3,1,8,2,99,92,397,1,IT,1
8.93,2,5,4,1,32,67,184,2,CIVIL,1
5.92,5,6,8,0,66,27,402,8,ECE,1
5.83,6,8,8,3,50,16,320,2,ECE,1
9.33,4,0,8,1,32,28,116,6,CIVIL,1
9.49,0,2,7,0,31,79,337,7,CIVIL,1
9.5,0,3,8,2,5,80,254,2,CIVIL,1
6.93,6,5,4,3,78,9,440,2,CSE,1
9.79,6,5,6,2,24,72,403,3,ECE,1
8.86,4,4,0,0,28,71,157,5,CIVIL,1
7.61,1,3,8,3,83,47,276,3,IT,1
7.26,1,7,7,0,40,49,386,1,MECH,1
6.9,2,0,6,1,86,38,428,8,IT,1
6.79,6,1,7,2,25,63,387,6,ECE,1
9.03,2,5,6,0,71,0,272,4,IT,1
7.17,4,3,8,0,61,90,170,3,MECH,1
9.48,0,7,6,3,53,50,410,3,CSE,1
9.18,1,3,4,3,81,75,178,2,CSE,1
9.57,2,8,6,3,6,8,302,5,CSE,1
8.82,5,9,7,2,91,59,321,8,CSE,1
8.44,0,9,7,2,87,30,94,2,CIVIL,1
7.69,6,9,6,0,79,88,83,7,ECE,1
5.61,0,1,3,2,0,32,448,3,ECE,1
9.51,4,0,8,3,52,22,55,6,MECH,1
7.0,1,6,3,2,19,19,248,4,ECE,1
6.16,0,9,5,1,17,52,432,3,MECH,1
8.87,0,2,0,1,46,34,385,1,ECE,1
8.74,5,0,0,2,42,16,347,5,IT,1
9.76,0,0,5,1,45,55,46,2,CIVIL,1
8.05,3,9,6,2,88,23,178,1,IT,1
6.55,5,3,5,3,93,54,139,4,CIVIL,1
6.99,0,4,0,2,37,50,303,8,IT,1
7.56,1,4,4,1,43,74,82,1,CSE,1
7.02,2,1,3,2,24,94,61,6,ECE,1
9.31,0,9,2,3,68,22,256,6,MECH,1
9.74,2,4,0,2,88,98,181,2,CIVIL,1
9.1,2,2,8,1,92,88,109,3,IT,1
9.87,0,5,1,0,58,81,140,3,IT,1
7.77,6,10,0,0,66,68,468,5,ECE,1
8.41,1,7,5,2,62,60,441,2,CSE,1
6.08,2,5,8,2,22,35,202,4,IT,1
6.6,0,3,5,3,42,70,60,4,CIVIL,1
5.73,5,5,2,3,53,43,18,3,CSE,1
8.46,5,5,3,3,45,92,196,3,CSE,1
8.28,0,1,3,1,1,54,3,2,IT,1
6.25,3,5,3,2,59,97,326,6,IT,1
5.76,4,4,8,3,18,47,275,4,MECH,1
5.53,5,1,1,0,29,49,352,1,CIVIL,1
9.76,0,7,3,1,83,37,249,1,MECH,1
9.26,2,4,0,3,100,54,381,6,CIVIL,1
7.05,3,1,8,0,45,50,330,2,CSE,1
6.54,4,6,8,1,27,72,493,5,CSE,1
7.31,3,8,6,3,45,68,368,7,ECE,1
6.65,5,3,1,0,53,44,500,1,IT,1
6.99,0,6,6,0,6,89,433,6,ECE,1
6.18,3,1,0,1,23,85,249,5,CIVIL,1
9.58,3,2,1,3,84,21,153,7,MECH,1
6.75,5,10,2,1,27,16,482,1,CIVIL,1
8.91,6,10,1,1,96,22,478,1,CSE,1
7.4,1,6,1,2,61,15,20,1,MECH,1
6.07,3,3,3,0,63,42,398,2,CIVIL,0
5.89,2,0,8,0,95,75,386,2,CIVIL,1
7.36,0,10,0,0,29,82,208,6,ECE,1
9.74,6,2,4,3,29,81,327,7,IT,1
7.9,3,5,8,3,66,19,250,6,CSE,1
5.92,5,9,4,2,59,77,246,2,CSE,1
6.65,6,8,3,3,61,59,215,8,CSE,1
6.58,5,10,8,0,64,39,256,3,CSE,1
6.56,2,2,5,2,30,82,24,5,CIVIL,1
6.91,4,5,3,2,1,87,280,6,CSE,1
6.5,4,7,5,2,51,57,117,1,IT,1
8.17,1,1,6,2,28,11,122,2,CSE,1
7.71,4,8,2,2,67,36,26,5,IT,1
7.15,5,8,3,1,20,39,484,5,IT,1
5.61,4,5,1,1,32,42,195,7,ECE,1
8.73,5,5,1,0,73,60,239,1,CIVIL,1
8.88,5,5,6,0,16,55,21,2,MECH,1
7.13,1,7,8,1,5,43,10,5,IT,1
5.86,6,8,8,1,18,10,27,1,CIVIL,1
9.59,1,7,1,0,9,32,330,8,CIVIL,1
9.21,3,10,2,3,68,56,426,6,IT,1
8.96,5,6,6,1,3,76,160,2,CSE,1
5.68,5,0,4,2,97,3,92,8,ECE,1
6.74,2,2,8,3,59,17,239,1,ECE,1
9.8,6,0,1,2,3,68,33,7,ECE,1
5.88,2,5,1,2,29,60,449,3,CSE,1
9.98,3,7,2,1,33,33,236,4,CIVIL,1
9.89,1,8,5,1,3,81,489,2,IT,1
6.92,0,9,2,3,45,70,17,5,MECH,1
9.35,5,5,2,2,55,29,437,7,CIVIL,1
7.15,0,2,4,0,56,12,339,1,ECE,1
6.13,6,0,6,2,13,22,140,6,ECE,1
9.05,4,9,6,1,12,91,232,3,CSE,1
5.57,1,6,8,2,39,60,276,3,CSE,1
9.98,5,6,1,2,5,0,405,6,CIVIL,1
7.85,6,4,0,1,67,69,312,4,CIVIL,1
9.91,6,2,0,1,6,24,492,7,MECH,1
8.25,0,5,3,3,96,41,350,7,ECE,1
5.97,4,7,6,1,26,31,74,4,ECE,1
7.22,5,1,6,3,2,83,153,3,MECH,1
6.34,6,1,4,3,44,36,403,1,CSE,1
6.78,2,4,4,2,97,89,156,6,MECH,1
7.36,0,1,5,1,38,59,282,7,IT,1
8.93,6,9,2,1,81,73,258,1,ECE,1
7.32,5,0,0,3,87,97,211,1,MECH,1
6.47,5,1,4,1,20,98,417,1,CSE,1
6.5,5,6,5,2,18,12,137,2,CSE,1
9.13,0,9,3,1,32,23,203,6,ECE,1
6.84,0,10,6,1,18,74,419,7,CIVIL,1
7.28,5,6,5,2,66,17,40,2,CIVIL,1
8.15,2,8,0,1,56,62,199,8,CSE,1
7.81,2,1,0,2,28,15,443,7,IT,1
9.93,1,2,4,1,89,45,278,8,ECE,1
7.97,6,7,5,2,93,48,277,2,IT,1
9.08,0,2,6,2,58,57,176,1,CSE,1
6.58,4,9,3,1,75,2,315,2,CIVIL,1
6.59,4,1,6,2,86,58,500,6,IT,1
7.95,6,8,8,2,69,95,320,7,ECE,1
5.59,5,2,8,1,62,52,244,2,CIVIL,1
8.81,0,6,7,1,13,55,440,8,IT,1
9.93,1,10,8,0,93,89,218,3,MECH,1
9.12,0,7,8,3,50,12,21,7,CSE,1
7.91,0,10,4,2,67,30,259,6,IT,1
9.92,5,7,2,3,95,40,0,3,ECE,1
7.26,6,8,6,2,27,90,59,2,ECE,1
8.84,0,0,0,1,50,58,459,2,CSE,1
8.17,4,8,7,2,26,68,346,3,ECE,1
9.68,4,4,6,2,74,69,3,4,MECH,1
7.96,1,0,2,3,15,20,247,5,ECE,1
6.68,0,10,2,3,91,39,217,3,ECE,1
7.73,2,2,4,3,90,38,64,8,CSE,1
8.49,4,1,6,0,12,4,169,4,IT,1
8.86,3,8,1,1,56,43,32,5,MECH,1
5.72,5,8,2,3,62,28,486,2,CIVIL,1
7.73,3,2,8,2,46,43,379,2,CSE,1
8.01,2,5,6,0,36,41,20,4,MECH,1
9.95,0,6,3,0,54,61,187,8,IT,1
9.19,6,2,3,1,9,8,348,2,MECH,1
7.7,0,3,7,2,27,77,486,6,IT,1
9.59,2,8,0,0,33,8,2,4,IT,1
6.6,4,1,4,2,70,92,428,3,CSE,1
9.09,4,7,6,1,52,85,111,5,CSE,1
6.68,0,3,0,1,16,56,259,1,CIVIL,1
6.83,4,5,8,1,36,28,246,2,CIVIL,1
6.59,6,10,7,2,85,96,320,1,MECH,1
6.08,6,8,4,1,32,68,408,3,IT,1
9.19,3,8,5,2,27,73,451,3,ECE,1
5.76,6,4,5,3,13,39,79,8,CIVIL,1
7.41,2,0,0,0,52,86,87,2,ECE,1
5.76,0,0,7,3,59,35,440,4,CSE,1
9.28,6,9,3,1,100,96,51,4,IT,1
7.72,1,10,4,0,20,53,139,2,MECH,1
5.77,0,0,6,1,73,100,201,3,IT,1
6.46,6,9,0,2,75,84,17,5,ECE,1
5.58,1,6,2,0,34,65,123,5,ECE,1
5.94,2,10,2,2,46,84,126,5,MECH,1
7.79,4,3,2,3,86,43,154,2,IT,1
8.35,2,8,5,0,34,42,461,2,IT,1
9.89,5,2,6,0,89,36,127,7,CIVIL,1
9.26,1,10,3,0,97,64,488,7,CIVIL,1
8.74,1,6,7,3,24,60,85,2,IT,1
5.62,2,6,1,2,96,26,74,5,CSE,1
8.51,5,0,7,2,73,14,467,5,CIVIL,1
6.63,2,8,5,2,97,56,45,1,CIVIL,1
6.81,1,7,6,2,15,5,8,4,IT,1
5.96,6,5,7,0,97,28,70,8,ECE,1
6.81,2,3,4,3,75,54,197,8,IT,1
9.15,3,1,7,3,88,11,239,1,CIVIL,1
9.63,1,2,7,3,15,63,243,1,MECH,1
7.38,4,7,1,2,28,63,265,6,ECE,1
5.69,0,4,7,3,21,30,430,5,MECH,1
6.44,5,0,3,2,54,59,390,2,CSE,1
8.19,1,10,6,0,25,93,78,5,CSE,1
5.8,3,1,1,0,0,56,198,8,CSE,1
6.53,5,8,4,2,89,37,49,1,MECH,1
6.92,6,6,2,1,96,19,465,6,CSE,1
9.77,4,3,2,0,12,20,124,4,CIVIL,1
6.02,0,6,5,3,97,22,104,8,ECE,1
8.36,4,0,5,0,52,67,289,2,IT,1
9.82,0,7,8,2,83,3,53,6,IT,1
9.52,1,6,1,2,84,51,401,8,ECE,1
7.28,3,8,2,1,85,14,435,3,IT,1
7.68,1,2,4,1,64,96,35,4,CSE,1
9.34,2,8,1,1,91,15,117,3,ECE,1
6.58,6,3,1,2,11,8,463,2,CIVIL,1
6.9,6,6,6,1,25,75,103,5,ECE,1
7.54,4,2,2,3,72,55,73,2,CSE,1
6.52,0,9,6,2,34,4,7,3,CSE,1
6.18,4,8,7,2,49,95,107,4,ECE,1
6.17,0,8,6,2,27,64,19,1,IT,1
8.45,4,7,7,0,70,34,98,4,ECE,1
7.51,1,2,5,2,32,77,443,2,CSE,1
7.73,0,9,6,0,41,9,194,8,MECH,1
9.13,6,9,1,0,90,92,268,1,MECH,1
9.24,4,10,2,0,50,49,344,2,IT,1
7.95,3,5,4,1,88,36,454,3,MECH,1
8.35,1,4,7,0,74,52,84,6,CIVIL,1
9.97,5,7,4,0,18,31,158,4,ECE,1
8.0,3,2,7,0,52,79,320,8,CSE,1
9.33,1,0,3,0,77,61,96,1,MECH,1
7.58,6,9,1,3,61,12,297,8,CIVIL,1
6.25,5,0,6,0,76,86,308,2,ECE,1
8.3,4,2,5,0,8,97,380,8,CSE,0
5.77,4,6,4,2,40,50,414,4,CIVIL,1
6.19,0,5,0,0,80,56,305,6,MECH,1
8.5,5,2,2,2,3,85,96,4,CSE,1
9.87,4,2,1,2,36,73,75,5,ECE,1
6.81,4,5,0,1,12,78,271,5,CSE,1
7.58,2,4,3,1,25,37,471,2,MECH,1
5.69,2,6,0,2,23,10,415,4,ECE,1
8.66,2,9,3,3,32,80,158,2,MECH,1
5.65,4,4,2,1,83,59,448,5,MECH,1
9.11,6,10,7,2,84,77,396,3,IT,1
9.47,6,1,7,3,16,89,79,6,IT,1
9.43,5,4,4,2,2,68,357,2,MECH,1
9.92,6,0,2,3,65,93,59,1,CSE,1
7.63,2,6,4,2,61,29,454,5,MECH,1
6.88,4,3,3,1,44,75,57,8,MECH,1
6.82,4,10,8,0,92,25,49,7,CSE,1
7.86,6,10,2,3,62,19,358,6,MECH,1
5.92,0,9,2,2,74,29,303,6,MECH,1
6.42,1,7,7,1,44,24,132,5,ECE,1
8.92,4,4,4,0,56,94,355,6,ECE,1
9.23,5,8,2,3,41,62,387,7,CIVIL,1
6.43,4,7,8,1,71,31,60,2,MECH,1
9.39,5,3,4,0,81,30,148,1,CIVIL,1
9.23,3,7,3,3,32,65,162,7,MECH,1
6.14,0,10,0,0,24,14,368,8,CIVIL,1
7.14,3,0,7,3,71,10,381,1,ECE,1
9.44,5,5,5,1,40,63,435,6,CSE,1
6.8,6,4,8,1,36,88,321,7,ECE,1
8.92,5,6,4,0,1,87,122,1,CIVIL,1
9.87,3,9,7,2,2,10,351,5,CIVIL,1
8.25,3,7,4,1,67,87,318,3,MECH,1
9.76,1,1,5,0,41,58,419,2,CSE,1
7.67,5,7,1,2,39,37,306,4,CIVIL,1
6.01,0,4,7,1,86,24,88,8,CSE,1
5.71,6,7,5,1,48,93,430,5,IT,1
9.08,3,5,2,1,54,88,322,3,MECH,1
5.65,0,4,8,0,77,59,499,1,IT,1
7.4,0,7,8,3,2,63,462,2,IT,1
7.51,6,2,0,0,53,21,451,7,CIVIL,1
6.36,0,7,0,1,53,48,357,4,ECE,1
9.48,6,8,5,1,99,53,356,4,MECH,1
7.77,3,0,8,0,84,43,199,2,MECH,1
6.89,2,4,7,2,0,20,411,6,CSE,1
9.79,6,4,8,1,43,44,491,7,ECE,1
7.89,4,7,1,1,85,58,288,6,CSE,1
7.02,0,0,0,2,61,52,480,1,CSE,1
6.35,1,5,8,3,86,5,341,1,ECE,1
9.57,2,10,6,1,83,51,255,5,CSE,1
8.43,3,6,8,0,95,71,259,5,CIVIL,1
8.56,2,0,0,1,30,72,341,5,CSE,1
7.47,0,7,3,2,47,57,278,5,CIVIL,1
5.94,5,4,5,3,51,35,355,3,MECH,1
6.27,5,7,1,2,72,16,158,8,CSE,0
8.1,2,2,3,0,67,95,359,1,CIVIL,1
6.12,2,6,3,0,13,85,404,5,IT,1
9.62,5,6,0,0,4,100,100,7,ECE,1
7.26,2,9,4,2,84,88,189,4,CSE,1
7.75,2,0,0,0,27,38,460,7,ECE,1
8.42,3,9,4,1,76,96,322,7,CSE,1
6.07,2,1,1,3,25,23,28,3,CSE,1
9.39,3,5,0,2,63,68,397,6,CIVIL,1
9.78,0,4,2,1,100,20,15,8,MECH,1
7.59,4,3,3,2,10,75,302,2,CIVIL,1
5.63,4,1,4,3,34,71,119,4,CSE,1
7.85,6,4,6,0,39,93,425,1,CSE,1
7.5,5,6,0,3,61,54,456,3,CIVIL,1
8.72,2,9,2,0,70,27,125,6,MECH,1
6.28,3,8,5,0,4,2,423,7,CIVIL,1
5.61,5,3,8,3,1,3,362,7,CSE,1
9.29,5,8,4,0,72,27,437,7,MECH,1
8.3,4,3,5,2,88,77,325,2,CIVIL,1
8.26,6,10,1,2,100,40,192,4,IT,1
6.29,6,7,5,1,26,59,20,5,CIVIL,1
6.57,6,4,3,2,25,71,314,2,ECE,1
5.6,4,5,2,3,82,79,338,4,CSE,1
7.64,3,1,1,3,20,84,175,3,ECE,1
10.0,0,7,4,3,89,19,389,6,CIVIL,1
9.17,0,2,7,3,78,9,335,8,CSE,1
8.28,2,7,1,3,25,10,492,2,CIVIL,1
6.89,2,5,7,3,75,45,47,2,MECH,1
6.44,5,2,4,3,96,11,134,3,MECH,1
8.3,5,2,5,1,10,91,204,7,MECH,1
6.87,3,2,6,1,37,1,425,7,CSE,1
9.18,5,4,5,0,76,62,253,2,CIVIL,1
8.16,1,10,7,0,63,61,346,4,MECH,1
7.72,3,0,3,1,53,93,271,4,IT,1
7.15,0,4,1,0,50,30,21,8,CIVIL,1
9.97,0,2,4,2,87,2,194,4,ECE,1
9.54,3,3,0,0,96,37,32,2,IT,1
9.99,3,8,7,1,72,46,365,8,IT,1
5.84,0,4,7,1,22,32,383,5,ECE,1
9.85,0,2,3,2,88,53,383,1,MECH,1
9.71,4,1,2,0,65,21,246,5,ECE,1
6.25,4,5,6,1,26,96,10,6,ECE,1
6.67,0,2,0,2,75,63,311,4,CSE,1
7.73,2,4,6,2,100,9,3,8,IT,1
6.62,3,4,7,1,10,88,375,7,CSE,1
8.7,5,5,1,1,63,10,94,5,MECH,1
7.86,0,3,3,2,43,24,228,4,IT,1
8.75,2,10,5,2,20,9,275,1,MECH,1
10.0,0,6,8,0,10,17,249,5,MECH,1
9.94,4,8,2,3,89,40,41,5,ECE,1
7.22,6,3,8,0,60,64,117,3,IT,1
8.68,2,6,5,0,75,65,386,4,CSE,1
6.73,2,6,0,2,86,2,251,8,ECE,1
8.1,1,2,1,1,65,63,130,1,CIVIL,1
9.92,0,3,2,1,36,34,188,4,CSE,1
8.53,6,10,8,1,6,51,162,7,ECE,1
8.05,2,9,1,3,32,77,8,8,ECE,1
9.5,4,2,5,3,22,92,457,8,ECE,1
7.37,0,7,3,3,10,88,494,8,IT,1
9.66,3,7,4,1,78,57,462,2,CIVIL,1
8.77,0,2,8,1,12,42,321,7,CSE,1
9.5,4,3,5,1,76,31,337,6,CIVIL,1
6.43,4,8,6,3,82,60,114,5,CIVIL,1
9.75,4,0,1,0,3,76,47,6,CIVIL,1
6.73,1,4,7,3,30,96,209,8,CIVIL,1
8.22,3,9,5,2,87,65,193,3,CIVIL,1
7.93,4,6,3,3,74,55,29,8,IT,1
9.89,1,6,7,1,17,80,336,6,CIVIL,1
8.2,5,0,4,3,64,60,265,7,IT,1
7.55,3,3,7,3,79,84,109,3,CSE,1
8.03,6,2,7,3,11,41,387,3,MECH,1
8.16,3,4,6,2,22,74,431,2,CSE,1
8.73,6,6,7,0,43,68,347,1,IT,1
7.44,5,7,3,2,65,87,412,3,MECH,1
7.64,3,0,4,0,55,43,49,8,CSE,1
5.9,6,10,4,3,38,20,0,6,MECH,1
5.89,4,6,6,3,12,20,472,1,IT,1
9.11,1,1,5,2,80,68,235,7,IT,1
8.64,4,10,0,2,32,83,80,1,MECH,1
6.82,1,9,6,3,46,6,42,4,ECE,1
9.12,3,3,1,0,58,14,245,2,CSE,1
6.06,2,3,1,2,75,1,494,6,IT,1
8.4,5,9,5,3,13,79,442,6,CSE,1
6.71,4,10,0,0,21,66,95,2,ECE,1
6.05,1,9,3,3,30,76,20,4,ECE,1
6.6,3,6,8,2,63,67,397,4,IT,1
9.79,5,5,7,1,20,11,467,2,IT,1
7.96,5,3,1,1,7,52,17,4,ECE,1
6.59,0,5,4,2,81,12,114,3,ECE,1
5.53,1,6,2,3,25,22,146,5,MECH,1
7.22,1,3,0,3,45,94,47,4,CSE,1
7.86,4,8,3,1,0,82,359,2,IT,1
6.62,5,4,4,3,48,44,246,8,CIVIL,1
8.44,4,10,1,0,37,94,234,6,ECE,1
7.79,1,4,0,3,53,45,17,7,CIVIL,1
7.24,4,3,2,1,4,71,118,7,IT,1
9.68,5,7,1,2,64,32,126,5,MECH,1
5.58,6,0,0,3,27,98,218,6,CIVIL,1
7.25,0,10,6,3,54,3,267,5,IT,1
8.99,0,3,3,2,67,91,205,7,CSE,1
5.89,1,8,4,3,7,90,78,6,MECH,1
9.02,1,3,6,3,67,13,300,8,CSE,1
9.88,1,0,6,1,19,37,349,8,CIVIL,1
7.91,2,4,4,3,95,41,16,7,MECH,1
8.39,0,2,8,3,60,66,458,5,ECE,1
6.02,3,9,2,1,35,32,56,5,MECH,1
6.99,6,6,8,0,74,44,244,5,MECH,1
7.17,2,9,2,2,31,5,223,7,MECH,1
9.93,3,7,0,2,50,74,63,1,ECE,1
6.59,1,1,0,2,16,12,273,8,CIVIL,1
6.3,0,10,6,0,30,31,145,1,ECE,1
5.53,2,6,0,2,39,88,127,4,MECH,1
6.68,1,6,2,2,63,81,228,6,IT,1
6.48,1,8,5,1,43,19,242,2,MECH,1
9.97,6,7,2,1,5,11,292,5,MECH,1
8.9,5,3,7,1,34,53,491,3,CIVIL,1
7.07,5,1,2,1,74,24,289,6,CIVIL,1
6.08,1,3,7,0,39,34,294,8,CSE,1
6.42,1,10,3,1,7,59,96,7,ECE,1
8.68,1,2,4,1,78,43,43,4,MECH,1
7.74,0,10,1,3,87,60,355,3,IT,1
7.15,1,1,6,2,63,97,75,5,ECE,1
7.73,3,5,6,0,97,7,20,3,MECH,1
9.41,2,10,5,0,56,86,189,7,ECE,1
9.59,3,3,6,1,41,32,10,4,CSE,1
9.97,2,7,1,1,52,32,241,7,MECH,1
9.06,0,0,5,0,99,16,241,3,CSE,1
5.65,4,4,0,2,94,82,123,6,MECH,1
8.64,6,6,6,1,22,19,304,8,IT,1
6.3,3,9,1,0,75,35,5,4,CIVIL,1
7.26,2,4,2,2,95,97,441,5,IT,1
7.93,6,10,1,1,78,54,418,3,IT,1
9.38,5,4,1,2,54,98,1,3,ECE,1
8.07,2,0,3,2,81,13,353,6,ECE,1
6.53,6,7,6,0,58,14,484,5,IT,1
6.79,4,10,8,0,9,47,120,6,ECE,1
8.57,5,7,4,3,59,48,265,1,IT,1
7.11,2,2,8,0,27,86,303,1,ECE,1
5.92,5,5,6,0,56,74,377,8,CIVIL,1
9.96,2,10,0,1,28,65,269,7,ECE,1
8.61,0,1,1,3,28,100,62,3,CSE,0
7.34,5,7,1,2,87,35,140,8,MECH,1
9.83,2,6,5,0,47,14,47,7,MECH,1
6.8,6,2,6,2,48,37,134,6,CIVIL,1
7.74,3,8,0,0,36,95,112,8,CSE,1
6.87,3,7,3,2,25,35,18,4,IT,1
6.82,2,8,5,2,81,86,350,2,CIVIL,1
8.83,6,4,0,1,35,13,436,4,MECH,1
7.54,6,9,2,3,65,99,160,6,CIVIL,1
6.35,6,7,7,3,94,28,94,6,IT,1
8.32,3,3,0,0,89,30,245,2,IT,1
8.53,6,8,6,3,56,68,484,6,IT,1
9.99,6,7,5,3,83,87,266,8,MECH,1
7.53,5,10,7,1,91,84,121,7,IT,1
5.64,1,0,8,1,38,83,93,3,CSE,1
8.93,5,1,2,0,4,44,345,2,ECE,1
6.88,5,5,3,2,66,30,453,5,CIVIL,1
9.37,3,6,6,3,90,41,58,5,MECH,1
7.94,5,4,7,2,95,62,30,3,IT,1
7.72,5,1,4,2,5,18,181,4,ECE,1
7.3,2,8,6,2,59,84,21,8,ECE,1
6.97,5,3,4,1,85,32,111,1,IT,1
7.68,3,8,2,2,53,0,241,1,CIVIL,1
9.06,6,2,3,1,37,63,457,2,ECE,1
9.58,3,6,3,3,69,72,176,6,CIVIL,1
7.89,2,9,2,1,7,97,83,7,CIVIL,1
8.19,0,7,4,0,99,44,311,2,IT,1
7.14,1,3,0,0,11,77,98,5,CSE,1
6.36,2,8,0,0,32,77,109,8,CIVIL,1
6.98,4,3,5,0,33,69,240,5,IT,1
8.8,3,4,8,3,38,43,34,7,ECE,1
8.18,3,5,4,0,98,23,139,2,CIVIL,1
6.78,4,8,5,1,99,79,282,1,ECE,1
9.24,1,3,3,0,35,73,157,7,MECH,1
5.79,3,3,7,2,47,14,8,5,ECE,1
9.75,3,7,8,3,16,70,239,2,ECE,1
8.04,2,8,2,0,95,61,2,5,ECE,1
8.0,0,8,3,3,37,39,4,4,IT,1
7.73,2,1,3,3,83,76,58,6,CIVIL,1
8.59,0,0,7,1,67,27,298,3,CSE,1
6.96,5,4,5,2,12,84,483,3,CIVIL,1
6.62,5,9,7,1,78,65,490,8,IT,1
9.32,5,1,1,1,99,44,75,7,CSE,1
8.42,3,0,8,2,77,63,286,8,MECH,1
7.0,2,7,7,3,22,44,492,4,CIVIL,1
6.26,5,6,3,3,45,72,89,3,CIVIL,1
6.81,6,9,6,3,31,4,495,4,MECH,1
6.12,1,4,2,2,44,53,106,4,ECE,1
6.38,3,6,3,2,4,30,497,5,ECE,1
7.37,3,3,3,2,67,49,253,3,MECH,1
5.97,0,3,4,3,38,18,432,1,CSE,1
9.59,3,10,7,0,46,25,295,7,CIVIL,1
7.42,3,4,1,3,36,73,225,4,MECH,1
9.42,2,8,0,3,98,42,253,8,IT,1
6.15,4,10,3,1,77,65,32,3,ECE,1
9.9,0,2,0,0,14,58,243,6,ECE,0
6.27,6,0,7,1,6,69,173,3,IT,1
8.32,0,10,0,1,70,85,125,1,ECE,1
6.9,2,10,6,1,20,42,101,2,MECH,1
9.18,0,5,4,1,56,74,429,7,IT,1
6.08,3,2,6,2,72,17,164,1,IT,1
8.97,1,7,5,1,14,11,81,2,CSE,1
6.58,2,5,6,0,17,51,66,1,MECH,1
6.59,4,10,6,0,15,80,108,3,CSE,1
5.76,1,2,6,1,50,98,205,2,CSE,1
9.22,5,7,4,3,93,95,51,4,MECH,1
6.18,2,0,3,1,70,33,96,6,ECE,1
8.5,5,5,2,2,59,78,474,2,CSE,1
7.76,4,3,5,1,40,91,367,3,ECE,1
9.48,3,8,3,1,36,99,371,5,ECE,1
8.52,2,6,2,2,77,44,389,5,CSE,1
7.14,6,4,1,1,75,10,136,8,ECE,1
9.84,1,5,2,0,81,52,420,6,CSE,1
9.76,0,5,6,0,98,46,370,3,MECH,1
8.04,2,1,0,0,46,86,353,6,CSE,1
8.09,2,9,0,3,72,70,350,6,IT,1
9.34,5,8,2,1,53,18,304,1,MECH,1
5.94,2,10,6,0,46,98,469,2,MECH,1
8.32,2,8,4,2,38,25,4,2,IT,1
6.27,0,5,2,1,59,80,415,2,CSE,1
9.35,1,10,5,1,46,7,206,2,CIVIL,1
9.71,2,3,1,2,55,69,63,1,CIVIL,1
7.4,1,10,8,3,0,84,241,4,MECH,1
8.76,2,1,0,1,4,51,299,3,CIVIL,1
7.91,1,5,1,2,97,85,360,3,MECH,1
7.89,4,5,5,0,27,79,312,6,ECE,1
6.76,0,0,6,0,48,5,175,2,CSE,1
7.4,5,5,1,3,22,41,386,7,MECH,1
7.71,6,6,3,3,19,55,244,1,MECH,1
5.83,6,2,4,3,92,36,38,5,CSE,1
6.51,5,0,0,1,95,52,472,4,CSE,1
8.46,1,10,4,3,60,75,82,6,CSE,1
5.73,5,0,8,0,57,92,286,7,CIVIL,1
6.77,2,3,0,3,60,53,30,3,CIVIL,1
6.04,0,7,6,3,46,62,153,6,MECH,1
9.97,5,10,1,1,14,57,245,5,CSE,1
7.97,5,7,3,1,51,42,292,1,IT,1
8.71,4,3,6,2,57,78,230,4,ECE,1
8.82,6,2,1,2,51,24,121,2,IT,1
8.85,2,1,2,0,19,6,139,8,IT,1
6.31,5,0,0,3,28,71,298,6,IT,1
5.52,3,9,7,2,22,31,0,8,IT,1
9.86,3,8,2,0,1,67,364,8,IT,1
8.04,1,7,3,1,63,30,274,2,CSE,1
8.84,5,9,7,3,49,2,88,4,CSE,1
7.51,4,9,6,0,20,28,445,4,ECE,1
8.43,2,3,6,1,98,69,438,6,CIVIL,1
7.89,6,4,5,0,25,46,352,8,CIVIL,1
8.14,1,1,5,1,64,61,71,3,MECH,1
9.58,5,7,8,3,69,5,349,5,MECH,1
9.31,1,1,0,0,15,50,459,6,ECE,1
7.43,2,7,2,0,53,45,69,2,ECE,1
5.9,3,5,6,3,46,71,137,1,CIVIL,1
9.43,2,5,0,2,10,14,387,8,IT,1
9.51,1,9,6,2,53,14,116,6,CIVIL,1
5.72,4,3,0,0,18,7,80,5,IT,1
8.55,1,9,4,1,43,41,402,4,ECE,1
8.01,3,3,4,1,76,21,198,7,ECE,1
9.52,3,6,0,2,33,60,55,6,ECE,1
9.22,4,4,8,0,79,36,254,3,IT,1
8.35,5,3,5,2,84,25,130,1,CSE,1
7.54,1,3,1,0,52,42,271,3,MECH,1
8.24,1,9,8,3,82,77,416,7,CIVIL,1
8.16,2,10,7,3,93,28,166,2,ECE,1
7.41,0,0,6,0,87,43,290,1,CIVIL,1
9.9,0,4,0,0,87,0,228,6,IT,1
7.09,4,4,8,3,19,91,14,5,CIVIL,1
9.5,2,4,6,2,53,50,143,5,CIVIL,1
9.73,1,8,5,0,40,93,427,6,IT,1
7.52,4,0,3,2,5,70,368,4,ECE,1
9.96,5,9,4,2,31,37,255,1,CIVIL,1
6.79,2,6,3,0,4,26,15,8,CSE,0
8.93,1,4,2,2,49,20,86,8,MECH,1
6.08,2,5,1,0,74,89,13,4,MECH,1
7.64,1,2,0,1,69,51,71,8,IT,1
8.02,1,5,0,0,41,10,342,8,CIVIL,1
9.14,4,2,3,2,84,8,376,2,ECE,1
8.31,4,3,6,1,48,44,391,6,IT,1
9.99,1,7,5,1,9,46,57,7,CIVIL,1
7.19,6,4,5,2,1,63,459,8,ECE,1
6.12,5,6,2,3,97,76,95,1,MECH,1
8.06,1,4,4,2,72,24,246,5,MECH,1
9.4,0,4,1,2,3,70,358,2,ECE,1
5.57,0,8,5,1,75,97,314,4,ECE,1
8.75,3,0,1,1,78,91,253,4,MECH,1
9.28,0,7,6,2,48,92,301,6,CIVIL,1
7.64,0,0,1,2,52,94,354,1,CIVIL,1
6.0,5,6,5,1,38,73,268,3,CSE,1
9.96,6,1,1,2,64,83,450,8,CIVIL,1
9.92,3,4,0,0,74,74,417,3,IT,1
9.83,6,6,2,2,95,62,416,8,IT,1
6.44,3,10,3,1,52,7,498,4,CSE,1
8.05,5,6,3,0,75,90,347,3,IT,1
5.54,4,10,3,0,13,32,419,4,IT,1
8.89,3,7,4,1,23,85,126,6,CSE,1
5.84,4,0,5,0,0,42,220,7,MECH,1
8.34,6,2,4,1,25,27,40,7,CSE,1
8.81,4,7,2,2,54,50,96,3,CSE,1
7.75,2,1,1,2,37,39,221,8,MECH,1
6.34,3,9,4,0,71,70,13,1,MECH,1
9.8,3,4,6,0,82,56,0,4,IT,1
7.38,4,6,0,3,61,96,385,4,MECH,1
6.54,5,0,8,1,5,20,327,6,CIVIL,1
9.94,2,4,0,3,71,70,367,8,CIVIL,1
6.34,4,1,1,3,11,22,457,7,IT,1
5.52,6,0,3,0,10,33,134,5,CIVIL,1
7.07,2,8,8,0,42,48,23,3,CSE,1
8.67,0,8,4,0,8,5,243,4,IT,1
6.85,1,8,7,0,18,9,261,4,ECE,1
6.82,5,7,5,3,54,13,343,5,CSE,1
7.38,1,4,4,0,63,23,243,6,IT,1
9.35,2,4,5,1,56,46,213,2,CSE,1
6.46,3,2,5,1,35,22,207,4,CIVIL,1
9.47,3,2,3,1,58,25,437,4,CSE,1
8.01,4,9,3,0,69,67,138,6,MECH,1
6.72,0,6,8,3,45,92,17,2,MECH,1
5.98,1,5,3,1,97,7,110,6,CSE,1
6.07,1,7,4,1,88,91,373,4,CIVIL,1
8.15,3,8,0,3,8,47,113,6,CSE,1
6.0,0,7,0,3,68,40,41,3,CIVIL,1
9.14,5,10,4,2,16,96,170,7,IT,1
9.96,3,3,0,1,83,11,194,1,MECH,1
8.16,3,3,6,0,76,59,486,6,ECE,1
6.77,6,4,4,2,50,6,391,8,ECE,1
6.62,0,5,7,2,84,87,392,2,ECE,1
8.45,4,6,2,3,21,74,176,2,CSE,1
8.46,1,7,6,1,7,15,12,2,CSE,1
9.13,6,8,1,3,49,61,282,7,MECH,1
8.45,2,3,2,3,63,21,195,1,CIVIL,1
7.08,0,5,1,0,69,47,59,4,ECE,1
5.74,6,8,3,3,57,9,164,1,CSE,1
9.32,2,10,3,0,82,4,371,4,MECH,1
9.68,5,9,8,2,40,46,492,4,ECE,1
8.94,3,10,6,2,77,24,373,5,CSE,1
6.07,0,5,2,2,35,71,466,2,MECH,1
7.42,5,9,8,0,93,49,11,4,IT,1
8.44,3,2,2,2,89,67,378,2,CSE,1
5.96,4,9,2,0,91,11,82,1,IT,1
5.82,5,9,3,1,32,55,480,8,CSE,1
8.16,6,8,7,1,91,58,174,4,CSE,1
9.23,2,8,3,3,56,70,21,2,CIVIL,1
9.9,3,2,8,2,32,91,192,8,CIVIL,1
7.84,0,3,0,2,11,51,234,8,ECE,1
6.59,4,8,7,3,84,26,220,4,CSE,1
5.59,3,1,0,0,41,62,466,8,MECH,1
9.97,6,4,2,3,2,34,464,6,CSE,1
8.11,2,5,6,3,87,56,140,1,IT,1
8.36,0,8,1,3,10,72,414,4,ECE,1
9.51,4,2,2,1,4,42,288,1,MECH,1
5.81,1,2,7,2,31,60,383,4,ECE,1
7.34,1,9,1,3,57,57,130,1,MECH,1
6.5,1,3,4,3,36,8,195,2,ECE,1
6.2,3,4,3,0,93,90,107,4,MECH,1
6.32,2,2,7,2,37,24,25,8,MECH,1
8.42,3,3,6,1,58,26,88,3,CIVIL,1
5.63,0,4,3,2,95,95,353,5,CIVIL,1
5.69,4,10,1,2,92,100,484,1,CSE,1
7.53,0,8,2,0,63,60,177,1,CIVIL,1
9.71,4,9,3,1,30,76,167,6,ECE,1
8.02,2,6,2,0,10,65,5,5,MECH,1
5.99,1,10,5,0,89,56,119,8,IT,1
5.93,3,1,6,0,56,39,62,5,MECH,1
6.06,5,0,2,3,70,94,287,5,CSE,1
8.11,2,7,3,2,10,30,300,1,ECE,1
6.7,0,8,0,3,100,0,231,1,CIVIL,1
6.32,6,0,7,2,30,41,205,4,IT,1
6.92,6,5,2,0,100,27,499,8,CIVIL,1
7.41,5,7,6,1,83,76,34,8,ECE,1
9.11,0,1,7,0,5,39,226,5,IT,1
9.39,4,1,3,2,98,31,16,8,CIVIL,1
8.16,1,0,1,3,81,81,274,1,ECE,1
6.52,0,4,4,2,33,40,309,7,ECE,1
6.73,6,1,1,3,75,19,38,7,IT,1
8.79,5,9,1,1,66,25,304,2,CSE,1
6.48,6,3,5,3,6,0,299,8,CSE,1
7.64,5,4,4,3,37,72,83,7,CSE,1
6.68,1,8,3,1,47,17,277,1,ECE,1
8.02,5,8,2,0,2,61,140,1,MECH,1
9.61,0,3,1,2,27,3,359,7,ECE,1
6.98,3,1,7,0,75,9,324,3,IT,1
6.28,1,1,0,2,57,98,262,4,CIVIL,1
6.22,6,5,0,1,68,63,38,6,CSE,1
9.39,3,2,8,1,73,2,163,2,IT,1
5.63,4,0,8,2,79,3,59,6,ECE,1
6.18,5,1,1,2,93,98,254,6,ECE,1
6.29,6,1,6,1,17,8,284,6,CIVIL,1
8.02,1,5,7,0,23,26,258,2,IT,1
6.74,5,1,5,1,64,28,281,8,MECH,1
8.75,6,2,0,3,83,85,390,8,MECH,1
6.13,2,1,0,0,22,25,143,4,CSE,1
7.43,0,5,1,1,78,19,265,8,ECE,1
8.13,2,4,4,3,31,36,330,4,ECE,1
7.09,2,1,7,0,99,24,81,1,ECE,1
6.43,4,1,2,2,10,36,445,8,CSE,1
6.69,3,2,8,1,96,61,290,8,MECH,1
7.07,6,9,1,1,79,12,471,5,ECE,1
9.19,1,10,4,3,4,84,131,6,MECH,1
5.84,6,3,6,2,43,38,492,1,IT,1
8.36,5,9,8,3,94,93,31,3,MECH,1
8.56,0,9,4,3,21,94,155,7,CSE,1
9.86,0,6,5,2,27,53,415,7,CSE,1
6.97,5,3,0,1,33,75,466,1,IT,1
8.19,6,5,8,1,29,81,324,3,CSE,1
9.41,2,2,8,2,0,12,200,7,CIVIL,1
6.61,0,3,1,0,22,20,47,5,CSE,1
8.69,2,5,0,0,17,42,59,5,ECE,1
7.7,6,1,3,0,94,28,395,2,MECH,1
8.89,2,7,2,2,69,18,332,2,CSE,1
6.55,3,2,1,1,69,64,185,3,MECH,1
7.27,0,10,7,3,37,12,273,4,ECE,1
9.44,3,10,0,1,37,58,23,2,ECE,1
7.9,0,6,7,0,17,0,368,5,ECE,1
6.07,4,3,7,3,74,72,111,1,ECE,1
9.94,3,3,2,0,76,72,160,7,CIVIL,1
9.97,4,3,7,0,63,44,396,3,ECE,1
7.13,4,8,2,3,20,3,110,1,CIVIL,1
7.26,6,5,1,3,53,13,397,6,IT,1
6.18,1,8,4,0,40,17,231,3,MECH,1
8.07,6,3,1,1,29,96,472,2,CSE,1
9.37,5,4,5,0,65,2,101,8,MECH,1
8.22,2,1,8,0,88,6,415,5,MECH,1
7.98,1,7,3,3,85,68,329,3,IT,1
5.56,5,9,5,3,19,1,409,6,MECH,1
5.7,3,9,5,0,91,29,418,2,MECH,1
6.71,3,1,7,0,95,77,413,3,ECE,1
8.76,1,1,8,1,10,44,100,8,MECH,1
8.76,3,3,5,3,24,19,347,8,CIVIL,1
8.53,2,9,2,0,97,75,386,5,IT,1
6.8,6,3,4,3,42,16,146,4,CSE,1
5.56,2,9,1,2,93,93,258,2,CSE,1
5.57,0,3,0,3,88,28,449,6,CSE,1
7.74,5,9,8,2,82,63,103,5,IT,1
9.88,5,4,0,2,17,37,333,1,ECE,1
6.07,1,0,0,2,97,19,189,8,MECH,1
8.78,2,5,0,3,87,89,488,8,CSE,1
6.05,3,3,6,2,35,97,494,3,CSE,1
9.16,3,2,2,1,8,59,312,1,IT,1
6.35,2,4,1,2,69,93,125,3,ECE,1
6.79,5,0,2,1,77,42,154,3,ECE,1
8.29,1,1,0,2,41,27,292,1,ECE,1
6.99,5,10,1,1,63,43,422,6,CIVIL,1
6.91,1,0,3,0,89,48,34,4,ECE,1
6.32,6,0,3,2,26,32,110,1,IT,1
9.73,1,8,5,2,9,42,111,1,CSE,1
8.86,4,10,4,3,15,44,454,8,CIVIL,1
6.73,3,4,4,2,97,35,307,6,CIVIL,1
7.91,0,0,6,3,57,6,339,3,CIVIL,1
9.55,4,7,2,0,39,4,71,1,MECH,1
6.54,3,7,4,1,28,100,278,8,MECH,1
9.95,2,0,2,0,33,47,200,7,MECH,1
6.78,5,0,0,0,13,91,188,3,CSE,1
6.22,1,6,8,3,14,96,95,6,MECH,1
6.86,0,6,8,1,27,93,405,3,CSE,1
7.87,3,4,7,3,42,55,201,3,IT,1
5.94,5,3,7,2,54,92,499,4,ECE,1
7.97,6,9,3,1,26,91,247,4,CIVIL,1
8.9,5,9,8,2,1,70,350,7,ECE,1
7.9,3,3,7,1,60,68,309,4,MECH,1
9.64,1,5,6,1,16,9,375,2,CIVIL,1
6.02,0,6,7,3,2,67,237,6,MECH,1
9.0,6,1,0,1,42,60,447,8,ECE,1
8.45,6,8,7,0,80,48,345,2,ECE,1
8.34,4,6,5,1,69,57,446,6,CIVIL,1
7.77,3,0,1,1,3,10,392,3,MECH,1
8.86,2,7,3,0,15,66,273,1,MECH,1
6.65,2,5,4,1,97,32,13,1,MECH,1
7.5,2,10,3,0,93,68,271,3,IT,1
9.58,6,1,2,2,89,18,205,3,CIVIL,1
7.32,6,1,6,2,37,75,474,1,IT,1
7.78,3,0,6,0,18,37,90,5,MECH,1
7.96,0,4,6,0,80,67,67,6,CIVIL,1
6.4,4,0,4,3,82,67,236,6,IT,1
7.01,3,2,0,3,82,23,337,6,ECE,1
5.81,0,6,3,1,54,40,236,5,CIVIL,1
6.05,4,9,3,1,7,13,488,1,MECH,1
9.12,0,3,8,3,34,6,446,4,ECE,1
9.15,1,7,0,1,84,56,35,8,CSE,1
6.12,5,6,0,1,91,10,408,6,IT,1
6.47,5,2,8,3,75,41,95,3,IT,1
7.86,1,5,3,0,19,69,489,2,CSE,1
5.77,0,3,8,1,84,73,139,3,CSE,1
6.6,0,1,1,1,9,8,231,6,IT,1
9.68,1,0,4,3,20,16,215,4,IT,1
7.45,4,0,3,1,43,77,470,6,ECE,1
8.39,1,4,2,2,29,98,341,5,CIVIL,1
6.07,2,10,0,0,4,70,272,3,MECH,1
7.89,1,4,4,0,29,54,381,6,IT,1
6.47,1,1,6,1,61,97,181,7,CSE,1
9.84,3,0,7,1,4,35,355,5,IT,1
6.75,0,10,0,3,50,68,356,3,MECH,1
8.44,0,6,4,0,68,10,114,3,CSE,1
8.64,0,1,4,2,19,23,84,8,ECE,1
5.59,3,2,7,3,76,88,490,6,CIVIL,1
7.18,4,2,5,2,53,37,285,8,MECH,1
8.37,6,9,7,0,68,75,345,4,CSE,1
6.01,5,6,5,0,59,98,271,7,CIVIL,1
9.44,5,8,7,3,11,18,315,6,CIVIL,1
6.32,3,3,6,3,33,17,153,4,MECH,1
6.9,2,7,5,1,34,12,373,3,CSE,1
9.97,2,1,5,0,87,13,215,8,ECE,1
6.08,1,4,2,0,62,59,458,1,IT,1
7.52,4,9,5,1,21,96,31,4,ECE,1
9.0,4,7,4,3,8,52,130,1,CSE,1
7.84,5,7,8,1,36,27,227,6,ECE,0
7.08,3,0,4,3,6,82,128,6,IT,1
9.59,6,0,7,1,76,20,311,8,CIVIL,1
5.75,2,8,6,2,17,21,417,1,CSE,1
8.4,2,10,3,0,31,30,114,4,CSE,1
9.6,3,9,1,1,71,96,95,3,CIVIL,1
7.22,2,6,3,0,74,97,27,4,CSE,1
9.35,5,2,0,1,28,49,346,6,MECH,1
7.88,2,4,6,3,72,9,480,1,MECH,1
5.69,0,4,4,3,29,36,25,5,ECE,1
5.63,6,2,1,2,19,42,154,7,CSE,1
8.13,2,3,1,3,85,24,186,5,MECH,1
8.51,3,4,4,1,0,89,184,8,IT,1
8.8,1,10,1,2,18,41,294,2,MECH,1
8.18,2,10,2,0,73,1,1,4,ECE,1
6.2,5,3,6,1,25,32,111,7,CIVIL,1
9.65,1,9,7,0,59,43,353,1,IT,1
8.6,1,0,7,2,99,74,188,8,CSE,1
7.65,5,6,1,2,74,5,209,5,IT,1
6.79,6,5,5,0,27,90,492,5,CIVIL,1
9.86,1,2,4,1,93,51,404,2,ECE,1
5.86,6,3,5,1,72,26,91,3,MECH,1
6.97,0,7,5,2,60,87,434,8,ECE,1
9.55,2,0,7,2,70,31,69,3,IT,1
5.63,6,5,1,0,57,76,468,3,ECE,1
7.02,0,3,3,0,63,34,209,2,ECE,1
6.41,4,5,4,0,22,82,367,2,ECE,1
6.55,6,4,1,2,59,72,476,2,MECH,1
6.24,0,0,1,2,14,18,79,6,ECE,1
8.44,3,0,0,1,45,42,20,2,ECE,1
7.68,1,7,4,2,86,19,52,1,CIVIL,1
7.81,2,0,0,2,4,1,282,1,CSE,1
8.48,4,5,1,3,34,52,362,5,MECH,1
9.92,3,2,7,0,88,23,256,3,CIVIL,1
6.54,2,6,8,3,88,9,266,2,ECE,1
5.85,2,2,0,2,12,54,50,7,IT,1
8.3,3,1,6,3,81,35,163,8,CSE,1
6.5,1,0,4,3,1,92,263,6,CIVIL,1
6.83,5,4,6,2,69,86,112,7,ECE,1
7.67,5,5,0,3,20,92,383,8,MECH,1
7.79,0,8,8,3,94,60,284,8,ECE,1
6.79,2,9,7,3,19,70,294,1,CIVIL,1
6.24,0,9,0,2,22,4,73,1,IT,1
5.97,0,1,6,2,97,6,438,8,ECE,1
6.71,2,6,8,1,35,91,474,7,MECH,1
8.56,4,9,2,1,14,61,451,2,CSE,1
7.79,4,10,0,1,81,91,458,8,CIVIL,1
8.01,3,10,3,0,4,31,467,2,CSE,1
7.83,2,10,2,1,92,15,322,3,MECH,1
8.31,6,8,1,2,77,37,335,6,MECH,1
9.19,5,6,1,2,28,64,28,5,CSE,1
9.55,6,10,8,0,96,30,358,5,ECE,1
5.77,5,8,4,1,51,26,89,1,CIVIL,1
9.46,3,7,6,1,89,81,389,5,IT,1
7.0,1,6,2,3,49,77,490,6,ECE,1
9.42,4,10,1,1,99,94,299,2,CSE,1
6.09,4,1,6,2,95,18,369,6,IT,1
5.94,2,9,5,0,84,25,242,2,IT,1
9.85,4,4,8,3,100,24,397,6,IT,1
5.93,2,7,2,1,48,66,35,5,CSE,1
7.41,6,7,5,1,98,25,484,2,ECE,1
8.23,5,4,4,2,14,46,331,6,MECH,1
5.88,5,2,0,1,77,1,250,6,ECE,1
5.73,3,6,4,2,8,46,287,8,IT,1
8.73,0,10,0,3,73,37,228,5,IT,1
8.75,6,5,1,0,45,18,48,7,MECH,1
8.43,3,10,5,1,61,1,423,3,ECE,1
9.46,0,1,4,1,44,3,392,4,IT,1
8.11,3,10,6,2,40,94,476,1,ECE,1
6.68,0,5,0,0,21,61,132,2,MECH,1
8.8,0,6,8,3,14,27,41,6,CIVIL,1
9.86,6,7,6,2,65,14,395,6,MECH,1
9.45,2,8,0,2,13,26,270,7,CSE,1
7.36,1,5,8,2,40,26,267,3,IT,1
6.14,4,5,8,2,9,23,225,6,CSE,1
7.61,3,5,7,1,62,17,368,4,CSE,1
5.87,0,1,8,1,51,32,381,1,IT,1
8.77,1,0,1,1,18,99,239,8,CSE,1
6.56,2,9,5,2,17,100,481,7,IT,1
9.4,1,9,5,3,41,0,209,8,ECE,1
7.0,2,2,5,3,46,74,440,7,ECE,1
6.73,6,1,1,3,81,51,156,3,IT,1
6.98,0,0,1,2,20,12,145,6,IT,1
5.78,2,4,1,2,93,92,69,6,CSE,1
7.55,2,2,2,2,66,89,166,4,ECE,1
6.55,3,0,4,0,16,48,427,2,CIVIL,1
5.71,0,6,8,1,88,30,380,6,MECH,0
7.57,3,4,4,1,71,81,387,7,CSE,1
6.08,3,9,8,3,42,69,23,8,CSE,1
6.53,4,2,3,2,30,66,289,8,CSE,1
7.17,2,2,5,1,31,42,471,5,CSE,1
8.73,4,9,5,2,41,56,149,3,MECH,1
5.82,1,9,8,3,2,23,487,1,ECE,1
7.47,2,0,0,0,59,46,62,7,IT,1
7.24,0,2,3,2,67,16,392,5,CSE,1
8.47,5,9,4,3,96,38,136,5,MECH,1
7.95,6,6,2,2,25,10,457,6,ECE,1
5.83,1,2,1,2,96,35,306,5,MECH,1
6.33,4,4,6,3,46,60,326,3,CIVIL,1
6.09,0,8,5,1,50,22,414,5,MECH,1
8.17,1,9,4,0,70,6,454,6,CIVIL,1
9.19,6,8,4,3,98,65,339,5,IT,1
5.75,4,10,4,1,19,80,416,5,MECH,1
5.81,5,10,2,0,99,82,434,7,CIVIL,1
6.05,5,5,3,0,1,57,463,2,ECE,1
8.79,3,2,0,2,93,22,401,1,IT,1
7.11,2,3,2,2,48,64,369,3,ECE,1
6.63,0,0,7,3,64,4,331,4,IT,1
8.93,5,9,2,2,11,30,287,5,ECE,1
8.74,4,0,1,3,10,35,425,2,IT,0
9.32,4,3,8,1,98,59,198,8,ECE,1
6.62,0,10,8,0,45,89,89,3,CIVIL,1
7.5,0,5,0,3,99,56,443,7,CSE,1
8.83,1,8,7,1,10,26,0,3,MECH,1
7.26,2,4,6,2,29,40,84,6,ECE,1
5.56,4,6,5,3,45,97,412,3,ECE,1
7.6,3,9,0,3,67,89,322,8,IT,1
6.63,0,1,1,2,68,28,396,4,CIVIL,1
8.68,4,6,0,2,52,20,416,6,CSE,1
7.95,2,2,8,0,87,39,432,5,IT,1
9.17,1,7,1,3,75,19,476,3,CSE,1
7.08,2,1,0,0,92,30,237,4,CSE,1
7.7,1,1,7,1,10,9,380,7,IT,1
7.47,0,5,6,3,45,52,95,2,CSE,1
7.59,0,1,1,3,47,51,281,2,CSE,1
9.37,5,3,5,0,6,70,255,5,CIVIL,1
7.59,2,2,2,0,27,56,61,8,CIVIL,1
9.31,6,4,3,3,73,82,37,3,IT,1
7.5,4,3,7,0,67,8,492,6,MECH,1
9.29,3,0,0,0,41,29,63,2,CIVIL,1
9.57,2,0,2,0,24,16,384,4,IT,1
8.13,4,6,6,1,90,48,251,7,CSE,1
7.55,5,4,0,3,76,73,309,3,ECE,1
8.7,5,9,6,2,89,80,286,1,MECH,1
8.21,0,9,3,1,96,95,74,6,ECE,1
8.39,3,10,0,0,14,83,246,4,CSE,1
8.11,2,5,0,3,90,16,379,7,IT,1
6.3,2,5,7,1,99,70,347,8,MECH,1
5.56,4,4,2,1,65,11,411,5,IT,1
5.86,0,5,5,2,97,10,440,5,MECH,1
9.61,0,6,8,0,45,74,159,2,CSE,1
5.95,5,4,1,0,27,71,268,2,IT,0
8.72,0,0,2,1,22,55,330,1,MECH,1
7.76,5,9,3,2,8,20,336,8,ECE,1
6.74,3,2,4,2,32,60,204,6,CSE,0
6.41,2,2,1,0,37,10,473,8,ECE,1
9.89,1,0,5,1,44,21,363,6,IT,1
9.51,5,3,8,0,65,63,352,5,ECE,1
9.99,0,3,3,3,43,67,450,1,IT,1
6.59,0,10,6,0,76,17,173,6,CSE,1
6.64,3,1,1,0,44,26,397,2,IT,1
8.02,1,9,6,0,64,33,378,2,MECH,1
6.37,6,2,0,3,100,73,365,5,CSE,1
5.53,3,0,4,0,0,77,183,6,IT,1
6.26,6,2,3,1,79,14,28,7,ECE,1
7.87,5,2,0,3,92,15,433,3,IT,1
7.79,2,1,4,0,9,16,305,5,ECE,1
9.19,6,10,8,2,32,12,223,7,CSE,1
7.48,3,7,2,0,70,64,490,7,IT,1
8.33,6,4,0,1,99,52,125,8,CSE,1
7.15,2,9,6,0,85,85,407,8,CIVIL,1
8.19,2,2,8,0,86,13,230,5,MECH,1
5.84,2,8,4,3,85,9,116,2,MECH,1
6.66,4,4,6,0,41,87,329,5,MECH,1
9.46,0,0,8,1,1,74,137,2,CIVIL,1
9.06,5,5,5,3,53,77,391,5,MECH,1
5.69,0,9,3,0,45,47,236,7,CSE,1
5.68,0,1,6,2,24,34,37,5,ECE,1
8.08,0,8,7,2,82,49,500,4,CIVIL,1
8.63,3,10,3,1,27,14,447,3,CSE,1
5.95,6,6,2,3,75,91,8,6,IT,1
7.1,6,0,1,3,97,67,66,2,IT,1
8.81,1,10,2,3,65,86,483,8,MECH,1
6.6,5,6,1,3,34,52,493,5,CIVIL,1
9.04,0,8,5,1,30,3,38,4,ECE,1
7.41,3,2,6,1,44,66,466,7,MECH,1
7.25,3,7,5,1,7,70,52,2,ECE,1
9.37,4,1,5,2,47,82,470,4,ECE,1
8.36,5,10,5,3,48,60,103,2,CIVIL,1
6.02,4,10,2,1,62,53,160,3,CSE,1
6.46,0,3,8,1,48,5,272,4,IT,1
9.7,4,0,1,1,52,1,393,8,ECE,1
9.6,1,0,4,2,74,18,297,4,MECH,1
6.4,3,3,3,1,38,59,336,4,ECE,1
5.58,2,8,3,2,15,41,126,3,CSE,1
8.32,3,5,8,1,74,73,110,3,CSE,1
5.75,1,8,2,2,64,99,323,4,IT,1
8.07,5,0,0,1,63,6,429,7,MECH,1
6.52,1,9,1,2,21,49,130,6,CIVIL,1
8.73,6,3,7,2,87,93,90,4,MECH,1
9.2,4,9,0,2,70,48,109,6,IT,1
8.13,3,7,1,2,58,33,144,2,MECH,1
6.07,3,0,3,2,1,50,32,2,CSE,1
9.33,5,5,6,3,34,63,133,7,IT,1
6.83,3,8,1,0,78,7,50,5,CSE,1
8.97,1,2,4,1,44,15,320,5,MECH,1
8.23,3,3,6,2,95,51,444,2,IT,1
7.17,3,2,5,2,93,6,41,4,IT,1
6.24,6,0,7,3,0,74,490,1,IT,1
6.16,3,1,2,0,7,59,78,6,IT,1
6.5,6,4,4,0,76,25,137,1,ECE,1
6.86,1,10,2,1,33,13,5,4,IT,1
7.75,6,5,4,2,81,89,423,5,ECE,1
9.5,4,0,2,3,62,86,231,3,ECE,1
6.05,4,10,3,1,15,58,164,6,CSE,1
6.77,6,3,7,0,72,77,284,5,MECH,1
6.36,3,1,2,1,68,28,238,3,CSE,1
7.18,0,3,7,3,46,50,284,1,CSE,1
6.82,0,7,2,1,79,56,110,2,MECH,1
7.01,2,0,5,2,57,90,167,4,CSE,1
9.06,5,6,2,0,65,26,28,5,IT,1
7.98,4,3,1,2,90,44,209,2,CIVIL,1
9.52,5,9,6,1,96,1,109,5,CIVIL,1
8.86,3,9,0,3,25,86,52,2,CSE,1
8.09,6,1,7,0,60,47,393,3,CIVIL,1
8.15,1,2,1,2,88,78,373,4,IT,1
7.15,6,4,3,2,53,96,493,7,ECE,1
5.76,5,2,7,1,20,42,20,1,CSE,1
9.1,0,1,4,0,62,27,28,7,MECH,1
5.98,2,3,5,1,54,11,94,2,IT,1
8.14,4,4,8,1,1,94,385,5,ECE,1
9.19,3,7,6,2,20,39,77,8,ECE,1
5.8,6,2,2,3,79,91,116,6,CSE,1
9.94,1,1,3,1,50,36,98,4,CSE,1
7.74,6,6,7,1,38,18,264,6,MECH,1
7.45,2,1,4,0,26,19,322,3,CSE,1
6.42,1,8,7,2,61,75,37,1,ECE,1
7.64,6,3,8,3,70,4,60,2,IT,1
7.74,6,5,2,1,83,85,429,3,CIVIL,1
6.43,5,5,5,0,0,4,461,7,CIVIL,1
7.44,6,5,6,0,72,42,20,4,IT,1
6.11,3,1,0,3,61,67,272,5,CSE,1
7.87,5,6,4,3,68,56,476,8,ECE,1
6.71,6,5,3,3,19,36,98,7,ECE,1
9.98,6,0,4,1,100,61,149,8,CSE,1
9.49,4,3,5,0,4,29,252,4,CSE,1
7.53,6,10,8,2,12,1,118,4,CIVIL,1
9.45,0,5,4,3,1,4,196,3,IT,1
9.97,1,3,1,0,60,21,172,6,IT,1
5.77,3,7,0,0,53,20,108,3,MECH,0
7.1,2,5,6,0,51,27,433,5,IT,1
6.29,2,6,7,1,95,97,67,4,CIVIL,1
6.18,0,7,7,3,7,15,265,2,ECE,1
6.58,6,4,5,1,14,22,145,7,CSE,1
9.85,6,3,5,2,53,75,266,2,MECH,1
5.84,1,7,7,1,12,68,323,3,CSE,1
5.93,6,9,1,0,64,10,272,2,ECE,1
6.5,6,6,3,0,97,63,267,2,CSE,1
8.39,6,3,4,1,18,93,195,5,ECE,1
6.57,5,5,0,3,42,94,39,5,MECH,1
8.89,6,8,2,1,54,85,148,5,CIVIL,1
5.71,1,5,5,1,4,99,105,6,CSE,1
8.44,0,4,1,0,29,2,295,3,IT,1
8.12,0,5,3,3,5,1,467,5,ECE,1
6.84,3,9,0,2,10,33,489,2,CSE,1
7.04,2,0,6,2,52,80,435,5,MECH,1
6.08,1,9,6,1,41,40,327,3,MECH,1
7.9,5,10,5,0,38,49,439,2,MECH,1
8.19,1,7,0,3,42,92,62,5,MECH,1
6.81,2,5,1,3,62,64,150,7,IT,1
7.91,1,6,6,2,18,20,403,6,CIVIL,1
6.68,1,7,3,3,71,58,201,3,ECE,1
9.86,3,1,2,3,64,70,409,2,MECH,1
9.81,4,2,2,1,98,34,467,1,CIVIL,1
9.32,3,5,2,0,2,35,400,4,CSE,1
9.16,3,8,2,2,100,63,222,3,CSE,1
6.2,1,4,3,2,52,53,329,1,CIVIL,1
6.55,0,1,1,2,38,60,258,6,CSE,1
6.34,4,2,8,1,13,58,203,5,CSE,1
5.67,4,9,4,0,18,71,143,5,ECE,1
9.12,0,7,0,3,98,57,223,6,CIVIL,1
7.19,3,8,0,0,16,63,31,3,ECE,1
9.35,2,2,4,2,33,100,168,5,IT,1
8.59,3,9,3,3,58,72,205,4,CIVIL,1
6.3,3,2,1,3,71,70,100,8,MECH,1
5.62,1,9,0,3,93,74,21,2,IT,1
7.05,3,1,2,1,75,17,478,1,MECH,1
7.38,4,5,3,2,16,6,392,2,MECH,1
8.29,6,7,5,3,81,94,255,1,MECH,1
6.72,4,3,3,1,81,0,207,8,MECH,1
7.92,2,4,8,0,28,0,86,4,CIVIL,1
6.72,6,10,8,3,5,21,109,4,MECH,1
5.78,4,3,6,0,81,66,309,8,CIVIL,1
6.11,1,5,7,0,46,23,386,5,IT,1
6.66,5,7,6,2,68,78,385,5,ECE,1
8.79,1,5,1,3,51,69,174,2,MECH,1
9.83,1,2,3,0,52,55,81,4,IT,1
9.42,3,2,2,0,71,64,390,2,CSE,1
7.45,6,3,2,0,68,65,205,2,CIVIL,1
6.82,3,1,7,3,55,33,325,6,IT,1
6.17,5,9,0,2,43,72,448,1,CSE,1
5.73,3,9,1,2,90,72,254,6,MECH,1
7.9,4,2,7,1,28,22,130,7,CSE,1
9.89,5,3,2,3,67,70,169,3,CIVIL,1
9.76,5,8,4,2,6,31,191,3,MECH,1
9.34,1,3,0,1,5,46,82,3,CIVIL,1
7.47,5,8,7,3,36,75,95,2,ECE,1
7.73,3,1,2,2,12,91,346,8,CIVIL,1
7.58,3,1,5,0,88,10,214,5,MECH,1
6.35,4,0,8,0,38,5,292,8,CIVIL,1
9.15,3,4,2,2,49,89,88,5,CIVIL,1
5.6,3,7,6,1,64,50,150,7,CIVIL,1
5.76,1,7,8,2,80,79,188,8,ECE,1
7.35,5,9,0,0,93,29,185,3,ECE,1
9.85,4,10,3,1,7,43,55,1,CIVIL,1
8.46,0,8,1,2,78,76,476,6,CSE,1
9.4,3,9,1,2,61,73,483,1,MECH,1
8.54,4,8,5,1,79,75,402,4,IT,1
8.36,4,9,4,2,9,97,436,3,CIVIL,1
8.54,0,10,7,1,15,19,367,6,MECH,1
5.96,0,6,0,0,64,30,55,7,CSE,1
6.8,3,1,3,0,8,14,217,8,ECE,1
6.91,3,6,8,1,100,96,263,5,CIVIL,1
9.38,1,1,7,3,60,40,302,3,MECH,1
8.32,5,10,3,3,8,94,211,5,ECE,1
7.49,4,5,3,0,76,8,384,1,ECE,1
5.51,1,10,8,1,54,64,3,5,CSE,1
8.74,1,4,2,0,12,60,179,6,IT,1
9.17,4,5,8,1,96,84,366,6,CIVIL,1
9.68,3,4,4,1,74,75,422,7,CSE,1
7.99,5,6,5,1,42,93,455,2,IT,1
9.59,5,2,0,1,6,32,88,6,MECH,0
8.22,4,5,0,1,53,84,300,4,CIVIL,1
7.35,4,5,6,0,87,54,190,4,IT,1
7.42,1,7,5,2,57,68,37,5,IT,1
8.72,6,8,1,1,72,90,9,6,CIVIL,1
5.8,4,8,7,0,74,8,376,4,ECE,1
8.6,0,1,4,0,23,36,432,7,IT,1
6.63,2,6,0,3,49,90,154,5,IT,1
9.75,4,9,6,3,10,25,195,1,IT,1
9.7,4,1,5,3,51,55,192,7,MECH,1
7.91,2,1,3,0,52,50,269,8,ECE,1
5.97,6,0,8,1,21,62,194,2,CSE,1
7.17,3,4,3,2,98,34,440,5,CSE,1
9.36,3,6,3,0,19,63,341,1,ECE,1
8.0,0,10,7,3,14,9,325,5,MECH,1
5.99,1,10,0,1,20,50,121,6,CSE,1
5.78,2,1,0,1,16,46,252,6,ECE,0
8.15,4,10,3,2,86,52,119,6,CSE,1
9.55,0,9,2,0,45,92,371,5,ECE,1
5.8,0,0,2,2,40,10,426,6,CSE,1
7.15,5,4,3,2,14,77,121,3,IT,1
9.06,2,5,8,1,58,33,427,2,MECH,1
9.32,4,5,1,0,39,56,104,5,CIVIL,1
9.38,6,3,1,0,8,0,217,3,MECH,1
5.9,3,1,3,3,20,78,18,6,MECH,1
8.73,5,10,6,2,73,96,266,4,ECE,1
6.64,1,7,2,1,90,2,80,8,CSE,1
9.12,1,2,5,3,8,28,239,3,MECH,1
8.99,2,3,1,2,7,95,420,1,CSE,1
6.25,5,1,5,2,42,88,283,4,CSE,1
9.11,2,0,6,3,49,87,360,3,CIVIL,1
7.03,4,7,6,1,3,45,69,6,IT,1
8.89,0,7,8,1,15,52,93,7,MECH,1
7.14,2,10,4,3,85,65,95,1,ECE,1
7.98,4,6,2,1,83,12,157,1,MECH,1
6.57,5,2,3,0,29,82,90,1,CIVIL,1
6.49,5,5,2,2,69,60,94,6,ECE,1
7.66,1,6,6,3,90,54,250,1,IT,1
6.58,1,4,2,0,39,56,120,8,IT,1
6.75,5,4,6,1,37,72,394,5,ECE,1
7.38,0,6,6,0,92,57,82,6,ECE,1
9.69,0,2,0,1,18,49,321,4,ECE,1
8.14,4,0,3,3,27,88,326,5,ECE,1
9.15,3,0,0,1,72,91,414,6,MECH,1
9.88,3,10,8,3,72,82,175,1,MECH,1
7.01,5,8,6,2,68,49,355,3,CIVIL,1
6.28,0,6,5,3,79,71,402,3,CIVIL,1
7.06,5,1,6,0,99,83,307,2,IT,1
9.32,1,8,6,2,5,20,213,8,CIVIL,1
6.73,4,2,5,2,25,86,192,4,CIVIL,1
6.2,2,8,1,2,54,89,282,5,ECE,1
5.76,4,1,7,0,97,36,500,5,CIVIL,1
8.28,4,4,8,3,18,100,370,1,IT,1
6.95,4,8,0,1,5,34,289,5,MECH,1
5.81,4,6,2,2,82,95,259,8,CIVIL,1
8.41,0,9,3,2,88,29,376,2,MECH,1
7.72,3,7,5,0,70,49,16,3,CIVIL,1
6.05,3,3,1,3,11,89,469,7,CSE,1
9.28,3,10,3,1,26,38,44,6,CSE,1
9.67,5,10,3,3,69,79,285,8,CIVIL,1
9.94,5,4,4,3,90,82,279,4,ECE,1
7.87,4,7,8,3,87,45,117,2,ECE,1
7.22,0,7,3,1,96,37,33,1,CIVIL,1
9.3,2,2,0,3,48,83,81,3,CSE,1
9.26,1,8,4,2,78,79,253,7,MECH,1
9.73,0,10,2,1,76,6,497,7,IT,1
7.28,0,8,7,0,28,32,140,6,CIVIL,1
8.27,1,6,1,1,60,51,12,8,MECH,1
5.91,6,9,3,0,67,28,484,6,CIVIL,1
8.97,0,2,3,0,92,96,53,8,MECH,1
9.96,0,1,2,2,37,98,200,6,CSE,1
9.82,0,3,8,0,2,1,11,8,IT,1
7.74,3,3,7,3,55,60,451,1,CIVIL,1
8.49,2,2,0,0,2,59,439,3,ECE,1
7.24,0,5,3,3,49,38,290,5,CSE,1
7.54,5,9,4,0,91,1,260,6,ECE,1
9.3,6,0,7,2,99,53,235,7,IT,1
7.03,3,6,8,0,87,88,16,6,ECE,1
9.29,0,10,7,2,34,97,248,2,MECH,1
5.79,4,8,6,2,69,16,372,4,MECH,1
8.14,2,9,2,2,46,45,18,4,CIVIL,1
7.06,4,1,1,1,21,88,450,8,IT,1
8.51,0,6,4,0,37,65,121,2,MECH,1
6.74,2,1,5,1,20,21,489,3,ECE,1
6.34,3,5,1,0,79,63,123,3,CIVIL,1
6.51,2,1,6,1,11,74,415,8,CIVIL,1
9.67,6,8,1,1,16,88,9,8,CSE,1
6.53,6,9,5,2,13,26,440,3,CIVIL,1
7.09,6,2,6,2,100,97,155,5,ECE,1
8.76,4,6,4,2,54,64,150,4,IT,1
9.27,5,5,7,3,75,18,105,6,MECH,1
5.54,5,9,2,0,69,65,193,5,MECH,1
7.13,2,7,7,2,34,97,307,3,ECE,1
8.36,3,4,2,3,9,63,27,2,CIVIL,1
8.63,3,3,7,0,22,8,389,1,IT,1
9.47,4,9,1,1,89,35,68,1,CSE,1
6.59,4,1,3,1,84,79,274,1,CSE,1
5.81,6,7,7,2,40,15,338,1,CSE,1
7.12,6,4,8,1,95,34,411,5,ECE,1
9.97,4,6,8,1,52,64,88,7,MECH,1
9.3,5,3,2,1,50,3,474,8,ECE,1
9.27,5,6,3,3,83,38,413,6,CSE,1
7.4,0,2,6,0,43,42,394,3,ECE,1
8.35,3,10,6,2,63,67,376,1,CIVIL,1
7.07,6,5,3,3,73,94,107,8,MECH,1
6.28,6,8,0,0,26,32,155,1,MECH,1
5.57,3,0,3,3,47,47,209,2,CIVIL,1
7.7,1,7,5,0,96,8,7,1,ECE,1
6.24,1,2,5,2,71,97,484,4,ECE,1
7.07,5,6,4,2,57,77,185,2,ECE,1
8.7,6,1,4,2,73,28,418,2,ECE,1
6.51,1,6,2,0,49,4,309,8,CIVIL,1
5.79,3,0,4,3,3,60,6,6,CIVIL,1
9.2,1,7,6,2,39,5,125,6,CSE,1
8.88,0,5,3,3,60,68,331,2,MECH,1
9.02,2,4,0,2,3,32,393,6,CSE,1
9.93,1,9,3,1,13,33,275,6,MECH,1
7.27,5,7,3,3,26,12,315,4,MECH,1
9.7,0,8,2,0,73,40,31,5,MECH,1
8.0,1,0,4,2,96,77,156,7,ECE,1
9.9,2,0,1,2,66,65,439,7,CIVIL,1
5.98,6,1,5,3,82,18,283,6,CIVIL,1
6.4,2,0,2,1,5,76,35,8,IT,1
7.2,3,1,0,1,99,35,218,1,IT,1
8.15,4,9,1,1,58,61,393,5,ECE,1
7.58,3,1,7,2,21,73,310,4,MECH,1
7.78,6,4,7,1,74,80,391,8,ECE,1
6.22,0,0,4,1,83,10,483,6,CSE,1
7.1,4,5,3,0,97,97,32,2,CIVIL,1
6.94,0,4,8,3,61,38,114,3,MECH,1
6.02,1,5,5,3,70,84,408,1,CSE,1
9.45,1,9,7,1,82,25,68,4,MECH,1
9.86,6,7,8,1,2,30,255,3,MECH,1
8.71,4,6,5,2,31,9,213,1,MECH,1
7.8,2,10,8,0,10,72,0,6,ECE,1
6.08,3,6,5,0,1,18,359,1,CSE,1
9.94,4,2,8,1,97,95,301,2,IT,1
8.71,0,5,6,0,69,73,171,2,CIVIL,1
6.36,1,9,2,3,92,55,139,1,IT,1
6.12,6,7,2,0,89,40,41,6,IT,1
7.21,2,10,7,1,100,92,115,5,CIVIL,1
9.96,1,3,5,1,71,16,467,4,CSE,1
8.41,4,0,8,0,87,50,386,6,MECH,1
8.6,3,8,2,3,8,32,284,7,MECH,1
9.14,6,2,5,1,93,83,148,4,CIVIL,1
7.18,0,0,1,0,84,77,448,5,MECH,1
5.52,5,8,8,3,29,29,465,8,CIVIL,1
6.29,2,9,6,1,7,23,438,7,MECH,1
9.32,1,7,4,0,9,78,457,4,ECE,1
7.48,5,3,8,1,33,98,341,8,CSE,1
6.72,0,6,5,2,86,2,283,4,CIVIL,1
8.56,1,0,2,0,89,2,373,1,ECE,1
9.5,5,7,8,1,62,68,151,7,CSE,1
9.79,3,2,4,1,5,18,278,5,IT,1
6.15,6,4,7,3,39,22,429,5,CIVIL,1
6.16,0,9,5,1,83,51,189,1,CSE,1
9.65,0,1,7,0,5,71,427,1,CIVIL,1
7.15,5,10,3,0,49,0,500,2,IT,1
6.51,4,1,2,3,28,81,425,7,IT,1
8.1,0,3,4,0,54,96,88,5,IT,1
8.2,5,8,3,1,2,96,181,2,IT,1
8.56,2,3,6,0,21,51,305,5,IT,1
6.13,0,9,5,1,62,24,16,4,ECE,1
8.78,1,5,5,1,62,21,483,2,ECE,1
9.14,3,9,8,2,70,76,308,3,MECH,1
6.94,3,8,6,1,16,62,315,8,CIVIL,1
8.14,5,10,2,0,0,28,279,5,CIVIL,1
9.55,0,8,8,2,31,31,279,1,IT,1
8.26,0,9,0,1,0,45,235,7,CSE,1
9.09,6,8,4,1,13,17,66,2,CSE,1
8.52,6,9,1,1,79,85,89,7,MECH,1
8.8,4,0,5,2,38,39,105,4,ECE,1
8.85,1,5,2,3,64,49,362,6,IT,1
6.44,1,7,2,2,48,92,451,6,ECE,1
6.72,0,10,3,2,84,83,112,6,CIVIL,1
6.35,0,6,0,1,92,0,200,1,IT,1
5.87,6,1,8,1,72,88,139,1,MECH,1
7.36,0,9,8,0,31,70,198,2,CIVIL,1
9.73,5,2,5,0,13,91,87,8,CIVIL,1
6.47,3,3,7,3,70,60,455,7,MECH,1
6.75,2,8,5,1,12,79,242,6,MECH,1
9.7,4,3,6,1,86,13,260,4,CIVIL,1
7.83,6,5,2,2,6,50,129,8,ECE,1
6.7,3,0,7,2,92,92,146,3,MECH,1
6.74,1,8,2,1,47,21,96,7,ECE,1
6.74,6,7,7,1,77,16,258,1,IT,1
7.44,0,4,1,2,63,53,397,4,MECH,1
9.45,6,8,4,2,88,76,188,4,CSE,1
9.46,3,7,5,0,82,83,448,8,IT,1
7.53,0,1,2,3,81,84,270,6,ECE,1
5.52,3,6,2,1,35,15,92,5,IT,1
8.29,1,10,0,0,26,2,248,3,MECH,1
5.74,3,1,6,1,66,71,148,5,CIVIL,1
8.77,5,4,7,1,81,29,213,6,MECH,1
6.78,4,6,5,1,98,55,269,6,CSE,1
9.32,5,5,7,3,15,45,139,8,MECH,1
8.64,1,0,0,2,78,74,266,4,CSE,1
9.5,4,8,0,0,59,75,220,2,CIVIL,1
9.39,4,8,1,3,19,11,9,1,ECE,1
8.29,5,10,3,0,35,1,398,4,CIVIL,1
9.83,2,3,5,3,7,92,152,7,CIVIL,1
5.68,5,5,7,3,100,27,56,8,IT,1
9.35,6,9,0,3,17,6,181,1,ECE,1
8.39,4,8,6,1,17,48,296,5,IT,1
5.51,5,6,4,0,53,56,446,3,CIVIL,1
7.1,5,6,2,3,82,2,468,2,CIVIL,1
9.68,6,3,8,0,21,36,310,5,IT,1
6.28,4,7,2,3,46,25,226,5,CSE,1
9.41,1,4,8,2,51,76,397,7,IT,1
6.4,2,2,3,0,69,99,50,7,CIVIL,1
7.97,1,8,3,3,100,85,105,8,IT,1
7.12,2,6,2,1,57,36,349,1,CIVIL,1
6.03,5,5,0,3,71,27,153,5,MECH,1
8.27,6,3,7,1,80,78,484,3,ECE,1
5.98,3,4,1,1,99,29,447,7,CSE,1
9.58,1,3,7,0,98,64,344,3,MECH,1
9.17,1,4,8,0,96,99,65,3,CSE,1
9.28,5,10,2,0,47,25,12,4,CIVIL,1
8.04,1,4,3,2,9,65,104,4,MECH,1
6.86,1,0,3,0,6,80,260,2,IT,1
7.02,1,1,4,0,50,27,95,3,CSE,1
6.87,1,0,1,3,26,22,445,1,CIVIL,1
7.56,5,7,3,2,6,66,366,4,CIVIL,1
5.71,3,0,2,3,90,43,190,2,MECH,1
8.08,2,2,5,1,23,99,371,5,CIVIL,1
6.59,6,5,0,1,55,50,309,3,CIVIL,1
6.12,2,0,0,2,86,76,138,3,MECH,1
7.03,4,0,6,2,95,42,318,5,IT,1
8.16,4,5,4,1,90,55,68,6,IT,1
5.66,4,3,5,1,33,78,173,4,IT,1
6.75,1,8,2,0,85,31,23,1,CIVIL,1
9.6,2,8,4,2,66,75,41,4,CSE,1
7.29,2,10,1,3,82,70,390,5,IT,1
8.26,3,8,0,0,48,44,42,7,MECH,1
8.98,0,8,3,0,71,45,477,4,CIVIL,1
7.45,5,6,6,0,24,86,386,6,CIVIL,1
8.74,5,5,2,2,59,72,394,3,ECE,1
7.76,2,6,2,0,28,4,128,2,CIVIL,1
6.02,1,8,0,0,43,8,380,7,CIVIL,1
6.9,1,9,7,0,48,8,139,7,CIVIL,1
6.18,0,3,2,2,61,76,54,8,MECH,1
9.32,6,2,6,1,10,19,80,1,ECE,1
8.78,3,10,0,2,93,71,498,3,IT,1
7.92,6,6,5,3,69,41,61,4,MECH,1
9.62,5,1,4,2,37,65,477,4,CIVIL,1
9.08,2,4,2,0,12,65,448,2,IT,1
9.91,5,2,7,2,24,22,246,7,CIVIL,1
7.6,6,1,8,3,13,15,125,8,MECH,1
5.87,3,9,6,0,63,84,326,3,IT,1
7.87,2,6,1,2,31,37,167,5,CSE,1
6.03,5,5,1,0,93,29,480,1,CIVIL,1
7.75,6,4,8,3,4,19,459,8,CSE,1
9.13,6,6,6,0,37,62,103,8,MECH,1
8.32,4,7,5,1,17,13,194,1,CSE,1
5.99,4,1,0,3,56,77,495,7,ECE,1
8.18,4,4,6,0,59,70,64,3,IT,1
6.69,6,0,2,2,40,78,58,8,CIVIL,1
6.07,4,10,2,1,15,32,305,2,IT,1
7.65,4,9,4,3,44,82,306,1,MECH,1
5.71,2,6,6,0,86,40,60,2,IT,1
8.2,3,1,0,0,25,88,148,3,CSE,1
8.06,6,0,1,0,34,35,475,1,CIVIL,1
8.12,3,6,2,3,72,81,117,5,CIVIL,1
8.18,4,2,7,0,25,60,104,3,MECH,1
6.13,0,4,6,0,44,88,438,7,CIVIL,1
6.11,5,8,5,2,36,57,258,7,CSE,1
7.37,2,8,0,2,22,71,462,1,CIVIL,1
7.23,4,10,0,0,68,88,475,6,IT,1
6.96,5,0,1,3,32,89,354,4,ECE,1
5.75,6,7,8,2,46,8,156,8,CIVIL,1
6.14,2,8,4,3,42,38,115,8,CSE,1
7.6,4,3,4,3,10,7,412,8,CIVIL,1
5.63,2,2,1,3,66,50,259,5,CIVIL,1
6.04,1,4,4,0,12,1,309,5,MECH,1
9.17,5,10,1,1,19,94,68,3,MECH,1
5.89,5,10,7,0,78,81,65,5,CIVIL,1
6.47,1,9,8,0,49,96,405,8,CIVIL,1
8.33,0,8,6,2,99,70,488,7,IT,1
6.11,1,7,0,1,79,8,337,3,IT,1
9.09,3,5,1,0,1,0,488,1,MECH,1
6.88,0,10,2,3,29,50,63,4,IT,1
6.18,0,7,8,1,91,97,197,6,IT,1
9.72,5,3,1,0,65,92,347,1,ECE,1
7.19,1,0,8,1,41,16,97,5,CSE,1
8.23,4,10,0,3,22,46,218,6,CSE,1
8.92,5,0,7,0,18,7,421,8,MECH,1
9.5,2,5,6,2,25,41,42,8,IT,1
9.47,4,3,1,1,78,33,105,2,IT,1
9.68,6,2,7,0,38,61,60,7,IT,1
7.07,1,4,7,1,43,0,316,8,CSE,1
8.86,3,10,2,2,52,68,100,5,ECE,1
7.75,6,6,3,1,59,79,274,7,IT,1
8.58,5,0,7,3,34,98,79,5,ECE,1
9.41,2,0,8,3,49,6,468,6,ECE,1
7.17,5,4,0,2,70,30,278,7,IT,1
6.97,4,5,0,2,76,49,251,2,MECH,1
5.84,4,6,4,0,72,53,420,3,ECE,1
7.27,1,7,6,0,37,0,195,4,CSE,1
9.8,0,2,4,0,71,41,377,8,IT,1
6.37,6,2,5,3,53,96,128,5,CIVIL,1
5.96,1,9,4,1,18,79,13,6,MECH,1
9.55,6,6,7,0,66,88,452,2,IT,1
8.01,3,4,6,0,96,7,132,1,ECE,1
8.99,5,9,6,3,73,44,493,5,CSE,1
8.72,5,0,0,2,96,28,139,8,IT,1
5.66,5,2,8,1,91,28,497,4,IT,1
9.44,5,6,0,2,64,54,331,5,MECH,1
9.42,3,9,3,0,47,9,163,7,CIVIL,1
9.53,3,1,2,0,88,54,69,6,CSE,1
9.17,4,7,0,1,72,46,81,3,IT,1
7.5,6,8,1,3,42,64,124,7,CIVIL,1
6.21,0,10,0,3,72,41,479,4,ECE,1
9.04,2,9,6,0,85,8,78,4,CSE,1
7.87,2,0,5,2,69,32,149,4,IT,1
6.87,5,1,7,3,70,33,0,3,CIVIL,1
8.55,3,3,8,3,72,93,75,7,IT,1
9.5,1,7,1,1,64,93,270,6,IT,1
9.58,6,7,4,1,38,19,176,5,CIVIL,1
7.16,2,9,8,0,97,82,19,2,CIVIL,1
6.1,2,0,1,1,7,79,380,2,CSE,1
7.23,0,3,4,2,8,38,15,5,IT,1
9.44,1,1,3,2,25,35,82,7,CSE,1
9.7,0,0,8,3,37,28,62,3,CIVIL,1
8.51,3,5,0,2,71,17,499,3,CSE,1
7.97,3,6,6,0,55,58,290,3,CSE,1
7.8,2,2,6,3,3,15,488,4,IT,1
5.9,2,3,3,0,73,100,410,7,IT,1
9.25,4,5,0,0,54,12,389,2,CIVIL,1
5.79,5,6,4,2,23,75,106,2,IT,1
9.55,4,7,7,2,54,43,158,8,MECH,1
7.11,4,0,4,2,33,11,309,2,ECE,1
6.57,0,5,7,2,52,78,489,3,CSE,1
7.77,1,3,4,3,91,20,382,7,IT,1
6.98,4,8,5,2,9,46,285,4,CIVIL,1
9.63,4,9,8,2,18,34,418,2,IT,1
8.02,5,10,6,2,60,53,367,6,IT,1
8.7,5,7,4,1,100,30,170,4,CSE,1
8.42,0,2,8,3,97,61,415,7,IT,1
6.51,6,3,0,1,81,86,439,8,IT,1
8.6,1,4,8,1,66,9,273,1,ECE,1
6.56,0,9,1,2,90,53,412,7,ECE,1
9.78,5,0,4,3,81,96,278,8,MECH,1
7.91,5,5,5,3,61,61,245,1,CSE,1
8.32,4,2,2,2,54,71,327,1,IT,1
6.03,6,7,5,0,19,23,129,2,ECE,1
9.87,2,10,8,3,59,38,376,2,CSE,1
7.83,2,2,8,3,100,24,314,8,IT,1
7.6,1,0,2,1,63,54,450,2,IT,1
7.97,2,6,8,0,22,4,133,8,MECH,1
7.35,6,7,3,0,18,33,383,7,IT,1
7.24,1,2,4,0,26,36,31,3,ECE,1
8.24,6,7,6,0,43,44,247,7,ECE,1
5.81,2,2,0,3,81,40,440,2,MECH,1
9.05,6,4,7,2,89,18,146,6,CIVIL,1
9.37,6,9,6,3,81,21,374,7,ECE,1
8.28,2,3,5,2,96,76,407,1,IT,1
7.31,3,7,5,1,73,92,19,2,ECE,1
8.57,1,4,8,0,19,17,1,4,IT,1
9.69,4,4,2,0,69,93,194,6,CIVIL,1
9.4,1,5,7,2,44,64,283,3,IT,1
9.73,2,3,4,3,47,22,364,3,MECH,1
6.42,6,6,3,1,30,32,283,7,IT,1
8.32,6,1,2,1,2,98,500,2,MECH,1
6.16,6,10,0,3,25,12,44,5,MECH,1
5.66,3,4,6,1,48,32,384,7,IT,1
5.66,2,8,6,3,72,7,418,4,ECE,1
6.99,6,0,2,1,72,59,363,8,IT,1
6.09,4,3,2,3,35,57,196,3,CIVIL,1
8.22,0,4,7,0,47,76,19,5,MECH,1
5.95,3,9,7,2,5,17,244,8,IT,1
7.27,0,10,4,0,34,77,49,8,ECE,1
9.49,4,8,8,1,33,1,498,4,CSE,1
6.63,4,2,5,2,11,12,318,6,MECH,1
7.69,6,0,6,0,20,54,26,3,CSE,1
8.33,0,9,0,1,49,52,165,4,CSE,1
9.68,2,9,8,3,63,32,458,7,ECE,1
7.11,1,5,0,3,59,55,488,4,MECH,1
6.35,0,8,8,0,21,82,398,4,CSE,1
7.53,2,9,3,1,82,77,268,8,MECH,1
9.87,5,10,0,0,1,59,147,3,ECE,1
6.74,2,0,7,0,59,56,166,3,CIVIL,1
9.04,6,0,7,1,0,5,313,4,IT,1
6.78,1,4,7,2,90,4,476,8,CIVIL,1
9.25,3,0,2,1,17,58,461,5,CSE,1
7.41,6,9,5,2,28,46,132,3,MECH,1
6.82,0,9,2,1,18,2,356,4,IT,1
7.92,1,0,3,1,93,4,375,6,ECE,1
9.84,6,7,5,1,37,33,269,1,MECH,1
9.01,1,3,3,2,81,84,310,6,ECE,1
6.17,5,7,1,1,84,7,395,1,CSE,1
9.68,2,10,7,3,72,76,342,2,CIVIL,1
9.14,6,4,5,3,5,92,242,5,MECH,1
8.12,1,1,7,1,32,96,399,4,ECE,1
7.33,2,4,4,2,69,33,153,7,CSE,1
6.87,3,6,8,3,76,97,232,8,IT,1
6.21,2,6,2,0,60,72,94,6,CIVIL,1
6.69,3,9,8,2,66,100,284,5,ECE,1
7.95,0,6,7,0,36,6,259,8,ECE,1
8.19,6,6,1,3,39,42,328,8,IT,1
8.54,6,0,6,1,74,1,290,6,ECE,1
7.42,2,3,8,1,66,100,50,3,IT,1
7.38,4,1,7,2,91,40,346,1,CSE,1
7.63,0,5,6,0,78,36,24,8,MECH,1
7.52,1,4,0,0,60,97,229,6,MECH,1
9.55,6,6,6,2,96,98,51,6,CSE,1
9.78,4,1,6,0,95,85,343,1,CIVIL,1
9.09,6,8,2,2,66,71,327,5,IT,1
7.91,0,1,7,2,84,61,16,7,MECH,1
7.69,2,6,0,0,38,57,489,2,MECH,1
7.44,6,8,8,0,62,25,427,8,MECH,1
6.75,3,3,7,1,86,41,403,4,CSE,1
6.46,6,1,3,1,52,14,451,5,MECH,1
5.63,4,3,5,2,13,1,423,5,CIVIL,1
9.41,3,0,3,1,56,4,245,1,CIVIL,1
8.04,2,0,3,2,84,62,110,8,CSE,1
9.41,5,10,5,2,28,51,141,8,IT,1
9.1,3,10,1,0,81,61,298,4,IT,1
9.82,5,4,4,0,71,52,143,6,ECE,1
7.89,6,6,8,1,69,38,268,3,CSE,1
6.54,4,4,4,3,3,32,472,2,ECE,1
9.04,0,10,6,3,28,6,128,1,MECH,1
6.1,1,2,0,1,83,45,186,1,CSE,1
5.67,2,9,0,2,14,33,25,6,IT,1
7.44,2,0,6,0,40,43,403,5,ECE,1
8.57,6,1,6,0,39,64,226,5,CSE,1
8.9,0,1,3,2,71,65,396,3,CIVIL,1
6.15,3,8,7,3,8,7,152,3,CIVIL,1
6.36,0,1,2,2,86,83,4,6,CSE,1
5.96,3,1,4,2,8,51,128,1,MECH,1
6.69,6,6,5,3,62,89,362,8,ECE,1
8.97,2,3,1,1,17,97,311,7,CSE,1
6.93,2,0,1,3,23,64,242,4,CSE,1
5.6,0,9,1,1,86,11,74,4,ECE,1
7.08,6,3,2,2,5,100,231,1,CIVIL,1
9.11,0,7,8,1,75,90,259,2,CIVIL,1
8.08,6,4,4,0,27,18,73,6,MECH,1
7.12,2,6,0,2,84,71,280,2,CSE,1
6.03,4,1,3,2,90,46,127,7,MECH,1
6.49,5,6,8,3,52,23,314,4,IT,1
6.88,1,9,1,2,21,37,199,7,IT,1
6.08,5,4,4,3,78,89,233,6,IT,1
9.23,0,3,7,1,28,50,494,8,ECE,1
8.98,2,8,3,2,12,2,10,3,ECE,1
5.52,0,9,7,0,63,42,471,6,CSE,1
7.73,3,8,1,3,63,6,423,5,CSE,1
7.62,6,9,1,2,36,48,162,2,ECE,1
7.94,0,8,1,1,29,89,400,7,IT,1
9.05,1,0,0,0,67,65,357,2,ECE,1
9.88,6,0,0,3,35,17,125,5,ECE,1
9.88,6,1,8,1,22,47,374,3,MECH,1
7.08,3,1,1,2,43,37,166,8,CIVIL,1
8.61,1,8,7,1,7,65,114,5,MECH,1
6.98,6,7,6,2,43,80,238,4,ECE,1
7.59,2,2,0,2,50,80,76,6,IT,1
8.25,4,7,3,2,19,67,311,5,IT,1
8.92,4,2,6,0,32,46,383,2,MECH,1
6.19,6,6,2,1,77,10,406,8,CSE,1
6.28,2,8,3,0,14,56,116,5,ECE,1
6.19,3,8,5,1,95,56,416,3,CSE,1
6.7,4,8,7,3,11,48,18,4,CSE,1
9.14,2,7,5,2,38,77,238,5,CIVIL,1
7.03,0,3,3,0,41,81,158,2,MECH,1
8.98,6,10,5,1,90,3,135,6,CSE,1
8.01,4,10,2,1,51,6,189,3,IT,1
7.45,3,10,6,1,17,17,146,3,CIVIL,1
8.11,3,1,2,1,48,19,167,7,IT,1
6.36,4,4,3,3,35,97,228,5,CIVIL,1
6.08,4,9,8,2,26,33,151,6,ECE,1
9.04,3,7,1,3,86,98,407,8,CSE,1
7.34,1,4,5,1,72,86,124,5,MECH,1
7.68,1,3,7,2,96,26,352,1,CIVIL,1
5.93,1,9,0,3,1,3,271,2,MECH,1
8.52,6,7,3,0,62,87,498,8,CSE,1
8.14,3,3,4,0,77,50,480,5,CSE,1
9.19,2,2,5,1,22,78,136,6,CIVIL,1
5.67,5,1,7,2,83,88,328,2,CSE,1
9.75,1,4,5,0,87,63,124,4,MECH,1
5.97,6,0,1,2,45,16,438,8,IT,1
5.93,4,2,6,0,58,70,489,2,MECH,1
9.24,0,4,2,2,6,85,203,4,IT,1
7.2,6,3,5,2,71,72,17,5,ECE,1
9.05,5,2,2,1,36,47,92,8,ECE,1
6.11,2,10,4,1,5,42,41,8,MECH,1
8.56,2,9,7,2,57,85,450,3,CSE,1
8.52,1,6,2,2,15,91,469,3,CIVIL,1
7.86,2,2,2,3,53,41,173,4,MECH,1
8.12,6,6,8,3,41,85,240,3,CSE,1
6.29,4,8,4,0,15,64,233,3,CIVIL,1
7.45,4,1,0,1,10,39,326,2,ECE,1
6.32,1,0,6,3,31,92,376,4,CIVIL,1
8.12,1,4,7,1,8,58,336,2,CSE,1
6.18,5,6,4,1,17,38,269,6,CSE,1
9.1,4,8,0,1,38,14,85,8,CSE,1
8.86,2,5,4,0,15,61,442,7,MECH,1
6.07,1,3,3,0,49,13,345,6,MECH,1
6.29,4,9,8,3,96,63,381,3,ECE,1
6.77,3,10,2,1,11,82,301,2,CSE,1
6.87,1,10,2,1,83,70,365,7,IT,1
7.31,2,9,5,0,35,62,90,2,MECH,1
7.76,3,0,5,0,39,21,275,5,IT,1
9.3,3,4,3,2,99,34,240,5,CSE,1
9.77,3,4,8,0,15,11,280,8,CSE,1
6.21,0,2,3,3,19,35,356,4,MECH,1
8.67,1,7,6,0,26,83,113,1,MECH,1
8.97,6,10,5,2,12,44,80,7,CSE,1
6.82,2,2,7,2,86,60,401,5,ECE,1
7.62,3,10,3,0,90,79,58,7,CIVIL,1
7.99,1,4,7,0,59,100,2,4,CIVIL,1
6.31,6,10,3,3,35,12,424,2,IT,1
5.62,0,1,5,2,82,74,303,3,IT,1
7.79,2,2,4,3,28,61,196,6,ECE,1
7.78,1,8,5,3,83,43,481,7,ECE,1
8.56,0,9,7,1,45,75,193,6,IT,1
7.03,4,6,7,0,14,74,49,6,CSE,1
6.39,6,0,3,3,97,14,422,5,MECH,1
7.83,2,2,5,3,59,51,474,8,ECE,1
7.98,6,4,1,2,63,91,291,4,CIVIL,1
8.54,3,9,7,0,35,40,80,1,ECE,1
6.82,5,0,6,3,91,50,341,8,CSE,1
7.01,2,4,8,2,97,76,247,2,IT,1
6.97,0,2,7,1,53,71,280,3,CSE,1
8.5,0,3,6,1,66,88,126,6,CSE,1
6.65,0,5,1,0,13,46,325,1,CIVIL,1
5.71,1,0,5,1,70,15,171,8,ECE,1
8.93,3,7,1,1,19,21,121,5,IT,1
8.8,1,1,8,2,27,63,55,5,IT,1
7.47,1,8,8,0,91,86,111,1,CIVIL,1
5.83,3,2,7,0,62,10,228,8,IT,1
7.21,1,3,1,3,0,5,477,1,CIVIL,1
8.49,1,1,4,2,46,48,89,6,CIVIL,1
8.99,3,3,8,0,88,0,473,3,MECH,1
8.9,2,4,4,2,98,13,337,4,CSE,1
6.46,0,0,5,1,69,6,458,2,ECE,1
8.01,0,0,6,0,16,34,53,1,IT,1
7.1,2,8,1,1,38,44,277,3,CSE,1
9.81,1,1,8,0,85,54,464,4,ECE,1
7.25,6,2,1,1,78,5,494,6,CSE,1
7.16,1,9,1,0,67,6,60,6,CSE,1
9.01,5,0,1,0,14,6,26,3,ECE,1
7.55,6,5,1,0,19,38,106,3,IT,1
5.99,6,9,5,3,30,0,35,8,IT,1
8.18,2,3,5,0,30,36,471,5,CIVIL,1
6.52,3,7,7,0,37,87,141,2,MECH,1
7.74,6,1,8,3,31,15,394,1,CSE,1
7.82,4,3,2,0,9,99,267,8,CIVIL,1
6.1,0,7,7,3,18,99,410,6,CSE,1
6.4,5,9,0,1,81,13,200,1,CSE,1
9.23,4,9,3,3,38,34,242,6,ECE,1
8.2,5,5,8,3,4,96,281,5,ECE,1
6.14,2,4,0,2,1,62,308,2,CIVIL,1
9.22,1,5,3,0,72,10,350,1,IT,1
9.73,3,9,8,1,94,50,296,6,CSE,1
7.48,3,1,7,1,36,35,6,3,MECH,1
6.39,3,1,1,2,79,4,221,2,IT,1
5.65,4,5,8,3,27,72,424,2,MECH,1
8.49,6,8,4,1,79,22,88,5,CIVIL,1
9.93,2,9,3,3,25,80,276,3,MECH,1
7.19,2,9,4,3,33,58,397,3,IT,1
7.17,0,8,4,3,35,37,153,7,CSE,1
7.97,6,3,2,1,57,59,455,3,IT,1
7.26,4,0,6,3,17,60,245,2,CIVIL,1
5.65,0,7,2,2,63,84,215,3,MECH,1
9.12,3,7,7,0,88,45,14,6,CIVIL,1
5.86,6,8,4,1,10,1,349,6,CIVIL,1
6.41,2,5,2,0,86,32,307,8,CIVIL,1
6.02,6,8,8,1,72,36,59,4,CSE,1
7.12,6,8,0,3,64,100,212,5,CSE,1
8.66,4,5,6,1,92,85,470,7,MECH,1
7.17,3,1,2,0,12,1,204,8,IT,1
6.01,5,9,1,1,86,52,127,5,CIVIL,1
8.12,4,9,8,3,79,6,322,8,IT,1
7.15,1,2,2,3,77,35,98,1,CSE,1
7.95,1,9,5,3,72,32,192,7,CSE,1
6.3,2,5,1,2,77,69,135,6,MECH,1
8.91,5,7,1,3,9,15,294,2,IT,1
8.37,2,7,4,1,83,92,306,2,IT,1
7.37,6,5,2,3,18,95,246,5,ECE,1
7.39,3,4,1,0,97,74,250,2,IT,1
5.7,2,0,0,0,95,50,142,1,MECH,1
8.1,3,7,8,3,88,94,208,8,ECE,1
5.92,3,3,6,0,64,20,6,3,IT,1
7.39,1,4,8,1,5,1,109,4,CSE,1
8.98,6,7,5,3,29,50,243,7,IT,1
5.95,4,3,5,0,91,90,297,2,CIVIL,1
7.58,3,8,6,1,77,23,429,6,IT,1
8.42,3,4,2,3,71,96,59,2,MECH,1
7.53,6,2,0,0,26,48,268,1,MECH,1
9.91,2,2,3,1,99,39,102,6,MECH,1
8.04,1,4,2,0,24,24,31,4,CIVIL,1
6.42,6,2,8,0,24,20,319,5,CSE,1
8.66,1,5,7,3,96,3,190,4,CSE,1
9.51,4,4,4,1,69,17,150,2,MECH,1
7.85,3,9,1,2,68,49,61,5,ECE,1
8.97,3,3,2,0,64,92,176,3,CSE,1
6.53,5,2,4,0,18,65,345,4,CSE,1
9.11,5,4,0,3,98,41,182,8,CIVIL,1
9.33,1,5,6,2,25,38,392,3,CSE,1
7.76,3,7,3,1,45,32,198,2,CSE,1
6.09,1,9,1,0,73,95,3,1,IT,1
9.24,3,4,2,0,89,8,363,5,CIVIL,1
9.75,3,9,8,3,10,93,342,3,CSE,1
7.84,6,2,2,0,74,84,366,3,CIVIL,1
9.81,0,7,2,2,67,18,407,5,MECH,1
9.38,0,10,4,0,77,19,473,3,CIVIL,1
6.47,5,9,6,0,91,76,193,3,IT,1
8.87,6,0,8,1,45,47,407,4,CSE,1
8.51,6,2,4,3,40,72,379,3,IT,1
8.58,2,10,3,0,47,14,100,5,CSE,1
6.87,5,9,1,1,72,6,221,4,MECH,1
9.14,3,6,3,2,41,74,61,6,MECH,1
7.76,0,2,0,0,30,81,480,3,CIVIL,1
6.52,3,2,5,2,94,39,363,7,ECE,1
9.0,0,2,3,2,17,74,100,6,CSE,1
6.64,1,3,8,1,29,66,17,2,ECE,1
8.02,4,4,5,2,37,73,11,4,CSE,1
9.64,3,2,4,3,82,65,116,5,ECE,1
7.92,1,3,3,1,29,11,252,7,MECH,1
7.43,4,7,4,1,20,32,382,7,ECE,1
8.48,4,4,5,2,74,84,332,2,ECE,1
6.83,5,7,7,0,90,91,459,8,CIVIL,1
8.67,0,9,8,3,14,7,241,4,MECH,1
8.44,6,6,6,1,77,25,489,1,ECE,1
9.8,5,5,6,3,77,32,312,2,MECH,1
8.53,4,10,0,2,84,73,172,1,MECH,1
9.08,6,10,6,3,52,85,260,6,CSE,1
6.0,1,5,5,1,2,4,465,2,ECE,1
6.65,2,3,8,1,26,68,123,6,ECE,1
8.03,4,10,5,0,34,40,142,2,ECE,1
5.71,4,6,6,1,24,65,372,2,CIVIL,1
6.58,6,3,6,1,40,68,88,4,MECH,1
8.34,1,4,6,3,94,52,181,1,IT,1
9.67,1,4,6,2,93,25,378,7,CSE,1
9.3,1,10,3,2,32,20,78,3,CIVIL,1
8.26,5,8,5,2,12,2,37,5,ECE,1
6.02,2,4,4,0,17,51,487,3,CSE,1
8.14,3,0,2,0,52,38,144,8,CIVIL,1
8.05,6,4,8,1,97,44,289,8,IT,1
7.97,2,5,7,1,46,65,204,2,CIVIL,1
8.0,1,1,3,1,83,17,405,7,IT,1
6.29,2,1,3,3,50,32,364,8,IT,1
8.94,6,2,6,1,65,32,331,3,CSE,1
9.25,1,5,8,3,33,23,432,2,CIVIL,1
6.41,5,3,1,1,45,11,29,5,ECE,1
7.7,6,1,7,0,13,28,367,6,CSE,1
5.81,2,0,6,0,13,37,134,6,CIVIL,1
6.64,1,5,8,2,8,26,298,6,ECE,1
8.67,1,10,0,0,93,25,426,4,CIVIL,1
5.52,0,2,6,0,76,24,238,2,ECE,1
9.99,1,5,2,2,28,9,128,2,MECH,1
8.5,2,8,8,1,39,64,155,3,IT,1
9.96,4,9,4,0,43,70,354,2,IT,1
9.93,0,3,5,3,97,22,360,4,CIVIL,1
9.33,1,3,3,2,94,24,350,1,MECH,1
5.66,5,3,2,0,84,77,250,5,ECE,1
7.23,1,8,8,2,96,24,143,3,MECH,1
5.78,1,0,7,3,85,62,159,5,IT,1
8.58,0,5,8,1,37,16,44,6,IT,1
6.57,6,4,3,2,28,46,1,1,MECH,1
6.33,5,5,6,2,26,76,380,8,IT,1
7.47,4,8,7,0,82,25,130,5,MECH,1
8.12,3,3,4,0,6,34,31,1,IT,1
7.91,1,2,0,2,53,81,228,7,CIVIL,1
6.13,1,10,6,3,79,41,68,7,IT,1
9.97,2,6,6,1,32,27,245,4,IT,1
9.31,6,5,7,1,14,75,47,1,IT,1
8.72,0,3,4,0,81,83,186,2,IT,0
7.1,2,3,7,2,92,22,146,8,CSE,1
6.08,4,1,5,3,60,85,329,1,CSE,1
9.51,4,1,2,1,73,70,8,5,CIVIL,1
7.07,3,10,6,1,39,63,396,6,MECH,1
7.11,0,4,3,1,32,63,322,8,ECE,0
8.52,1,9,0,2,49,51,292,6,CSE,1
8.09,6,2,5,1,37,18,405,3,CSE,1
8.66,4,5,3,1,76,27,212,3,MECH,1
7.13,1,1,6,0,98,58,13,3,CSE,1
5.84,0,9,5,0,16,31,464,1,ECE,1
5.59,1,5,2,3,82,59,58,2,IT,1
5.75,6,3,1,2,87,64,395,2,IT,1
7.58,2,1,5,0,9,62,381,6,MECH,1
8.95,2,10,2,3,25,6,485,4,CIVIL,1
8.54,0,0,4,0,75,66,374,4,CSE,1
6.7,3,4,5,0,97,99,39,7,MECH,1
6.37,6,3,6,0,47,94,30,2,CSE,1
6.44,5,2,5,1,87,15,428,3,CIVIL,1
6.6,6,9,4,2,3,77,449,8,CSE,1
7.78,4,2,1,0,99,85,66,7,CSE,1
7.57,5,10,6,2,75,26,340,5,IT,1
9.75,6,6,2,0,52,84,457,7,IT,1
9.21,5,10,0,3,30,62,443,3,MECH,1
8.72,3,9,8,1,49,97,341,4,CSE,1
6.27,4,0,4,1,0,11,399,8,CIVIL,1
8.22,5,10,6,1,50,93,316,4,CSE,1
8.12,4,6,0,3,59,24,487,8,CIVIL,1
5.85,5,10,2,3,67,5,445,7,MECH,1
7.19,1,1,3,3,32,26,134,2,IT,1
6.58,4,8,3,3,29,66,453,8,MECH,1
7.72,1,1,5,0,7,5,367,5,CIVIL,1
5.97,6,0,1,1,63,61,272,6,CIVIL,1
8.68,1,10,0,3,96,73,151,3,ECE,1
6.95,4,8,2,3,45,93,478,1,IT,1
7.71,4,8,5,2,6,77,322,2,IT,1
6.04,5,5,7,2,50,10,368,8,ECE,1
7.49,3,7,4,2,18,64,123,2,MECH,1
6.45,4,0,7,1,60,37,464,4,MECH,1
5.81,4,9,4,2,84,60,429,5,IT,1
6.4,2,1,6,1,6,85,274,6,IT,1
7.48,5,8,1,2,75,27,242,8,IT,1
6.41,1,9,0,1,15,5,483,2,MECH,1
9.97,0,2,7,1,23,29,390,5,CSE,1
6.79,2,2,6,2,6,20,46,2,IT,1
8.68,0,9,1,0,1,17,218,7,MECH,1
6.5,5,6,6,1,61,15,104,7,MECH,1
5.87,3,6,6,2,60,10,211,6,CSE,1
5.75,6,4,1,1,90,7,387,2,IT,1
7.9,1,4,0,2,50,99,159,2,CIVIL,1
9.71,3,7,1,2,77,7,140,1,ECE,1
8.64,2,3,4,2,95,32,141,3,CSE,1
7.69,5,1,2,0,35,44,465,4,IT,1
9.17,3,0,0,1,56,35,139,6,IT,1
7.79,4,9,6,0,89,48,343,4,CIVIL,1
8.96,5,6,0,1,24,4,267,4,ECE,1
5.91,3,1,8,0,52,62,267,3,ECE,1
9.61,2,3,8,2,17,85,466,2,MECH,1
5.74,5,8,8,0,53,43,471,7,ECE,1
8.62,4,6,3,2,94,88,130,7,CIVIL,1
9.75,2,0,8,3,35,39,450,4,CIVIL,1
8.85,3,1,6,2,30,26,198,5,IT,1
7.03,4,4,3,1,48,85,257,4,CIVIL,1
7.55,4,6,1,3,19,62,208,2,MECH,1
7.8,2,1,0,2,52,83,121,6,CIVIL,1
6.97,1,4,5,2,44,69,64,1,CIVIL,1
6.29,4,4,3,1,43,95,497,7,IT,1
8.12,1,3,0,3,4,94,461,6,MECH,1
7.81,0,1,4,3,76,61,83,7,MECH,1
9.88,6,2,7,2,82,86,337,7,IT,1
9.13,1,6,1,1,53,96,215,4,CSE,1
6.22,1,0,0,3,68,10,127,6,CIVIL,1
6.29,4,0,6,2,53,56,116,8,IT,1
7.27,4,0,4,2,24,85,367,5,CIVIL,1
7.2,4,0,4,3,96,92,13,3,MECH,1
6.68,4,4,8,0,25,82,114,2,CSE,1
8.62,4,9,1,3,56,23,97,4,CIVIL,1
6.67,5,0,0,0,22,50,174,5,IT,1
5.94,0,2,4,2,33,5,188,6,MECH,1
9.51,1,5,8,1,32,95,66,1,CIVIL,1
7.66,5,3,2,1,39,86,332,4,CIVIL,1
7.67,0,8,6,0,43,38,384,1,CIVIL,1
8.44,3,7,3,3,44,40,470,7,CIVIL,1
7.02,1,5,3,0,27,4,47,5,IT,1
5.59,6,3,0,0,68,1,250,1,ECE,1
8.86,3,1,6,3,78,3,360,5,ECE,1
5.64,1,7,2,2,82,43,103,8,MECH,1
5.94,3,1,8,0,47,63,277,7,CSE,1
8.76,1,9,3,0,88,55,212,1,ECE,1
8.44,1,9,3,1,68,66,144,4,MECH,1
7.05,2,2,6,2,94,49,336,5,ECE,1
9.37,1,1,7,1,60,56,259,8,IT,1
6.61,0,0,2,3,13,94,441,8,IT,1
5.77,3,4,4,2,30,1,70,3,IT,1
5.98,0,0,6,3,16,43,254,8,ECE,1
7.85,1,7,1,1,0,97,53,6,CSE,1
9.24,2,3,2,0,92,2,486,2,MECH,1
7.83,1,10,0,3,84,12,195,3,IT,1
8.9,5,0,3,1,50,100,384,1,ECE,1
7.76,5,6,5,2,29,37,341,3,IT,1
7.6,5,9,0,1,11,65,384,2,ECE,1
9.37,1,3,1,2,68,42,167,4,CSE,1
8.93,6,10,2,3,40,23,315,1,MECH,1
6.97,1,9,0,3,86,12,118,4,CIVIL,1
8.73,5,9,6,3,91,60,351,5,MECH,1
7.52,2,6,5,1,12,39,160,8,CSE,1
8.27,0,6,8,3,48,98,418,8,IT,1
6.43,6,5,7,2,36,95,363,6,CIVIL,1
9.89,2,4,4,3,54,17,339,5,IT,1
5.99,5,1,6,3,42,97,352,3,ECE,1
9.92,4,5,3,3,51,59,158,8,CSE,1
7.77,2,4,3,2,60,100,206,3,MECH,1
8.99,4,1,6,3,12,77,294,7,CIVIL,1
8.45,4,3,4,2,20,51,4,2,ECE,1
6.61,4,9,3,2,52,76,398,8,MECH,1
5.57,0,9,0,0,66,39,262,4,ECE,1
8.67,5,8,6,2,45,38,168,2,MECH,1
9.78,3,3,7,0,45,56,328,5,ECE,1
8.79,0,0,7,1,56,75,351,4,MECH,1
9.6,5,2,5,1,46,82,369,6,IT,1
7.44,5,1,3,1,85,34,92,3,CIVIL,1
5.86,3,2,2,2,90,34,84,6,ECE,1
9.31,3,8,2,1,10,58,140,3,IT,1
6.65,3,7,4,3,19,69,52,7,IT,1
9.93,2,8,6,3,54,22,180,6,CIVIL,1
7.42,4,1,7,1,35,8,40,2,MECH,1
8.55,5,3,4,0,64,56,309,3,IT,1
5.72,4,0,1,1,9,6,19,7,CSE,0
8.63,5,0,6,3,99,35,113,1,CIVIL,1
6.83,5,10,8,2,18,67,25,1,IT,1
6.46,0,7,1,3,47,36,334,4,IT,1
8.9,6,0,7,3,36,0,488,4,CIVIL,1
7.62,3,2,0,2,71,37,139,8,MECH,1
8.57,5,4,0,3,70,10,302,1,CSE,1
9.21,0,7,2,1,64,92,373,3,CIVIL,1
8.09,4,8,2,2,73,50,174,4,CSE,1
9.0,2,5,0,0,91,36,0,8,MECH,1
6.01,3,5,8,2,23,10,51,3,ECE,1
7.56,1,5,4,1,5,38,450,6,CIVIL,1
8.77,2,1,6,0,34,82,367,3,MECH,1
8.12,0,10,6,2,83,17,230,4,MECH,1
9.36,3,5,0,3,48,67,474,5,IT,1
8.39,3,0,3,2,55,24,321,7,CSE,1
8.34,5,9,1,1,34,18,166,7,CIVIL,1
6.43,0,1,2,3,43,21,230,4,ECE,1
7.89,6,9,0,3,4,46,257,2,ECE,1
7.9,4,5,6,2,23,75,317,8,IT,1
6.7,4,1,0,0,81,86,313,8,MECH,1
7.13,0,1,1,3,56,29,298,8,ECE,1
7.06,4,3,0,1,44,60,407,7,CIVIL,1
5.96,1,1,7,3,40,62,498,4,ECE,1
8.59,6,2,1,2,80,65,442,8,CSE,1
8.34,0,4,8,3,78,31,336,6,CSE,1
7.14,3,8,5,0,89,59,470,6,ECE,1
9.97,5,2,0,3,4,14,403,3,CIVIL,1
6.34,3,3,1,2,49,49,303,1,CIVIL,1
8.73,6,9,3,1,89,20,230,6,IT,1
9.81,5,10,3,3,62,12,356,7,CIVIL,1
7.25,4,0,4,1,86,73,496,5,ECE,1
5.55,0,7,5,0,19,13,492,6,MECH,1
6.34,5,9,4,2,4,99,149,5,MECH,1
8.61,1,8,8,1,22,81,99,3,CIVIL,1
7.59,0,5,1,1,91,25,141,5,CIVIL,1
8.96,2,2,0,0,0,56,377,7,ECE,1
9.53,3,9,0,0,72,75,361,2,CSE,1
9.8,1,3,6,2,81,82,417,6,MECH,1
7.4,2,6,4,1,27,90,104,2,CIVIL,1
9.48,0,2,8,3,26,74,35,8,ECE,1
5.64,1,8,1,1,45,55,288,2,IT,0
8.18,1,3,7,3,72,2,113,8,IT,1
5.58,2,3,4,1,29,65,53,6,CSE,1
8.63,2,0,6,2,57,43,165,3,IT,1
9.1,3,4,7,0,41,89,247,2,MECH,1
8.24,0,10,2,2,27,90,282,3,IT,1
8.84,4,0,4,1,86,3,63,1,CSE,1
7.09,1,4,0,1,100,73,200,8,MECH,1
7.54,0,3,2,2,75,81,77,2,ECE,0
9.4,1,7,2,0,28,77,174,2,ECE,1
7.93,1,4,7,3,16,74,141,3,CIVIL,1
6.46,1,7,5,0,100,43,484,5,CSE,0
6.63,0,7,8,0,55,70,367,4,CSE,1
8.22,0,0,7,1,59,11,38,1,CSE,1
8.32,6,4,5,0,81,26,83,7,CSE,1
8.91,4,10,7,2,64,76,449,3,ECE,1
8.84,4,0,7,2,55,39,293,3,CIVIL,0
9.79,2,5,1,0,72,0,347,1,IT,1
7.14,1,2,0,3,19,2,36,4,IT,1
6.32,4,4,0,2,34,16,83,3,CSE,1
9.84,3,4,1,0,73,6,94,8,MECH,1
7.53,5,3,8,3,31,31,301,7,IT,1
7.28,5,0,4,1,5,14,0,5,CSE,1
5.55,0,0,1,1,72,97,339,7,MECH,1
8.3,1,0,6,2,21,20,360,7,IT,1
6.91,1,8,0,3,88,11,6,8,ECE,1
8.34,4,7,0,3,72,60,48,7,MECH,1
5.7,6,8,0,3,89,22,305,7,IT,1
8.01,5,8,2,1,81,21,117,7,CIVIL,1
7.01,0,7,4,1,76,7,385,5,MECH,1
7.61,3,4,0,2,9,47,21,6,CIVIL,1
8.17,0,7,1,2,95,39,87,4,CIVIL,1
7.19,6,4,0,1,90,74,420,2,ECE,1
5.58,1,3,4,0,90,41,3,5,ECE,1
7.65,1,7,8,3,45,81,445,3,CIVIL,1
9.99,1,1,7,3,80,42,4,2,IT,1
7.64,6,9,8,0,73,69,380,4,CSE,1
8.96,3,5,7,2,7,22,327,6,MECH,1
7.07,0,0,3,0,58,77,89,3,IT,1
6.28,1,2,2,2,15,58,93,5,CSE,1
7.82,4,7,4,2,85,11,390,7,CIVIL,1
9.79,5,6,0,0,86,72,23,8,MECH,1
9.46,5,4,6,2,59,80,345,6,ECE,1
7.72,2,5,5,0,82,9,74,3,IT,1
9.79,4,4,2,0,54,100,416,8,CSE,1
9.77,4,6,2,0,24,85,35,2,CSE,1
8.9,4,9,8,0,3,29,385,1,IT,1
8.6,1,2,8,1,90,90,194,5,MECH,1
6.38,6,8,6,0,64,67,302,6,CIVIL,1
5.77,5,2,8,0,45,5,190,3,MECH,1
5.57,1,8,2,1,62,71,7,7,IT,1
6.98,2,1,7,3,55,11,330,5,CIVIL,1
5.81,2,0,6,1,21,28,393,5,MECH,1
5.69,5,9,1,1,68,6,88,8,IT,1
5.52,3,3,7,1,31,38,98,5,ECE,1
8.7,3,6,2,3,65,12,287,1,ECE,1
8.82,3,0,5,3,18,50,399,5,CSE,1
8.08,6,7,2,0,78,66,312,1,MECH,1
9.5,5,7,2,1,33,82,295,6,CIVIL,1
8.03,4,5,7,1,58,63,348,7,CIVIL,1
9.91,2,9,6,1,43,81,57,2,CSE,1
7.33,2,9,1,0,77,50,175,7,CIVIL,1
7.35,3,7,0,1,81,74,363,8,CSE,1
7.27,1,4,8,2,35,40,189,5,ECE,1
6.52,2,1,2,0,68,37,500,1,MECH,1
6.71,4,3,2,3,73,18,4,7,MECH,1
9.21,6,2,1,2,27,25,259,4,ECE,1
6.1,2,9,7,3,69,77,294,2,CSE,1
8.75,5,7,7,3,95,52,106,5,ECE,1
6.63,4,1,8,3,29,6,314,8,MECH,1
5.64,4,4,8,3,40,54,353,4,CSE,1
7.17,1,4,4,1,1,30,275,1,MECH,1
8.89,6,2,2,1,33,58,305,8,MECH,1
9.11,3,3,0,0,44,34,229,1,IT,1
7.02,6,5,7,0,29,32,459,4,ECE,1
6.41,1,3,5,1,20,32,327,4,IT,1
6.08,5,7,5,0,98,12,217,4,CSE,1
9.64,4,5,0,0,11,44,313,2,CSE,1
8.79,3,0,0,2,5,4,496,1,CIVIL,1
6.69,1,7,8,0,40,95,272,7,CSE,1
9.8,4,0,0,1,69,64,374,6,MECH,0
7.99,0,3,7,0,28,16,55,5,CIVIL,1
7.62,4,3,0,3,58,60,363,3,IT,1
9.1,5,10,1,2,22,45,265,8,CSE,1
7.24,3,1,3,3,73,9,139,8,MECH,1
8.21,6,4,7,3,40,48,18,7,CIVIL,1
6.23,6,3,4,2,71,18,158,2,IT,1
7.43,4,6,5,3,39,48,326,1,ECE,1
6.52,1,1,6,2,28,1,469,5,IT,0
8.67,2,1,0,1,40,1,9,4,MECH,1
8.69,1,5,8,2,31,71,214,3,IT,1
9.54,5,5,4,1,66,91,138,3,IT,1
5.78,0,3,1,2,7,83,35,4,CSE,1
6.59,1,1,8,0,40,79,248,4,CIVIL,1
7.81,4,3,3,1,3,24,40,2,IT,1
5.64,2,0,1,2,86,87,352,5,CSE,1
8.08,5,5,5,1,94,48,466,1,IT,1
9.14,4,7,6,0,13,24,36,8,ECE,1
6.26,0,8,8,0,80,55,12,8,IT,1
9.38,1,8,7,2,35,55,231,5,ECE,1
6.43,2,4,0,3,8,3,430,4,CIVIL,1
9.15,3,3,6,2,76,45,133,6,IT,1
8.21,6,10,3,2,89,78,238,2,MECH,1
8.21,4,5,1,1,27,12,50,1,ECE,1
9.63,4,7,4,1,41,46,35,8,ECE,1
7.49,2,2,7,2,64,78,312,4,IT,1
5.78,2,3,4,1,26,98,70,2,IT,1
9.34,4,8,3,1,81,3,306,6,MECH,1
9.63,3,3,2,1,41,35,182,8,MECH,1
8.15,6,5,2,1,91,28,149,4,MECH,1
6.96,6,7,8,0,16,45,302,6,MECH,1
9.32,5,6,0,3,23,11,470,1,MECH,1
6.94,6,5,7,0,70,89,350,2,IT,1
7.29,6,9,8,0,38,53,11,7,CSE,1
9.26,6,2,7,0,9,17,156,2,CSE,1
7.39,4,2,5,3,16,49,227,7,MECH,1
6.28,4,9,6,0,48,21,287,4,IT,1
6.19,1,0,4,0,59,54,132,6,CSE,1
7.49,2,0,2,0,12,80,186,7,CSE,1
6.72,3,0,7,0,59,3,392,1,IT,1
5.57,4,8,8,0,17,74,47,7,CIVIL,1
6.29,3,6,8,3,51,21,171,2,ECE,1
7.02,5,10,0,1,71,33,121,2,CIVIL,1
8.57,2,1,1,1,10,18,392,8,IT,1
9.78,4,9,3,2,17,96,108,6,CIVIL,1
7.48,4,3,7,1,90,56,403,6,IT,1
7.83,6,4,3,1,69,96,373,3,CSE,1
9.44,6,3,3,3,31,59,275,2,CIVIL,1
6.2,5,10,1,0,65,11,230,3,MECH,1
5.65,3,3,5,2,63,60,220,7,CIVIL,1
7.18,3,2,2,0,60,67,448,2,CIVIL,1
7.01,2,9,6,0,4,76,477,6,IT,1
7.97,4,0,3,1,9,97,149,8,IT,1
8.77,3,7,4,1,70,60,290,8,CIVIL,1
7.7,2,1,2,2,70,50,239,6,MECH,1
7.75,1,5,0,0,76,86,256,6,MECH,1
7.99,6,1,5,3,73,33,103,2,CSE,1
5.7,3,8,1,3,83,83,141,6,IT,1
6.19,0,5,7,1,30,80,80,8,CIVIL,1
6.91,2,10,1,1,51,70,4,5,IT,1
9.17,4,8,3,3,26,2,105,7,MECH,1
6.23,3,1,2,1,36,63,303,3,CIVIL,1
8.17,0,3,6,2,1,59,14,2,CSE,1
5.68,4,6,6,0,56,86,371,2,MECH,1
7.61,3,2,5,1,96,99,79,5,IT,1
6.3,2,0,3,1,57,23,39,3,IT,1
5.86,4,4,2,3,35,62,230,5,CIVIL,1
9.94,3,10,6,0,42,45,481,1,ECE,1
8.59,0,3,1,3,12,72,197,1,ECE,1
9.69,4,2,2,2,54,65,38,3,CIVIL,1
6.82,0,1,8,2,86,40,99,3,ECE,1
9.43,6,5,3,2,18,75,211,8,MECH,1
8.03,6,1,1,3,36,19,316,2,CSE,1
9.46,5,3,3,2,42,88,77,3,CIVIL,1
9.01,0,6,5,3,88,52,444,3,CIVIL,1
6.03,6,6,8,2,66,0,147,2,CSE,1
7.71,6,10,8,2,24,90,493,6,CSE,1
7.05,2,4,3,0,37,16,495,4,MECH,1
5.89,3,3,2,2,65,8,416,4,MECH,1
7.49,4,1,4,2,22,7,339,4,ECE,1
9.09,5,4,1,2,14,47,457,8,CSE,1
5.55,0,1,2,1,68,18,236,3,IT,0
9.53,0,10,1,1,71,95,350,2,CSE,1
6.6,2,10,3,3,37,66,468,1,MECH,1
9.72,1,8,0,0,29,36,167,4,ECE,1
7.32,2,3,6,0,23,26,479,5,CIVIL,1
8.78,6,7,2,0,7,76,444,3,CIVIL,1
9.39,3,3,7,0,98,63,318,6,CSE,1
9.62,2,0,5,2,97,45,407,2,CIVIL,1
7.7,1,0,4,0,1,74,128,6,CSE,1
5.82,3,1,3,3,99,4,186,5,CSE,1
6.31,0,5,2,3,67,85,60,6,IT,1
9.79,3,6,3,3,75,13,327,4,CIVIL,1
6.26,2,0,3,1,74,66,247,8,MECH,1
6.66,6,3,0,3,0,15,371,3,IT,1
9.5,6,8,5,3,73,14,0,8,CSE,1
6.29,3,2,2,0,73,48,303,8,CIVIL,1
9.64,6,7,2,3,95,61,73,4,CIVIL,1
8.2,4,10,8,0,13,14,196,6,MECH,1
7.65,2,0,8,0,52,20,488,5,ECE,1
8.38,5,9,5,0,32,26,220,3,CSE,1
8.0,5,0,8,0,54,4,451,7,MECH,1
9.7,0,10,6,1,78,23,95,3,CIVIL,1
8.09,3,8,5,3,29,21,250,1,IT,1
9.41,6,0,8,3,23,28,230,4,IT,1
7.02,1,10,8,3,91,17,345,3,MECH,1
6.12,0,8,2,1,2,0,23,6,CSE,1
6.16,2,6,1,0,12,72,71,7,CSE,1
9.2,0,5,2,3,57,56,183,1,CIVIL,1
7.26,1,5,4,3,1,25,224,4,ECE,1
7.23,0,4,7,1,62,24,242,7,IT,1
7.7,0,7,1,2,94,15,445,5,IT,1
7.53,4,5,4,0,100,8,413,2,IT,1
9.35,5,0,6,0,65,31,269,8,MECH,1
5.71,0,2,0,2,49,67,435,1,IT,1
9.91,2,2,7,1,2,27,228,1,MECH,1
8.08,4,5,8,2,18,89,393,7,CIVIL,1
5.93,6,0,3,0,19,76,438,8,CIVIL,1
6.69,6,1,6,0,92,72,104,2,MECH,1
7.81,3,4,0,3,46,32,336,5,CSE,1
9.77,0,2,1,1,93,43,170,7,CIVIL,1
7.47,0,5,2,1,96,85,110,4,ECE,1
5.64,5,2,4,0,65,64,396,8,MECH,1
8.21,3,4,8,3,65,24,72,5,IT,1
8.85,4,6,4,2,34,86,217,4,MECH,1
8.48,5,2,5,2,66,85,39,7,MECH,1
7.22,4,9,3,2,22,61,243,6,IT,1
7.58,2,7,7,1,75,67,325,6,MECH,1
6.44,6,2,0,1,48,72,4,1,IT,1
9.07,1,2,7,2,7,86,49,1,IT,1
8.51,6,2,7,2,8,24,264,2,ECE,1
7.9,0,0,7,1,93,27,113,3,MECH,1
8.79,2,4,6,3,3,53,230,1,MECH,1
9.56,2,10,5,3,33,9,72,7,ECE,1
6.5,6,1,3,3,17,16,338,6,CIVIL,1
9.01,5,2,8,2,80,59,430,6,MECH,1
7.15,3,10,1,0,62,88,87,8,ECE,1
6.59,0,3,3,2,79,34,378,5,CSE,1
8.58,4,9,8,2,52,99,37,1,CIVIL,1
7.21,2,2,5,0,36,39,315,1,CIVIL,1
5.75,2,3,3,3,97,36,16,1,CIVIL,1
6.32,5,0,8,1,68,25,3,6,CIVIL,1
9.33,3,2,6,0,55,39,460,6,MECH,1
8.86,2,5,7,1,99,68,394,6,IT,1
9.65,6,6,7,1,10,69,71,1,IT,1
6.03,4,3,3,1,91,17,434,2,CSE,1
5.78,3,7,7,0,57,1,468,8,MECH,1
8.59,0,6,8,1,26,63,153,1,IT,1
9.16,2,7,6,3,68,57,323,8,CSE,1
5.53,2,5,8,2,69,26,222,4,MECH,1
9.55,1,5,1,0,59,14,140,3,ECE,1
9.88,0,1,3,0,47,97,422,7,CIVIL,1
9.71,6,9,4,0,36,97,99,2,IT,1
9.52,0,6,6,3,70,10,89,8,MECH,1
6.72,2,2,3,1,38,11,49,7,MECH,1
7.83,5,5,4,3,83,98,385,2,CSE,1
9.49,3,7,3,2,6,10,219,6,MECH,1
5.56,6,3,8,2,37,5,399,2,CSE,1
8.15,2,2,6,2,31,31,306,1,IT,1
9.29,5,0,6,0,19,54,322,3,MECH,1
8.57,3,10,3,3,68,65,69,1,CSE,1
6.3,0,3,4,2,39,44,127,3,CSE,1
8.45,6,8,5,0,80,92,181,5,CSE,1
9.07,2,10,3,1,34,89,421,5,CSE,1
8.96,4,1,7,2,39,20,474,1,MECH,1
6.04,3,6,2,1,94,0,367,2,ECE,1
8.39,0,4,8,2,63,5,120,4,MECH,1
7.35,5,10,3,1,57,93,205,3,CSE,1
8.44,2,1,5,0,89,98,470,4,IT,1
6.53,5,3,8,1,73,95,93,5,ECE,1
5.7,5,5,0,3,44,60,127,8,IT,1
7.69,3,4,6,3,51,69,344,2,CSE,1
8.9,6,0,2,2,100,76,392,1,CSE,1
8.85,6,4,6,3,57,22,222,2,CSE,1
6.87,5,9,6,0,30,86,130,1,CIVIL,1
6.54,1,9,2,0,7,54,284,6,MECH,1
6.57,0,3,8,3,59,41,72,3,CIVIL,1
9.56,6,2,7,0,52,1,94,4,CSE,1
8.05,3,6,5,1,74,10,365,3,ECE,1
6.68,4,9,4,1,38,33,251,2,CSE,1
9.71,5,10,8,3,89,25,187,6,IT,1
6.48,2,7,1,0,34,5,143,4,MECH,1
9.03,2,1,4,0,94,50,422,5,IT,1
5.98,4,9,7,2,67,98,44,7,IT,1
5.56,4,7,0,2,8,75,190,7,MECH,1
7.21,2,10,4,0,52,57,279,3,CSE,1
9.47,3,3,3,0,41,45,5,8,IT,1
6.2,1,5,8,0,79,41,275,4,IT,1
8.05,5,8,6,1,51,94,27,2,CIVIL,1
7.68,0,2,4,3,73,20,4,1,CIVIL,1
6.14,5,3,2,2,31,66,243,6,CIVIL,1
7.33,4,1,4,1,57,89,341,5,IT,1
9.26,0,8,2,1,97,69,240,1,CIVIL,1
6.39,6,3,6,1,2,47,174,7,IT,1
7.07,1,0,0,1,68,66,391,2,MECH,1
6.9,4,6,8,0,74,64,423,5,MECH,1
7.96,6,2,8,1,64,96,402,5,CIVIL,1
6.26,3,7,6,2,62,71,15,6,CSE,1
8.9,5,10,3,2,57,99,227,2,ECE,1
6.65,0,2,6,1,81,98,43,4,IT,1
7.9,0,6,8,2,14,64,400,5,ECE,1
6.17,3,3,5,3,63,92,175,5,IT,1
6.62,1,4,2,0,1,7,163,1,ECE,1
6.81,4,4,3,1,86,39,14,1,CSE,1
8.58,3,0,6,0,59,35,226,4,ECE,1
7.21,4,1,1,0,47,2,426,4,MECH,1
6.96,0,3,3,3,41,33,395,6,IT,1
8.98,0,1,7,0,85,3,24,6,ECE,1
9.94,3,9,2,0,98,97,245,4,CSE,1
8.04,5,1,3,0,66,54,220,6,CIVIL,1
5.74,1,2,6,2,27,77,467,5,MECH,1
8.03,0,4,5,1,79,60,383,1,CIVIL,1
8.23,5,5,6,1,64,97,187,4,ECE,1
8.96,1,6,7,2,21,51,479,5,CSE,1
6.29,4,3,2,2,95,10,44,4,IT,1
6.99,1,9,5,2,68,92,220,3,IT,1
8.71,6,7,6,3,22,40,38,8,ECE,1
6.1,6,10,5,3,85,79,409,6,CIVIL,1
7.72,1,6,7,1,12,38,212,4,CSE,1
7.18,5,7,2,3,76,56,212,1,CSE,1
8.98,3,7,6,0,81,82,382,3,ECE,1
9.75,2,10,2,1,17,25,486,5,ECE,1
9.86,4,6,1,2,2,43,385,8,IT,1
8.35,1,0,0,0,12,34,143,7,ECE,1
9.6,6,6,5,3,65,96,237,4,CSE,1
7.13,5,9,6,3,99,29,260,4,IT,1
8.14,0,1,1,3,14,33,367,7,IT,1
6.58,1,10,5,2,97,49,35,1,ECE,1
8.38,5,8,8,3,68,39,99,5,CSE,1
7.31,6,1,5,1,17,28,397,7,IT,1
8.83,5,3,8,0,74,23,471,1,MECH,1
7.16,1,3,1,1,63,44,170,2,ECE,1
6.88,6,6,4,3,4,64,135,2,ECE,1
7.04,0,4,1,0,34,92,173,4,CIVIL,1
7.5,0,6,6,3,63,29,421,2,IT,1
9.55,2,5,6,0,59,44,461,1,IT,1
8.19,2,4,1,2,51,92,267,5,MECH,1
8.68,0,0,0,2,55,78,333,6,CIVIL,1
7.66,3,0,3,3,95,23,130,6,MECH,1
9.53,2,3,4,3,99,16,389,3,CSE,1
9.31,3,1,6,0,25,51,460,8,CIVIL,1
8.59,5,9,2,0,74,97,292,8,IT,1
5.56,6,1,6,0,16,69,469,6,CIVIL,1
8.66,4,3,7,1,45,42,57,5,MECH,1
7.73,5,4,4,0,18,26,25,1,CIVIL,1
7.4,6,10,6,3,64,51,284,5,CIVIL,1
6.38,4,7,5,3,16,51,223,6,MECH,1
6.41,2,10,0,1,87,60,181,4,ECE,1
8.97,4,8,3,0,58,28,12,6,MECH,1
9.16,1,8,1,1,77,19,315,4,CIVIL,1
6.5,1,8,4,1,10,82,112,6,CSE,1
8.9,6,2,5,3,41,72,34,2,ECE,1
9.04,0,2,6,0,55,58,134,3,CSE,1
6.16,2,7,8,2,7,99,102,8,ECE,1
9.9,3,0,1,0,90,60,276,3,MECH,1
7.26,3,6,7,3,66,17,231,6,ECE,1
9.78,6,6,2,1,50,44,406,5,CSE,1
7.67,1,9,1,1,23,66,1,7,MECH,1
8.26,0,9,6,0,13,94,33,1,MECH,1
7.1,4,6,4,2,34,46,252,2,IT,1
9.26,3,3,1,1,39,25,483,4,IT,1
6.14,5,8,0,2,33,61,10,7,MECH,1
7.86,0,4,3,0,39,81,18,3,CSE,1
7.13,3,7,6,1,73,22,220,7,ECE,1
5.57,0,5,6,1,52,6,291,7,MECH,1
8.3,4,10,5,2,40,19,426,1,MECH,1
7.24,0,5,3,1,42,19,273,2,CIVIL,1
8.55,3,8,1,0,92,84,451,3,MECH,1
7.59,2,2,7,1,17,12,368,8,CIVIL,1
7.97,1,9,4,3,98,22,44,7,IT,1
9.18,2,9,5,0,96,79,459,6,MECH,1
6.4,5,10,4,2,65,68,40,6,CSE,1
5.62,5,9,8,2,30,61,4,7,IT,1
6.52,5,10,2,3,87,74,220,7,IT,1
7.33,2,2,2,0,58,49,358,2,IT,1
7.77,0,10,5,2,34,60,192,1,ECE,1
9.99,4,4,7,2,20,45,117,4,CIVIL,1
7.75,3,8,6,3,18,54,253,1,CIVIL,1
6.41,3,6,1,3,73,66,38,2,CSE,1
8.27,5,9,4,2,54,44,215,4,MECH,1
6.46,5,9,8,0,56,35,380,2,ECE,1
6.92,2,8,2,3,74,47,392,4,MECH,1
8.86,0,7,2,3,35,96,278,5,MECH,1
7.81,0,4,5,3,88,1,298,4,ECE,1
7.2,3,2,2,3,92,33,237,1,MECH,1
8.54,3,0,5,1,10,12,328,8,MECH,1
8.49,1,1,8,0,28,51,403,3,CIVIL,1
5.85,5,4,5,0,18,21,220,8,CSE,1
7.33,6,6,1,2,94,66,494,5,MECH,1
9.18,2,2,6,2,74,18,219,1,CSE,1
8.54,1,5,3,3,22,34,170,1,IT,1
6.04,3,3,7,3,66,24,183,4,CIVIL,1
6.19,5,3,8,3,3,7,16,7,ECE,1
5.67,5,10,6,1,22,72,490,3,CSE,1
5.55,0,2,1,1,49,16,376,5,ECE,1
9.6,5,5,8,2,83,54,355,8,CIVIL,1
6.07,0,10,0,1,8,88,142,5,CIVIL,1
7.16,4,1,0,1,60,60,102,4,CIVIL,1
6.79,1,8,5,0,37,16,320,6,IT,1
8.45,0,10,1,1,74,30,218,2,MECH,1
6.14,6,7,6,2,48,49,341,5,CSE,1
8.79,3,2,6,3,41,32,43,6,CIVIL,1
9.01,0,0,2,3,80,22,365,6,ECE,1
9.1,2,1,4,0,73,28,317,8,MECH,1
9.94,6,5,1,1,15,98,93,6,CSE,1
9.25,6,3,7,0,99,28,108,7,CSE,1
9.45,4,2,3,3,33,6,378,2,CSE,1
6.66,4,1,4,0,26,46,378,3,MECH,1
7.2,4,8,1,3,4,100,129,1,CSE,1
6.13,6,2,4,2,86,43,116,8,CSE,1
5.89,4,6,3,1,16,0,299,2,IT,1
7.15,4,8,8,3,31,12,389,5,ECE,1
7.21,2,2,0,3,88,98,384,7,CSE,1
9.46,1,6,8,0,53,12,313,1,CSE,0
5.79,3,8,0,3,73,65,354,5,MECH,1
9.15,6,1,0,2,20,78,280,5,IT,1
8.71,1,9,0,1,89,78,278,2,ECE,1
7.62,5,8,2,3,85,36,190,8,CSE,1
8.39,3,9,2,0,16,52,253,4,CIVIL,1
6.34,5,4,4,0,39,74,479,8,ECE,1
6.6,1,9,8,3,92,77,441,1,MECH,1
7.2,3,9,1,3,44,77,114,7,ECE,1
8.77,1,8,8,0,23,29,380,7,ECE,1
9.92,2,7,6,0,47,56,375,8,MECH,1
6.07,4,8,3,1,100,39,438,2,ECE,1
6.35,6,7,1,3,83,37,110,5,CIVIL,1
8.22,0,8,4,2,44,74,297,5,CSE,1
8.21,0,0,2,1,65,83,168,3,ECE,1
6.65,3,1,4,1,47,100,285,8,CIVIL,1
6.2,5,2,4,0,85,95,368,8,CIVIL,1
8.93,6,5,1,1,61,67,430,6,IT,1
8.74,3,8,3,3,51,99,297,3,ECE,1
5.55,2,9,5,3,68,9,31,2,CIVIL,1
9.11,1,4,4,1,73,97,430,6,IT,1
9.97,3,10,6,1,0,75,40,4,MECH,1
6.22,3,7,3,1,84,69,255,4,ECE,1
5.9,6,2,3,1,26,36,253,4,IT,1
7.03,3,0,2,0,77,51,65,5,IT,1
9.79,3,1,2,2,34,81,332,3,IT,1
7.09,2,9,6,2,20,61,108,1,ECE,1
6.65,1,4,7,1,29,88,41,4,CIVIL,1
9.36,2,6,0,2,13,9,404,3,CIVIL,1
6.62,2,0,3,3,56,43,21,3,CSE,1
8.51,5,0,8,2,1,16,118,4,IT,1
6.24,2,6,1,3,32,35,165,7,IT,1
8.21,0,8,5,2,46,96,43,6,ECE,1
9.5,3,10,6,0,98,46,283,6,MECH,1
9.98,3,9,8,2,58,41,448,5,MECH,1
8.24,1,0,1,0,96,90,333,4,ECE,1
8.91,4,1,7,0,26,61,446,7,ECE,1
9.72,3,7,7,2,36,17,325,3,IT,1
9.71,6,2,4,3,82,65,221,8,IT,1
9.21,5,10,6,0,26,33,500,2,IT,1
8.74,4,2,4,1,43,63,353,1,MECH,1
8.74,3,7,7,0,10,55,405,7,CIVIL,1
6.36,2,9,7,3,60,9,267,5,ECE,1
8.47,6,2,5,3,27,62,27,8,CIVIL,1
8.7,5,7,0,1,57,17,367,4,ECE,1
6.1,2,8,3,1,6,23,326,4,CSE,1
9.23,5,0,1,1,35,12,63,3,CIVIL,1
8.65,2,2,5,2,60,27,81,2,IT,1
9.9,3,7,0,3,14,7,303,8,ECE,1
8.53,6,5,2,2,92,47,400,4,MECH,1
6.27,1,2,3,2,30,71,452,8,CIVIL,1
6.76,4,9,3,2,92,72,176,2,MECH,1
9.91,6,7,1,2,48,44,299,5,MECH,1
9.06,0,8,5,0,4,23,357,2,IT,1
7.95,5,6,5,2,21,77,144,8,MECH,1
8.1,0,8,7,3,66,56,346,8,ECE,1
6.22,6,0,6,3,19,17,462,6,CIVIL,1
9.87,1,4,0,1,13,43,329,4,CSE,1
5.51,2,0,2,0,37,85,227,6,CSE,1
7.22,3,10,8,1,59,68,338,6,MECH,1
9.12,1,2,6,2,88,86,90,6,CSE,1
7.99,4,4,4,1,70,80,11,4,CIVIL,1
5.53,5,3,3,1,25,91,108,5,IT,1
8.03,3,10,1,2,8,97,86,8,MECH,1
7.75,3,0,4,2,6,88,147,2,ECE,1
6.37,6,8,2,2,39,7,477,5,CIVIL,1
5.6,1,4,7,0,22,55,214,1,ECE,1
6.07,2,1,1,0,1,25,103,2,CSE,1
8.21,2,4,3,1,27,25,289,7,MECH,1
9.37,3,9,7,0,24,82,163,2,CSE,1
7.18,2,4,0,1,31,0,135,3,IT,1
8.77,4,2,0,2,60,85,98,6,IT,1
8.47,6,2,6,2,18,69,160,1,CIVIL,1
9.72,3,10,5,3,73,4,384,8,MECH,1
9.75,5,3,3,3,12,19,98,6,IT,1
9.04,1,4,4,2,99,42,49,6,MECH,1
5.52,6,4,2,1,68,57,292,2,IT,1
8.76,1,8,6,2,93,45,223,3,CSE,1
8.23,2,2,1,3,64,85,178,3,ECE,1
9.51,2,0,8,1,9,75,207,7,IT,1
9.1,4,2,6,1,96,99,80,5,ECE,1
9.96,5,9,4,0,81,6,286,8,IT,1
8.74,6,3,3,2,29,19,451,6,IT,1
7.28,3,9,1,3,11,96,332,5,CIVIL,1
6.68,3,10,4,0,9,9,357,2,MECH,1
9.69,4,10,2,0,36,88,466,1,IT,1
8.93,4,6,4,3,56,96,82,5,CIVIL,1
8.4,2,4,3,3,98,48,300,7,CIVIL,1
9.32,4,10,2,1,44,71,94,1,CSE,1
7.51,1,5,4,0,38,57,87,5,CSE,1
6.74,6,4,1,2,49,26,84,8,MECH,1
7.35,1,0,1,2,82,96,304,2,CIVIL,1
9.91,0,1,0,2,41,33,92,5,ECE,0
9.64,5,10,1,2,59,33,367,7,IT,1
9.45,3,9,1,3,95,24,325,4,IT,1
6.18,6,8,1,2,88,9,117,2,CIVIL,1
8.67,3,0,1,0,34,13,213,1,CIVIL,1
8.26,1,5,1,2,89,85,436,2,CIVIL,1
7.52,4,3,4,1,37,32,359,8,CSE,1
6.07,4,5,8,0,98,18,454,8,MECH,1
8.98,4,4,3,1,59,18,127,1,MECH,1
5.57,0,5,1,0,54,41,57,3,MECH,1
5.81,2,10,0,2,100,71,274,2,ECE,1
9.86,6,2,7,2,51,37,72,8,IT,1
9.42,3,2,2,3,36,95,205,5,CSE,1
9.04,4,2,2,3,57,47,490,8,CSE,1
9.1,6,9,0,3,2,97,352,8,MECH,1
9.39,4,4,0,1,45,58,414,2,CIVIL,1
9.58,1,7,3,2,45,45,96,7,CSE,1
5.92,3,4,2,0,90,54,401,3,ECE,1
7.52,5,9,5,3,34,80,128,3,CIVIL,1
6.36,3,5,8,3,17,72,219,2,IT,1
8.16,1,3,3,2,74,64,252,8,MECH,1
9.33,2,4,6,1,90,83,90,5,MECH,1
6.74,3,2,7,1,67,94,194,1,CIVIL,1
9.93,0,6,3,3,63,26,368,4,MECH,1
5.76,3,4,4,2,47,32,196,4,MECH,1
6.74,0,6,2,3,20,82,433,1,ECE,1
9.16,2,10,4,0,15,3,433,7,IT,1
8.55,1,6,7,3,74,38,392,3,ECE,1
7.95,5,7,7,0,58,34,158,6,ECE,1
8.14,1,0,4,0,92,4,349,2,ECE,1
7.76,4,0,3,0,12,68,121,7,MECH,1
7.36,0,10,0,3,44,99,11,1,CIVIL,1
6.4,3,10,0,3,75,76,424,2,IT,1
8.62,3,7,6,1,86,88,9,5,CSE,1
5.97,1,10,3,1,79,7,256,2,MECH,1
9.09,2,9,3,0,48,26,16,1,ECE,1
7.51,6,6,4,0,0,58,381,3,MECH,1
7.36,3,4,7,2,85,2,302,3,ECE,1
8.94,3,2,4,1,6,20,450,3,CIVIL,1
9.01,6,9,8,0,82,44,246,2,CIVIL,1
6.31,3,8,5,2,40,35,447,2,ECE,1
7.17,3,5,1,0,70,35,225,7,CSE,1
9.07,1,8,3,2,23,11,491,8,IT,1
7.77,0,0,1,0,38,77,86,1,IT,1
7.97,5,2,0,0,11,25,377,4,IT,1
6.82,6,9,3,3,51,38,91,2,IT,1
6.08,5,7,2,2,31,22,356,2,CIVIL,1
8.24,6,3,6,3,59,15,377,1,CSE,1
8.72,6,9,7,1,73,63,478,7,CIVIL,1
7.16,4,0,0,3,65,21,102,6,ECE,1
5.86,2,4,7,2,72,87,423,6,IT,1
9.41,0,4,7,2,73,78,118,5,ECE,1
9.21,4,9,1,1,15,45,213,8,CIVIL,1
5.7,5,10,1,2,18,45,11,3,IT,1
9.87,5,3,5,1,1,19,199,3,ECE,1
6.37,1,6,7,3,24,85,277,8,MECH,1
8.75,4,1,5,1,61,94,178,4,MECH,1
8.01,0,4,0,1,16,92,122,1,MECH,1
9.9,5,7,5,1,93,1,117,1,MECH,1
9.64,1,3,1,2,61,81,83,8,CIVIL,1
10.0,5,7,8,1,66,77,207,8,MECH,1
8.01,0,2,3,0,90,2,110,6,CIVIL,1
8.13,6,1,6,1,27,31,235,5,ECE,1
8.88,3,4,6,2,26,41,315,8,CIVIL,1
7.96,6,9,4,2,99,81,362,4,IT,1
7.59,2,3,8,0,86,94,391,5,MECH,1
9.19,5,1,1,0,26,17,100,4,IT,1
8.24,0,4,0,1,18,79,61,6,CSE,1
7.31,0,7,8,0,0,1,500,8,CIVIL,1
9.76,4,1,1,0,23,75,266,5,ECE,1
8.16,4,0,8,3,47,34,60,6,IT,1
8.94,5,4,1,3,18,63,159,8,IT,1
7.73,2,2,8,1,83,58,201,4,ECE,1
7.72,0,0,0,0,20,17,494,7,CSE,1
5.7,6,6,1,2,50,47,319,7,ECE,1
6.54,3,0,5,0,5,64,119,4,MECH,1
7.45,1,8,2,1,64,20,132,7,MECH,1
8.2,5,9,1,3,52,15,239,2,IT,1
8.78,5,6,1,2,31,16,331,8,CIVIL,1
9.25,1,7,3,0,81,84,280,4,IT,1
8.58,3,3,5,3,20,65,66,2,CIVIL,1
5.52,4,2,8,2,25,16,8,7,CIVIL,1
8.07,1,0,7,2,3,72,432,8,IT,1
8.38,0,6,3,3,30,27,352,6,CSE,1
9.14,0,9,6,3,1,28,343,5,CSE,1
8.79,6,8,6,1,13,91,2,1,CIVIL,1
9.77,1,7,6,2,96,56,236,2,MECH,1
7.77,2,7,0,2,3,67,486,5,ECE,1
7.03,2,1,4,2,62,13,352,5,MECH,1
6.88,5,1,3,2,7,13,332,1,CSE,1
7.16,5,7,7,3,42,41,385,7,ECE,1
6.29,4,10,5,1,32,19,221,4,CSE,1
7.0,6,0,8,1,6,16,134,1,CSE,1
7.72,6,1,5,0,34,78,250,6,CIVIL,1
7.68,1,6,8,1,92,19,457,7,CSE,1
6.95,1,4,2,1,38,71,268,1,CSE,1
6.04,5,9,1,3,9,91,386,1,CSE,1
7.0,1,3,1,0,70,41,344,1,CSE,1
9.58,1,3,8,3,37,22,64,3,CSE,1
7.02,1,0,0,0,60,10,464,2,MECH,1
8.0,6,3,8,1,62,58,271,7,MECH,1
9.51,6,4,6,2,8,61,485,6,IT,1
6.52,5,4,4,3,37,87,167,3,CSE,1
6.13,4,4,0,1,26,91,373,8,CSE,1
9.53,3,10,4,2,97,18,256,4,CSE,1
8.2,0,0,7,3,34,45,115,4,MECH,1
7.03,6,5,5,3,32,21,121,6,MECH,1
9.53,5,5,1,0,1,7,57,3,MECH,1
9.32,5,2,3,2,49,13,308,5,IT,1
8.2,1,1,3,0,97,83,87,8,MECH,1
7.13,3,2,1,1,34,72,491,7,CIVIL,1
8.95,2,0,3,3,67,14,223,8,MECH,1
5.74,5,7,1,2,84,54,458,1,IT,1
9.92,0,3,3,2,30,92,239,1,ECE,1
8.39,2,1,8,2,34,49,327,3,CIVIL,1
7.03,5,3,5,1,93,64,316,1,ECE,1
6.35,0,9,8,3,96,43,427,5,ECE,1
5.74,6,2,0,2,22,69,441,8,IT,1
6.41,5,4,1,2,59,26,183,5,CSE,1
8.87,3,5,5,1,49,91,255,4,IT,1
9.3,1,1,2,2,36,36,303,6,MECH,1
9.37,3,2,4,1,90,27,60,4,MECH,1
8.36,1,4,0,0,18,76,296,6,CSE,1
5.79,4,1,3,0,58,51,374,7,CIVIL,1
9.55,5,3,6,2,76,6,328,8,IT,1
8.18,4,10,0,0,37,76,111,2,ECE,1
8.73,4,1,4,1,1,91,128,1,IT,1
5.71,3,6,0,1,35,18,368,5,MECH,1
9.42,5,6,3,1,88,6,82,1,IT,1
9.93,6,0,6,2,91,14,84,7,MECH,1
9.38,3,2,6,1,75,39,170,2,CIVIL,1
9.6,0,0,2,1,29,35,190,2,CSE,0
8.62,3,6,3,3,56,44,499,5,CIVIL,1
6.49,4,1,8,0,94,1,53,4,CIVIL,1
9.13,2,3,2,3,26,22,346,6,ECE,1
5.64,0,4,8,3,27,63,164,4,MECH,1
6.45,2,9,5,3,20,91,263,6,MECH,1
9.37,6,5,6,0,58,63,413,7,CSE,1
9.87,0,4,3,3,81,44,71,6,ECE,1
7.37,0,7,8,2,51,78,279,3,IT,1
8.73,3,2,5,1,78,23,475,1,MECH,1
6.3,2,2,3,0,66,48,317,4,ECE,1
8.09,1,0,8,1,90,6,309,8,ECE,1
9.8,6,3,4,2,98,80,321,7,MECH,1
9.11,3,1,2,1,51,60,170,1,CSE,1
7.6,1,2,3,3,10,76,441,2,CIVIL,1
9.27,4,3,2,0,61,83,148,5,IT,1
6.12,6,9,3,0,85,60,155,7,CIVIL,1
6.15,5,0,2,1,54,56,249,2,MECH,1
6.98,0,1,8,2,24,17,297,8,CSE,1
5.67,0,8,0,0,53,82,383,5,CSE,1
7.93,6,4,8,2,18,48,215,6,ECE,1
6.03,2,3,0,1,98,77,54,1,ECE,1
6.43,0,10,6,0,2,56,236,3,CIVIL,1
5.95,2,5,8,0,29,78,420,7,CSE,1
8.25,1,8,4,0,62,84,169,6,MECH,1
8.4,0,6,5,3,57,14,263,6,IT,1
5.88,2,1,2,0,31,76,402,2,CIVIL,1
9.63,5,2,8,2,78,34,146,3,ECE,1
9.61,5,1,8,2,21,95,9,3,MECH,1
8.66,1,5,1,0,71,48,347,2,CSE,1
7.83,6,9,6,0,90,71,304,4,MECH,1
6.44,0,8,2,0,79,90,274,4,CIVIL,1
5.81,3,7,4,0,74,52,124,8,CIVIL,1
7.76,6,5,1,3,85,4,184,1,CSE,1
9.13,2,10,6,3,70,53,495,1,MECH,1
7.34,4,10,2,1,33,12,487,5,CIVIL,1
9.22,2,8,1,1,16,32,168,1,IT,1
9.28,5,2,3,0,22,86,203,2,IT,1
6.81,2,7,7,1,40,3,470,4,CIVIL,1
8.84,2,3,8,2,66,37,469,3,ECE,1
9.16,0,7,6,2,12,11,410,7,MECH,1
9.52,6,9,8,0,70,83,204,8,CSE,1
6.2,5,9,5,3,76,59,463,6,IT,1
7.41,0,1,8,3,21,0,498,7,IT,1
7.99,0,0,0,2,23,59,500,2,MECH,1
8.53,3,1,5,3,38,89,404,7,CSE,1
5.54,4,8,5,0,82,99,295,1,CSE,1
6.69,1,1,7,1,64,92,181,6,MECH,1
6.65,1,3,3,1,75,16,444,1,CSE,1
7.74,3,1,0,2,100,69,307,4,CIVIL,1
6.34,5,1,8,3,31,31,294,5,IT,1
6.54,1,6,5,2,60,72,292,2,MECH,1
6.2,3,6,1,1,42,50,254,3,CIVIL,1
6.13,1,10,5,1,27,48,39,4,IT,1
8.6,0,0,4,1,86,91,144,3,IT,1
5.85,1,8,4,3,94,79,142,2,CSE,1
5.8,2,7,0,0,35,23,64,6,CIVIL,1
9.17,3,3,5,0,45,12,197,1,CIVIL,1
9.14,5,0,2,0,26,71,278,4,CIVIL,1
6.6,1,4,8,3,10,32,15,8,ECE,1
9.14,5,7,8,0,8,58,261,2,CIVIL,1
9.4,4,2,8,0,42,38,100,4,ECE,1
9.57,5,3,6,2,87,87,251,3,IT,1
9.75,2,0,4,1,80,46,471,1,CIVIL,1
9.06,1,8,3,0,50,79,134,3,CIVIL,1
7.92,1,10,3,2,78,14,332,2,CIVIL,1
6.51,0,7,3,3,88,2,477,2,CIVIL,1
7.71,2,2,1,3,15,42,28,7,MECH,1
9.5,2,3,7,0,62,73,102,8,MECH,1
9.74,0,8,5,3,8,74,499,6,ECE,1
8.1,4,7,2,0,19,42,204,7,CIVIL,1
9.46,5,10,1,3,30,12,317,3,CIVIL,1
9.26,5,9,5,0,98,39,129,6,CSE,1
6.48,4,8,1,0,60,30,333,8,CSE,1
5.75,5,5,0,1,70,35,20,2,MECH,1
6.19,6,2,4,3,43,25,322,8,IT,0
6.02,0,10,5,3,7,63,316,3,IT,1
7.59,4,2,1,3,65,14,23,4,CSE,1
8.44,5,9,7,0,44,73,488,6,MECH,1
7.04,0,1,2,0,35,69,462,2,CSE,1
6.38,6,0,2,3,29,88,479,8,ECE,1
6.5,5,6,4,1,43,28,377,2,IT,1
8.43,4,1,1,2,28,83,130,5,CSE,1
8.77,6,1,0,2,88,17,69,1,CIVIL,1
7.05,3,5,4,1,82,22,226,7,CSE,1
9.34,6,6,5,3,1,3,271,1,CIVIL,1
8.98,1,6,1,1,90,44,156,2,IT,1
6.86,2,1,6,0,37,83,256,7,MECH,1
5.78,3,8,4,3,83,14,453,8,MECH,1
8.28,1,8,4,1,88,87,122,6,ECE,1
6.36,4,2,3,2,87,2,77,7,IT,1
9.35,5,7,6,1,57,29,196,6,IT,1
6.7,5,1,7,2,54,96,315,4,CIVIL,1
8.08,4,7,2,1,81,0,130,5,IT,1
9.06,6,1,4,3,65,41,497,8,IT,1
6.03,6,10,7,1,33,80,403,4,ECE,1
7.49,0,6,1,0,34,33,245,3,MECH,1
6.52,6,9,5,3,62,79,443,8,ECE,1
6.02,1,1,5,1,11,71,387,5,ECE,1
7.4,3,2,8,0,18,18,355,6,ECE,0
8.31,2,3,1,1,17,44,213,2,IT,0
8.65,2,2,0,0,49,24,349,5,MECH,1
6.53,3,4,4,0,50,38,254,6,ECE,1
6.14,5,6,8,2,0,94,280,5,IT,1
6.94,3,2,8,3,80,62,30,6,CIVIL,1
8.82,1,1,7,1,15,95,307,6,ECE,1
6.93,0,0,3,3,89,98,325,3,CIVIL,1
5.71,0,5,0,1,6,65,14,2,MECH,1
6.25,6,1,4,3,96,36,18,7,CSE,1
7.74,0,5,0,3,76,25,114,2,ECE,1
9.16,1,0,1,0,35,71,248,8,IT,1
7.27,3,9,6,1,45,46,73,8,MECH,1
9.23,4,10,4,0,43,54,337,8,CIVIL,1
6.48,0,9,2,3,45,97,70,6,MECH,1
8.57,1,0,1,3,23,92,296,1,CSE,1
8.95,3,2,1,3,27,58,63,2,CSE,1
9.02,1,3,8,2,61,20,341,1,ECE,1
5.92,4,8,5,3,13,91,115,1,CSE,1
5.8,5,4,1,0,64,51,183,2,MECH,0
8.25,1,3,5,3,100,39,266,8,CIVIL,1
8.17,2,8,5,2,90,41,57,6,IT,1
7.6,2,7,5,3,37,89,62,1,MECH,1
7.37,2,6,2,0,66,42,363,4,MECH,1
8.98,2,5,5,2,58,32,328,1,CSE,1
9.0,0,0,6,3,87,86,489,4,IT,1
9.75,4,2,8,0,60,16,290,2,CIVIL,1
7.06,3,3,4,2,2,19,473,5,CSE,1
9.89,3,0,0,0,26,97,63,7,MECH,1
9.77,2,5,7,2,58,70,325,3,CSE,1
6.85,4,0,3,2,4,27,412,5,ECE,1
5.53,3,8,3,3,54,85,103,1,IT,1
9.09,1,9,6,2,60,34,312,3,ECE,1
5.97,4,3,4,3,76,72,15,1,MECH,1
9.1,0,3,0,0,65,19,182,5,MECH,1
6.47,2,3,2,0,82,99,437,4,IT,1
7.07,1,10,2,2,14,77,367,5,ECE,1
8.91,2,7,1,1,88,94,470,5,MECH,1
7.93,3,10,1,2,26,29,305,7,CSE,1
7.77,4,8,3,0,65,2,44,4,ECE,1
8.77,1,5,2,3,16,57,467,8,CIVIL,1
7.12,5,0,3,3,73,77,96,4,ECE,1
7.33,3,0,6,0,20,32,489,7,IT,1
9.87,2,7,4,0,42,69,477,1,CIVIL,1
7.81,6,0,3,3,89,57,245,6,CSE,1
9.34,4,3,8,2,44,36,232,2,ECE,1
7.2,0,6,4,3,34,48,225,5,MECH,1
8.25,0,9,5,1,50,46,465,7,IT,1
8.92,0,5,0,0,59,18,346,6,CSE,1
8.55,0,2,6,1,83,65,45,8,CSE,1
7.45,5,10,6,0,92,22,404,2,CIVIL,1
9.39,5,1,6,2,33,64,52,2,CIVIL,1
9.49,6,8,4,0,50,62,330,2,CIVIL,1
6.79,2,6,8,3,27,41,445,4,MECH,1
6.68,0,5,6,2,59,11,83,7,MECH,1
7.05,6,4,3,0,96,80,456,8,CIVIL,1
9.98,6,8,5,0,76,51,107,8,ECE,1
5.83,5,1,6,2,35,28,331,5,CSE,1
6.01,4,1,4,1,95,19,98,4,IT,1
7.73,6,10,3,3,18,64,331,1,CSE,1
9.16,6,7,2,3,21,25,58,4,ECE,1
8.63,4,0,4,2,8,53,268,1,CIVIL,1
9.8,1,9,5,3,94,38,390,3,CSE,1
6.99,6,1,2,1,26,26,122,2,MECH,1
9.41,5,0,4,0,37,83,55,7,ECE,1
7.8,3,2,5,0,66,13,210,4,ECE,1
9.77,5,2,3,2,68,88,200,1,CSE,1
6.62,4,5,4,1,28,69,72,3,ECE,1
6.73,1,10,6,0,100,37,119,5,MECH,1
7.43,0,3,3,3,37,29,92,5,CIVIL,1
8.89,2,3,1,2,35,16,322,4,CIVIL,1
6.13,4,7,5,0,28,57,225,2,MECH,1
8.32,2,7,3,3,91,70,115,6,MECH,1
6.31,3,8,0,0,13,71,187,7,ECE,1
9.7,2,2,0,2,81,1,304,4,ECE,1
8.73,5,4,3,3,41,37,35,2,IT,1
9.32,4,10,6,3,35,13,324,6,CIVIL,1
7.62,3,6,7,0,78,80,210,7,CIVIL,1
9.13,1,10,0,1,74,20,71,3,CSE,1
9.29,2,10,7,3,31,40,76,2,ECE,1
8.31,3,10,5,3,56,4,181,3,CIVIL,1
6.55,6,3,1,0,23,21,63,3,CIVIL,1
8.35,3,1,3,3,44,27,49,1,CSE,1
7.29,2,8,8,1,36,24,318,1,MECH,1
6.21,6,7,7,1,1,36,229,7,IT,1
7.2,5,9,4,1,50,38,78,3,ECE,1
6.84,6,3,0,0,32,60,472,2,MECH,1
9.32,6,3,7,0,25,40,470,7,MECH,1
7.68,5,0,6,1,44,86,70,6,IT,1
9.33,4,2,0,3,22,59,292,2,CIVIL,1
8.66,6,2,6,3,7,80,177,4,MECH,1
6.38,3,4,4,1,28,57,57,4,IT,1
7.86,2,10,5,3,99,57,191,8,CSE,1
8.32,2,2,4,3,72,60,483,1,ECE,1
9.19,6,9,5,0,56,26,36,5,MECH,1
8.34,6,4,3,2,74,64,225,7,IT,1
5.84,0,10,6,2,76,40,327,7,CIVIL,1
9.16,2,6,0,3,88,91,174,6,ECE,1
8.68,4,1,7,0,74,15,324,7,ECE,1
8.15,4,1,6,3,86,72,240,3,ECE,1
8.38,6,3,5,1,41,83,393,4,CIVIL,1
7.8,5,4,5,2,48,62,4,5,ECE,1
8.58,0,3,8,3,74,63,167,2,IT,1
8.92,1,4,4,3,82,24,245,5,IT,1
7.6,6,5,5,1,28,80,199,4,CIVIL,1
7.59,4,3,2,0,94,98,384,2,CSE,1
9.99,1,3,5,3,7,58,70,3,CIVIL,1
8.08,5,0,0,1,1,85,88,6,CIVIL,1
8.44,1,7,7,1,12,29,166,8,CSE,1
8.02,1,8,0,0,81,29,272,1,IT,1
8.43,0,8,0,3,67,63,12,6,IT,1
7.55,3,7,1,2,18,87,51,1,MECH,1
9.62,2,2,4,1,56,75,327,4,ECE,1
6.96,4,4,6,1,60,83,41,4,ECE,1
9.89,0,2,7,2,66,9,2,1,CSE,1
7.67,5,10,7,3,98,78,384,8,ECE,1
9.22,0,7,1,2,79,41,180,5,IT,1
6.62,4,7,5,1,35,53,295,2,CSE,1
9.76,0,5,5,1,43,64,148,6,IT,1
7.72,4,10,8,0,0,75,459,8,CSE,1
7.82,6,5,8,3,24,90,305,8,CIVIL,1
7.48,4,7,0,1,51,76,261,5,CSE,1
7.85,2,3,8,0,85,97,208,7,ECE,1
6.96,1,0,6,2,53,23,137,8,CIVIL,1
9.39,4,4,6,0,66,91,80,4,MECH,1
8.35,3,8,2,0,61,88,159,2,CIVIL,1
5.75,1,2,0,2,91,39,263,4,CIVIL,1
8.49,0,1,2,1,5,91,80,1,CIVIL,1
5.65,3,9,7,0,94,24,299,6,CIVIL,1
9.95,1,8,4,0,14,33,331,7,CIVIL,1
6.98,6,6,4,0,20,32,46,3,ECE,1
6.82,1,0,6,2,3,87,423,2,IT,1
6.37,6,5,2,3,3,66,23,7,ECE,1
8.48,2,8,0,1,11,9,127,1,CSE,1
6.78,3,7,3,1,44,94,325,2,MECH,1
8.75,4,6,2,1,49,32,266,4,CSE,1
7.03,0,2,1,0,62,26,8,5,MECH,1
9.39,3,9,3,2,21,98,85,7,CSE,1
5.79,3,5,1,3,100,13,461,2,MECH,1
7.43,5,6,7,3,2,40,117,8,CSE,1
5.64,5,5,0,3,61,33,69,7,ECE,1
9.74,5,2,7,0,53,0,438,7,IT,1
5.78,3,10,7,0,92,58,213,4,CIVIL,1
8.89,2,7,3,3,39,100,489,5,IT,1
7.48,0,5,5,3,7,69,75,1,CSE,1
9.72,1,2,7,2,21,41,92,8,ECE,1
9.04,6,0,8,2,24,20,365,2,MECH,1
5.54,2,2,6,0,22,29,402,2,CSE,1
6.7,2,3,7,0,20,17,15,5,IT,1
9.35,6,0,5,1,43,14,326,8,CSE,1
7.04,1,4,1,2,1,61,99,6,CSE,1
9.91,5,4,5,3,70,94,380,4,MECH,1
8.18,6,9,1,2,95,19,104,1,CIVIL,1
6.35,1,1,2,0,85,65,271,5,CIVIL,1
7.43,3,3,2,3,100,96,84,1,MECH,1
8.21,0,4,6,0,47,53,494,3,CIVIL,1
7.13,5,4,3,0,99,79,420,3,CIVIL,1
7.39,4,1,2,1,25,66,343,1,MECH,1
9.89,1,5,0,3,83,95,193,5,IT,1
6.59,3,9,3,3,39,63,125,1,ECE,1
5.97,5,9,6,0,38,33,109,2,ECE,1
6.41,2,4,0,1,75,25,480,5,CIVIL,1
8.35,0,10,6,2,43,64,115,8,IT,1
5.69,2,1,4,1,39,14,383,1,ECE,1
9.5,6,1,4,2,78,52,268,2,ECE,1
9.67,2,8,8,3,51,74,328,1,CIVIL,1
8.76,2,0,0,2,16,37,366,1,ECE,1
8.14,5,1,7,0,31,99,93,2,IT,1
9.2,4,4,4,2,92,82,118,1,CIVIL,1
8.18,2,7,0,1,98,51,238,1,IT,1
9.89,4,1,4,2,22,44,24,5,MECH,1
9.21,6,9,2,0,12,5,1,3,IT,1
9.57,1,3,2,3,64,41,426,3,ECE,1
8.79,5,3,6,0,50,52,434,8,IT,1
7.17,0,5,3,0,9,52,484,3,CIVIL,1
8.4,5,10,6,3,79,20,85,5,MECH,1
7.15,1,0,4,1,53,16,278,1,CIVIL,1
7.13,3,8,4,0,53,23,323,4,CIVIL,1
6.91,1,8,6,3,78,12,386,3,MECH,1
9.1,3,7,1,3,30,69,131,4,CSE,1
8.34,6,2,6,3,60,54,203,5,ECE,1
7.57,6,4,2,1,19,75,197,7,CSE,1
9.61,2,2,3,1,14,15,381,3,MECH,1
9.45,3,9,7,0,67,84,109,8,CIVIL,1
7.74,5,7,8,0,67,48,14,8,ECE,1
7.6,6,9,1,1,51,83,491,1,MECH,1
6.04,4,2,8,2,25,5,296,1,CIVIL,1
7.32,6,2,0,1,86,18,368,6,CIVIL,1
7.23,5,1,8,0,59,20,440,5,ECE,1
9.48,3,5,3,0,76,45,491,7,MECH,1
7.1,5,8,6,3,2,28,270,1,IT,1
8.59,4,3,8,0,58,22,331,7,CSE,1
7.0,3,6,8,1,27,53,34,8,MECH,1
6.82,3,0,2,2,68,13,290,3,ECE,1
6.35,2,10,6,0,49,54,231,4,CSE,1
5.63,6,4,4,3,58,87,316,2,ECE,1
5.74,2,0,0,2,48,8,416,4,IT,1
6.11,1,5,6,0,2,87,270,7,MECH,1
9.01,1,8,2,3,96,8,155,3,CSE,1
8.94,5,2,7,3,89,65,420,8,CSE,1
6.25,1,3,5,3,51,0,457,6,MECH,1
7.51,1,10,3,2,52,43,439,4,CIVIL,1
8.64,5,7,4,2,96,69,210,3,IT,1
9.72,3,1,0,2,15,35,194,1,CSE,1
7.46,1,7,1,2,49,83,264,7,CSE,1
6.93,5,4,4,1,36,44,123,5,MECH,1
9.65,4,3,0,3,85,16,257,2,ECE,1
8.95,0,3,0,3,40,49,324,2,CSE,1
7.46,3,1,4,1,92,9,14,2,CSE,1
7.66,0,8,5,2,90,31,345,7,CSE,1
7.71,1,10,3,0,76,13,460,8,ECE,1
8.26,2,9,6,0,48,89,14,6,IT,1
5.69,4,2,1,2,77,95,445,6,CSE,1
9.62,5,6,1,1,44,17,409,5,MECH,1
7.17,4,5,0,0,25,94,210,4,CIVIL,1
5.63,1,0,8,1,28,72,214,3,IT,1
7.16,2,3,5,1,11,38,471,1,MECH,1
9.2,3,3,7,3,20,73,253,6,ECE,1
9.6,2,9,4,0,13,1,249,6,IT,1
6.36,1,4,6,0,80,53,347,3,MECH,1
7.7,6,10,3,0,1,93,251,8,CSE,1
7.64,0,2,8,2,76,35,435,1,ECE,1
8.77,1,2,5,1,41,72,200,5,CIVIL,1
6.42,0,6,0,0,56,2,414,6,CIVIL,1
7.99,6,5,7,3,14,3,111,3,CIVIL,1
8.72,1,3,2,2,17,91,209,2,MECH,1
5.65,4,3,2,1,2,92,297,3,CSE,1
6.13,0,10,2,3,30,52,248,3,MECH,1
6.61,4,9,6,1,81,68,200,1,ECE,1
7.41,1,3,5,2,46,75,328,1,IT,1
5.5,6,1,5,3,71,9,54,3,CSE,1
7.69,1,9,1,3,16,73,455,3,MECH,1
8.27,5,8,8,0,34,59,114,8,ECE,1
9.81,5,4,4,1,67,46,325,2,MECH,1
8.29,6,8,8,2,50,38,346,2,ECE,1
5.63,1,0,8,3,70,43,262,3,CIVIL,1
8.03,0,2,3,1,32,41,376,6,ECE,1
5.56,4,6,0,1,51,76,342,6,ECE,1
7.98,4,10,2,2,11,57,141,4,MECH,1
8.18,1,1,7,1,6,26,181,3,ECE,1
5.59,1,10,5,2,44,52,468,7,CSE,1
9.45,1,7,0,1,65,79,226,6,IT,1
7.96,0,9,8,0,71,94,473,7,MECH,1
9.51,1,8,7,1,50,96,190,2,MECH,1
8.77,5,10,1,3,79,80,332,3,CIVIL,1
7.44,1,10,3,2,96,50,409,6,CSE,1
6.86,4,1,8,2,14,95,328,4,IT,1
9.58,4,4,3,1,36,83,373,6,ECE,1
7.51,0,1,7,3,13,67,474,2,IT,1
5.61,2,6,2,2,62,92,33,3,ECE,1
7.47,4,0,0,0,58,91,406,8,ECE,1
9.22,6,2,8,1,95,0,374,2,CIVIL,1
6.62,2,8,8,3,51,57,181,7,CSE,1
5.8,4,2,1,3,17,66,223,3,MECH,1
8.19,1,5,1,0,97,0,491,4,IT,1
7.71,4,0,5,1,94,48,374,2,ECE,1
8.54,0,3,1,1,18,91,114,1,MECH,1
6.17,2,7,0,3,99,23,149,2,CIVIL,1
9.84,2,6,4,0,86,54,285,7,CSE,1
6.76,2,10,4,2,87,44,308,2,IT,1
9.04,3,7,4,0,68,54,163,2,IT,1
9.5,0,8,0,1,6,47,213,6,ECE,1
5.78,6,4,7,3,75,51,273,3,CSE,1
7.71,5,7,6,3,7,86,220,7,ECE,1
7.27,3,5,4,1,72,3,371,4,CSE,1
8.96,6,3,7,0,87,8,63,7,CIVIL,1
7.49,6,3,5,0,90,58,184,4,CIVIL,1
6.6,3,1,7,2,22,41,0,7,ECE,1
8.19,5,5,6,3,76,58,34,6,ECE,1
9.4,6,5,7,1,2,95,256,3,ECE,1
9.97,3,9,3,1,18,87,444,1,IT,1
8.01,6,7,0,0,4,54,255,6,CIVIL,1
6.5,3,1,8,3,74,34,459,2,ECE,1
5.83,4,1,6,3,49,13,69,7,CIVIL,1
6.88,6,10,4,3,87,93,470,1,ECE,1
6.15,3,5,4,2,61,28,500,6,MECH,1
6.64,1,7,2,2,97,95,246,4,IT,1
7.35,5,8,1,0,6,56,50,5,CIVIL,1
6.09,5,7,2,1,48,43,484,6,CSE,1
7.4,0,8,7,3,22,71,396,6,IT,1
7.35,3,9,0,1,19,35,241,6,CSE,1
9.36,0,9,0,2,94,55,486,3,CSE,1
8.44,6,2,7,1,54,42,28,1,IT,1
7.55,3,5,6,3,29,28,254,7,IT,1
7.66,2,7,8,0,61,44,112,6,IT,1
6.96,2,5,5,1,39,95,223,3,ECE,1
5.78,1,6,6,0,55,54,285,1,MECH,1
9.02,4,9,0,2,41,39,265,7,ECE,1
5.54,6,7,6,3,47,98,168,1,MECH,1
9.12,1,5,3,2,8,70,66,8,ECE,1
6.0,1,3,4,2,50,95,59,7,ECE,1
7.87,3,8,7,0,27,39,143,2,CIVIL,1
8.36,6,8,5,1,9,14,220,7,CIVIL,1
6.31,5,9,0,0,82,74,354,3,CIVIL,1
5.92,2,0,1,2,70,89,135,2,MECH,1
7.94,2,0,2,3,98,63,185,8,CIVIL,1
8.58,0,9,6,2,6,98,182,3,IT,1
7.59,3,5,8,3,63,85,80,3,IT,1
5.89,1,2,8,3,12,88,307,2,IT,1
6.95,2,0,4,2,63,84,122,2,CSE,1
8.67,2,7,1,2,8,2,297,8,CSE,1
6.44,2,10,8,2,58,46,329,3,IT,1
7.62,1,4,3,0,40,6,69,6,CIVIL,0
7.3,0,5,0,2,54,77,485,8,CIVIL,1
6.02,6,2,7,0,98,69,76,4,MECH,1
5.56,2,10,5,2,33,62,126,6,CSE,1
7.53,6,5,2,2,94,0,6,1,CIVIL,1
8.46,2,6,5,2,33,70,136,7,CSE,1
5.58,0,9,4,2,51,4,75,3,ECE,1
6.1,1,0,3,2,70,28,173,2,CIVIL,1
6.11,1,6,0,2,27,85,266,4,MECH,1
8.57,2,10,1,2,72,0,81,2,CIVIL,1
6.59,6,1,2,3,66,10,44,1,IT,1
6.64,2,5,6,1,10,22,486,3,MECH,1
9.0,0,0,3,2,66,93,310,2,IT,1
5.85,3,4,4,3,6,44,415,5,IT,1
6.32,3,1,4,3,59,61,378,6,CIVIL,1
6.39,3,6,8,3,9,33,102,6,ECE,1
8.1,3,7,2,2,99,82,85,8,MECH,1
8.7,4,8,6,3,61,68,185,1,ECE,1
8.79,4,7,1,0,49,14,26,1,CSE,1
8.4,2,8,6,0,63,23,241,6,CSE,1
8.24,4,5,3,2,14,30,405,2,IT,1
6.9,0,7,0,3,99,36,12,6,CSE,1
5.76,1,9,3,2,41,70,169,8,IT,1
7.82,5,9,2,2,55,11,211,4,CIVIL,1
5.83,2,4,7,3,22,57,321,5,ECE,1
8.42,5,10,3,1,46,65,449,2,MECH,1
7.93,3,5,0,1,93,65,1,7,ECE,1
6.84,2,4,3,0,97,9,167,5,CIVIL,1
9.15,4,4,2,0,78,65,0,7,MECH,1
5.74,3,10,4,3,74,87,252,6,CIVIL,1
9.77,0,5,1,3,59,35,395,4,IT,1
6.21,3,4,1,0,7,92,381,3,MECH,1
7.56,3,0,1,1,11,23,35,4,CSE,1
9.98,3,1,7,0,72,18,325,2,IT,1
7.97,2,3,1,3,70,8,163,3,ECE,1
9.78,3,7,3,0,70,50,353,3,CSE,1
6.08,5,1,1,3,58,9,1,2,MECH,1
8.12,1,8,3,1,23,17,214,4,MECH,1
8.31,3,0,6,0,7,67,452,5,CIVIL,1
6.22,3,6,8,2,90,56,454,1,MECH,1
6.14,4,4,2,2,12,15,59,2,IT,1
9.55,4,0,5,2,38,16,197,1,ECE,1
8.47,4,3,4,2,44,3,29,8,CIVIL,1
6.34,5,2,2,2,9,19,361,5,ECE,1
5.79,0,8,5,0,5,91,208,2,CIVIL,1
7.72,4,9,1,3,16,65,302,5,ECE,1
8.33,5,6,5,1,2,56,25,4,CSE,1
7.61,3,0,8,0,65,94,310,5,IT,1
8.36,6,6,1,1,31,39,299,8,MECH,1
9.35,6,9,4,3,20,23,272,5,IT,1
9.51,1,8,5,2,30,10,364,4,CSE,1
7.06,0,7,5,2,93,76,344,8,MECH,1
7.7,1,6,2,0,82,52,165,3,MECH,1
5.57,0,9,4,3,80,6,270,3,MECH,1
7.53,3,7,6,0,53,62,474,2,IT,1
9.7,6,2,5,3,77,0,273,1,MECH,1
9.48,2,4,6,3,74,35,85,3,CSE,1
7.28,5,2,3,2,77,51,441,3,ECE,1
9.14,1,10,2,0,95,52,352,2,CSE,1
9.6,6,2,8,2,54,27,281,8,CSE,1
8.16,6,1,6,0,76,41,325,1,MECH,1
8.31,4,7,7,3,76,24,435,5,MECH,1
7.55,4,3,0,2,81,78,156,6,MECH,1
9.45,5,7,1,2,79,39,320,2,MECH,1
6.24,2,0,5,1,90,12,244,7,CSE,0
7.9,5,7,3,2,4,45,334,8,ECE,1
8.07,3,9,0,1,40,42,342,5,ECE,1
7.71,4,1,2,2,34,26,253,5,MECH,1
9.0,1,0,5,1,17,91,70,5,IT,1
7.51,3,4,7,3,51,37,106,5,MECH,1
7.58,2,2,4,3,9,16,468,7,CSE,1
9.95,4,7,8,1,74,52,34,5,MECH,1
5.53,4,1,8,1,59,87,413,5,CIVIL,1
6.95,1,1,2,3,28,5,224,4,IT,1
6.09,0,4,7,2,45,74,13,2,MECH,1
5.76,2,4,2,2,20,92,88,6,IT,1
9.57,3,0,3,1,42,94,97,8,CIVIL,1
7.61,4,8,0,3,46,22,24,7,ECE,1
5.79,1,2,7,1,65,11,177,3,CSE,1
8.97,0,9,0,1,100,5,341,1,MECH,1
7.22,0,2,6,1,74,46,312,5,IT,1
8.42,5,9,2,1,79,54,424,4,IT,1
6.39,3,3,6,0,3,63,358,4,ECE,1
9.28,2,5,3,3,32,97,327,2,ECE,1
7.49,4,8,4,1,10,41,252,1,ECE,1
9.95,3,4,4,2,74,12,93,7,CSE,1
6.07,2,5,8,3,5,49,254,6,ECE,1
7.15,3,3,3,1,79,20,346,6,IT,1
7.08,6,4,5,2,27,75,210,1,MECH,1
8.23,1,6,7,2,11,35,319,7,MECH,1
9.39,4,2,1,0,40,4,315,5,MECH,1
7.42,2,5,4,3,77,26,20,5,CSE,1
9.43,0,5,3,1,42,47,490,7,ECE,1
8.97,5,7,6,1,44,26,471,3,CSE,1
8.85,5,7,4,0,90,43,155,8,IT,1
6.27,3,4,2,2,39,84,84,6,CSE,1
5.67,3,2,6,3,83,50,465,8,ECE,1
7.91,2,10,6,1,4,18,2,7,CIVIL,1
7.63,2,2,4,0,60,22,498,6,CSE,1
8.53,1,10,7,0,37,77,187,7,MECH,1
7.25,1,1,7,2,7,94,178,1,IT,1
6.8,4,2,7,0,80,74,421,1,CSE,1
5.63,4,1,1,1,39,6,6,7,MECH,1
9.28,2,2,3,3,8,20,266,3,IT,1
8.33,1,0,2,3,34,38,320,7,CIVIL,1
9.25,2,2,1,1,16,9,375,3,ECE,1
6.9,2,0,7,0,11,48,89,6,IT,1
9.25,1,0,8,3,46,37,376,3,IT,1
9.54,3,10,5,3,38,8,235,3,CIVIL,1
7.23,1,3,8,1,22,64,331,1,CSE,1
7.63,6,6,0,2,89,94,68,8,CSE,1
9.22,1,9,8,0,43,45,388,6,MECH,1
8.07,4,0,8,1,20,46,279,6,CIVIL,1
8.23,3,6,0,3,92,62,491,8,CIVIL,1
9.78,4,4,1,0,19,5,162,6,ECE,1
7.75,6,8,6,2,76,54,133,3,MECH,1
8.78,2,7,4,0,57,90,18,6,ECE,1
7.5,3,1,2,0,6,20,420,5,IT,1
10.0,4,5,4,1,44,65,33,4,MECH,1
7.81,6,3,5,1,77,6,40,4,CSE,1
9.68,0,2,4,2,47,54,346,3,ECE,1
9.29,1,3,2,1,67,23,259,4,MECH,1
9.72,0,5,0,1,98,37,493,3,IT,1
7.85,6,6,2,3,23,63,148,6,MECH,1
8.02,0,5,1,3,62,74,39,5,CSE,1
6.36,4,5,7,0,94,27,298,3,CIVIL,1
7.81,2,4,8,3,51,79,159,8,MECH,1
9.57,4,3,1,2,85,5,436,2,MECH,1
5.77,0,2,1,0,71,37,192,5,CSE,1
9.27,0,0,0,3,90,89,168,3,MECH,1
8.78,6,2,6,2,31,82,81,3,CIVIL,1
9.62,0,0,0,0,33,51,140,3,ECE,1
6.2,0,5,2,0,88,81,471,3,MECH,1
7.6,5,10,6,3,77,49,272,6,ECE,1
8.83,4,0,8,0,73,8,44,6,CSE,1
6.72,3,5,8,2,82,80,455,5,CSE,1
6.71,5,1,4,3,30,1,325,5,CSE,1
9.28,4,7,7,3,18,66,428,8,MECH,1
8.42,0,8,8,0,98,36,373,4,IT,1
6.73,1,0,8,0,83,59,154,1,CSE,1
9.73,0,6,2,3,61,20,157,2,CIVIL,1
9.23,2,10,5,0,65,0,347,6,CIVIL,1
10.0,2,4,3,0,53,0,165,6,MECH,1
7.38,0,7,4,2,65,10,131,8,IT,1
7.45,6,4,8,1,68,23,90,4,IT,1
9.41,6,10,2,0,37,42,361,3,ECE,1
8.06,6,2,2,1,51,16,450,4,MECH,1
7.21,1,5,1,3,39,96,404,4,CIVIL,1
8.32,5,2,4,2,49,34,332,8,CSE,1
7.02,5,3,6,0,62,12,175,7,ECE,1
8.78,0,2,4,2,60,23,363,5,CSE,1
5.66,5,6,3,3,33,42,51,8,CSE,1
6.51,5,6,4,1,91,75,90,5,IT,1
8.95,0,1,2,1,98,17,374,6,MECH,1
9.31,3,7,2,2,49,4,367,4,IT,1
8.74,1,9,2,1,24,65,381,8,ECE,1
5.56,0,0,1,2,18,21,232,3,CIVIL,1
5.81,1,2,1,3,64,22,466,4,CIVIL,1
9.72,0,2,3,0,7,98,54,5,ECE,1
6.72,2,2,8,0,13,63,484,5,IT,1
6.42,2,1,1,3,24,98,496,1,IT,1
7.12,2,10,1,0,92,37,233,6,ECE,1
7.89,3,6,8,1,44,67,366,7,CSE,1
6.01,1,5,6,1,7,24,225,6,IT,1
7.31,4,3,4,2,49,2,188,7,ECE,1
8.8,5,6,6,1,53,27,134,1,IT,1
9.4,2,10,8,1,11,11,31,4,ECE,1
9.65,2,8,0,0,24,37,411,8,MECH,1
9.24,2,3,4,1,33,83,345,7,MECH,1
8.64,3,5,1,0,92,17,220,4,MECH,1
6.05,6,3,6,3,38,93,90,8,ECE,1
6.26,3,1,8,3,55,6,286,2,CSE,1
8.48,2,3,7,3,22,8,404,5,ECE,1
6.59,4,9,2,0,1,17,213,8,ECE,1
9.93,2,5,4,0,74,43,12,2,MECH,1
9.7,4,5,7,1,44,68,230,4,ECE,1
5.56,5,3,1,2,21,95,357,4,CIVIL,1
8.19,6,0,7,3,93,22,306,7,MECH,1
6.43,6,10,6,0,23,59,199,1,CSE,1
8.83,3,8,0,2,40,29,427,6,MECH,1
8.82,5,7,1,0,65,56,226,8,CIVIL,1
6.69,0,4,8,2,22,47,286,2,MECH,1
8.27,4,5,3,0,94,1,101,6,CIVIL,1
8.71,3,9,7,2,53,81,83,2,MECH,1
6.04,6,7,4,1,77,51,256,3,MECH,1
8.52,2,3,5,1,48,59,213,3,ECE,1
7.6,2,7,0,0,71,0,169,7,ECE,1
7.82,4,10,8,1,21,69,240,6,ECE,1
8.21,2,7,7,0,100,14,92,5,CIVIL,1
6.04,2,6,0,1,47,42,366,8,IT,1
8.8,1,8,2,3,19,63,168,2,MECH,1
9.46,4,6,5,0,48,28,288,6,CSE,1
7.83,4,1,7,3,90,37,116,2,CIVIL,1
5.88,1,9,3,1,11,60,50,1,CSE,1
7.39,4,5,7,2,89,85,492,6,IT,1
7.23,6,0,8,2,31,74,450,7,IT,1
5.72,1,9,6,3,66,53,314,1,IT,1
9.51,3,2,1,1,60,73,416,6,ECE,1
6.5,5,0,6,2,59,92,130,1,IT,1
9.28,4,10,2,1,70,11,113,3,CIVIL,1
6.94,3,3,5,0,98,27,136,8,CSE,1
5.5,6,6,0,1,49,40,428,4,IT,1
8.27,3,0,7,3,35,26,402,5,ECE,1
8.82,5,7,8,2,80,97,300,2,MECH,1
8.41,2,7,1,3,27,28,197,4,CIVIL,1
7.16,6,7,4,3,79,0,51,7,CIVIL,1
8.45,3,3,2,1,61,39,490,2,ECE,1
8.27,1,4,0,1,12,91,335,7,CIVIL,1
8.41,1,7,5,2,17,97,119,3,CSE,1
9.04,2,0,4,1,45,44,211,6,ECE,1
7.56,1,9,7,3,91,2,411,8,MECH,1
7.51,6,4,0,1,98,42,353,7,CIVIL,1
8.7,2,10,3,3,9,56,7,7,CIVIL,1
8.75,3,5,4,3,37,23,479,8,CIVIL,1
9.88,6,6,1,3,33,15,467,2,CIVIL,1
6.83,6,5,6,0,15,48,377,6,MECH,1
6.0,3,4,4,3,73,95,154,3,CIVIL,1
8.85,2,6,6,3,36,32,409,6,MECH,1
5.86,0,7,8,2,91,29,224,5,CSE,1
6.54,4,10,1,3,23,67,196,6,ECE,1
9.0,6,0,2,3,91,9,43,6,CIVIL,1
9.26,3,1,0,1,15,46,326,2,CIVIL,0
9.08,3,8,6,2,32,5,242,5,CSE,1
9.48,2,1,3,2,94,11,389,3,IT,1
9.09,0,4,7,1,75,80,240,2,ECE,1
8.23,6,3,6,2,64,86,84,5,CSE,1
8.56,4,9,1,1,51,99,28,8,IT,1
6.05,0,1,6,1,25,27,191,8,MECH,1
5.57,0,10,5,1,50,65,398,5,CIVIL,1
7.7,3,4,3,2,33,72,123,6,CIVIL,1
9.34,3,5,8,3,10,90,234,7,MECH,1
7.67,5,2,1,0,43,51,352,1,CIVIL,1
5.65,3,9,4,3,38,46,233,7,IT,1
5.94,4,9,1,3,64,47,67,1,ECE,1
6.04,1,8,8,2,58,45,266,3,CIVIL,1
9.44,5,6,7,1,14,8,281,8,CIVIL,1
6.64,5,6,6,2,85,63,181,2,CSE,1
6.22,0,8,5,1,70,66,292,1,IT,1
9.6,5,0,4,0,4,16,248,6,IT,1
6.39,4,2,2,0,81,90,137,1,CIVIL,1
9.62,0,4,5,2,45,84,261,7,ECE,0
9.3,2,3,3,1,7,19,253,7,CIVIL,1
8.69,1,4,3,3,21,38,183,3,CIVIL,1
9.8,0,5,2,3,77,91,218,1,CIVIL,1
9.5,5,2,0,0,4,72,291,4,IT,1
7.23,2,7,3,1,12,82,410,1,CSE,1
6.34,5,6,7,1,74,73,340,6,CIVIL,1
8.34,4,2,0,3,43,90,327,8,IT,1
5.5,0,7,4,0,35,44,294,1,MECH,1
9.11,5,6,6,1,68,18,415,5,CIVIL,1
6.34,2,0,8,2,58,26,383,3,IT,1
8.54,6,7,1,1,14,27,37,3,ECE,1
9.13,4,4,0,1,74,85,333,4,CIVIL,1
8.08,2,4,2,0,78,79,370,8,MECH,1
9.94,2,4,4,2,59,71,420,8,CIVIL,1
9.1,2,6,8,1,69,11,166,3,IT,1
9.47,4,1,8,0,44,78,114,8,CSE,1
7.69,0,0,3,3,100,77,497,6,MECH,1
6.01,2,3,7,3,23,11,410,6,CIVIL,1
6.78,3,4,3,2,42,76,22,7,CSE,1
5.89,2,6,6,1,29,11,88,5,CIVIL,1
5.76,0,9,7,0,10,77,484,3,MECH,1
8.51,2,8,5,0,13,23,205,4,CSE,1
8.05,4,8,7,3,93,44,170,6,ECE,1
5.64,3,5,3,3,81,68,477,1,IT,1
5.87,0,4,1,0,58,12,390,1,MECH,1
6.71,1,7,5,3,12,56,438,1,CIVIL,1
9.72,5,1,2,3,61,92,133,4,ECE,1
6.76,4,9,3,2,83,56,80,8,CIVIL,1
6.31,0,10,3,3,90,75,12,7,ECE,0
9.77,2,3,2,3,95,33,32,2,IT,1
7.32,0,9,8,0,50,30,89,3,ECE,1
6.28,5,5,3,3,30,32,225,2,MECH,1
6.68,6,10,5,3,9,41,494,5,IT,1
9.95,1,9,2,1,70,1,38,2,CIVIL,1
7.5,1,5,5,0,74,45,389,6,MECH,1
5.69,0,6,1,1,77,1,368,8,IT,1
7.93,4,10,5,1,64,20,78,2,MECH,1
6.49,6,4,4,2,89,14,483,6,CSE,1
6.89,1,6,8,2,63,84,392,7,CIVIL,1
6.37,3,5,7,1,83,74,261,4,MECH,1
9.58,4,7,5,0,6,41,418,8,IT,1
8.0,3,3,8,2,99,80,236,5,MECH,1
8.29,0,10,6,0,89,62,410,2,IT,1
7.37,5,2,8,0,45,18,262,7,IT,1
7.09,0,10,5,0,99,4,395,4,CSE,1
5.97,4,4,4,0,65,17,469,8,MECH,1
5.97,3,10,4,2,53,36,334,4,CIVIL,1
9.14,2,7,5,1,0,57,13,7,CSE,1
6.08,1,5,8,1,90,18,473,1,CIVIL,1
7.25,5,1,3,3,77,76,124,2,CIVIL,1
9.22,1,10,5,2,33,0,469,5,CSE,1
7.37,5,3,1,1,70,67,45,1,ECE,1
7.15,6,10,4,0,70,56,122,3,CSE,1
9.98,6,4,2,2,5,86,317,5,CIVIL,1
8.32,0,8,8,1,84,28,116,4,CSE,1
7.29,4,8,0,3,29,49,337,3,IT,1
7.1,6,8,5,1,13,86,24,2,IT,1
7.55,3,10,7,2,32,37,65,8,IT,1
8.18,6,5,6,1,61,2,398,7,CSE,1
9.55,2,8,2,1,19,23,252,6,CIVIL,1
8.51,0,1,2,3,70,80,43,1,CIVIL,1
8.8,4,0,5,3,52,98,346,2,ECE,1
9.25,2,6,1,2,37,80,84,7,CIVIL,1
9.41,1,1,4,2,91,94,346,2,CSE,1
9.15,0,7,1,1,72,56,44,7,CSE,1
7.84,6,4,6,1,69,44,287,7,CIVIL,1
6.53,2,8,6,3,72,94,464,2,MECH,1
6.6,5,5,0,0,28,88,251,3,CIVIL,1
6.95,5,10,5,2,18,70,285,5,ECE,1
9.02,0,9,5,3,73,43,34,5,MECH,1
7.23,2,8,2,2,67,47,377,8,IT,1
5.61,1,2,6,0,97,87,451,2,CIVIL,1
7.27,0,1,5,0,2,67,36,3,MECH,1
7.34,1,3,1,3,12,8,414,8,ECE,1
9.92,4,3,5,0,33,94,103,4,CIVIL,1
9.66,0,0,5,0,56,23,347,1,ECE,1
7.25,2,1,1,2,23,73,352,8,CIVIL,1
8.12,4,8,0,3,1,55,444,2,IT,1
8.64,4,3,8,0,68,2,359,3,IT,1
8.05,6,3,3,3,90,42,256,6,IT,1
8.3,2,2,3,0,21,32,114,7,IT,1
6.01,5,2,8,3,84,66,446,3,CIVIL,1
5.97,1,8,3,1,36,66,233,4,CSE,1
6.83,6,0,1,3,89,3,77,6,ECE,1
8.91,5,5,2,0,67,66,184,7,CIVIL,1
8.58,5,7,4,3,52,47,207,8,MECH,1
8.25,3,8,2,2,12,96,243,8,MECH,1
9.07,3,2,0,0,28,94,420,3,MECH,1
8.84,6,8,7,2,52,100,153,8,MECH,1
9.02,3,6,7,3,93,19,163,3,CSE,1
8.72,5,6,0,1,32,93,234,5,MECH,1
6.62,6,3,7,3,51,84,386,7,CSE,1
9.42,2,10,0,0,48,52,124,8,MECH,1
7.23,5,5,6,0,5,71,86,2,ECE,1
5.8,1,1,6,1,80,12,130,8,MECH,1
6.3,6,3,0,0,20,40,365,3,ECE,1
9.41,6,3,6,1,72,40,197,6,ECE,1
5.5,3,9,7,3,67,69,346,4,ECE,1
8.34,4,1,3,2,85,92,375,3,MECH,1
7.28,2,10,1,3,70,3,131,3,ECE,1
9.73,0,6,1,1,2,11,156,3,MECH,1
8.75,6,1,0,3,16,33,484,2,MECH,1
9.13,5,6,0,3,44,75,74,3,ECE,1
9.02,0,1,4,1,76,86,110,3,MECH,1
9.77,5,2,5,0,24,37,305,1,MECH,1
7.24,1,7,2,2,18,59,154,4,CSE,1
9.53,5,3,2,0,64,47,473,2,CIVIL,1
8.98,4,8,5,1,66,98,466,7,ECE,1
6.07,3,9,1,2,46,31,354,5,MECH,1
7.98,6,6,4,1,93,78,460,3,MECH,1
5.8,5,8,8,1,72,24,314,5,CIVIL,1
9.94,6,10,3,1,14,69,163,3,CIVIL,1
5.58,5,5,4,2,17,26,24,8,CSE,1
8.98,6,5,3,0,22,7,282,7,CSE,1
6.27,3,9,0,1,44,40,368,7,CIVIL,1
7.9,4,10,6,2,59,64,133,2,CIVIL,1
6.4,4,2,5,3,96,3,460,7,CSE,1
6.89,6,8,0,0,70,98,265,3,ECE,1
9.98,6,10,7,0,65,39,125,5,CSE,1
8.28,3,4,1,3,90,54,336,5,MECH,1
5.95,3,7,8,0,41,63,74,4,MECH,1
6.4,5,0,3,1,76,28,350,8,CSE,1
7.2,5,3,6,0,5,86,158,3,CSE,1
6.71,3,6,5,3,19,54,439,3,IT,1
8.57,3,3,5,2,33,69,299,8,CSE,1
7.59,3,9,6,2,67,75,389,2,CIVIL,1
6.26,5,10,8,3,44,89,356,6,ECE,1
5.66,0,1,7,0,37,50,179,1,IT,1
7.01,4,0,1,0,86,27,132,8,CSE,1
7.76,6,5,7,2,60,6,358,5,CSE,1
7.03,1,6,0,1,72,12,140,3,MECH,1
6.87,0,1,5,2,80,100,483,8,ECE,1
8.42,3,2,8,3,35,63,145,6,CSE,1
9.61,5,10,0,3,42,30,446,8,CIVIL,1
7.98,3,10,3,2,34,63,204,5,CSE,1
9.08,0,10,7,0,73,5,34,6,IT,1
6.73,1,6,8,1,12,34,445,2,IT,1
9.71,2,2,5,2,71,76,39,3,IT,1
6.9,0,3,7,0,15,42,325,5,CIVIL,0
5.65,2,5,8,3,8,90,99,6,CSE,1
8.57,6,2,3,1,60,75,126,3,IT,1
9.37,0,9,2,2,4,81,309,7,MECH,1
6.85,2,9,1,2,93,52,266,3,CIVIL,1
8.22,1,4,7,1,51,26,210,3,ECE,1
6.09,1,5,7,1,16,97,368,8,MECH,1
8.04,2,3,1,0,7,10,426,5,MECH,1
8.79,5,0,2,1,26,32,343,8,CIVIL,1
6.55,3,5,0,3,1,64,438,7,CIVIL,1
6.73,5,9,5,0,73,21,242,6,MECH,1
6.66,4,0,5,1,26,76,313,1,ECE,1
8.2,2,6,4,2,46,26,317,2,ECE,1
6.94,6,4,0,0,51,68,293,1,MECH,1
9.25,0,8,1,3,71,82,312,5,ECE,1
6.39,6,10,1,2,50,90,360,2,ECE,1
6.89,2,1,6,2,28,61,110,6,IT,1
7.01,5,10,5,3,42,12,72,4,CIVIL,1
9.03,0,1,4,0,78,90,426,4,ECE,1
7.37,6,7,3,1,10,83,1,2,IT,1
5.5,2,9,7,2,20,71,203,2,CSE,1
9.21,2,4,2,0,33,56,414,5,MECH,1
5.58,5,9,0,0,87,66,238,8,IT,1
7.36,5,7,5,3,48,49,123,7,MECH,1
9.73,5,1,3,2,98,2,492,1,MECH,1
7.73,4,6,3,3,53,50,6,4,CIVIL,1
7.24,5,8,2,3,53,3,242,8,CIVIL,1
7.61,0,4,0,3,67,69,291,1,ECE,1
6.65,0,7,3,0,85,65,484,3,MECH,1
7.58,1,0,3,2,23,90,285,3,CSE,1
7.89,2,5,2,2,76,9,82,2,CIVIL,1
9.3,5,9,5,2,72,30,140,8,CIVIL,1
6.19,3,2,7,2,89,21,16,5,CSE,1
6.24,2,7,2,3,4,37,494,6,MECH,1
8.15,4,8,2,1,34,91,403,1,IT,1
8.86,2,5,3,3,6,42,446,6,CIVIL,1
7.64,0,3,0,1,80,24,474,7,CSE,1
6.51,1,5,0,3,5,25,485,5,MECH,1
6.96,2,3,8,3,19,24,90,3,ECE,1
9.18,6,4,5,1,36,59,454,7,IT,1
5.61,2,9,7,1,81,4,333,1,CIVIL,1
9.64,6,4,8,0,54,2,29,6,IT,1
9.23,1,6,2,2,52,6,279,5,ECE,1
7.77,2,1,6,2,21,38,188,1,CIVIL,1
6.12,2,7,3,3,93,23,427,3,IT,1
8.37,0,6,8,0,6,94,58,6,IT,1
9.88,2,10,2,1,3,43,93,4,ECE,1
6.6,3,6,4,2,12,81,50,5,ECE,1
8.03,2,4,5,1,65,68,164,4,IT,1
6.47,4,5,2,2,97,87,307,2,IT,1
6.4,4,3,2,3,59,94,248,5,ECE,1
7.2,3,2,1,1,55,49,493,6,ECE,1
5.6,3,3,0,3,3,24,381,7,CIVIL,1
9.87,6,7,4,3,92,14,362,3,ECE,1
9.82,6,1,1,0,87,67,197,5,IT,1
8.88,0,1,4,1,10,78,500,8,ECE,1
9.56,2,9,1,3,32,15,265,4,IT,1
7.48,6,6,4,1,52,18,355,8,IT,1
8.43,0,9,0,0,29,96,463,7,MECH,1
7.54,0,4,3,0,35,26,411,4,CSE,1
5.64,0,8,2,2,47,54,359,8,IT,1
6.07,5,6,1,1,85,14,354,8,CSE,1
7.39,6,3,7,2,93,31,489,3,MECH,1
9.12,6,1,2,3,14,100,152,4,CIVIL,1
6.88,2,10,1,1,86,39,158,4,ECE,1
5.83,1,0,3,3,4,12,179,7,IT,1
7.09,6,0,7,2,1,93,246,2,IT,1
6.47,1,6,4,3,34,82,51,6,CIVIL,1
6.33,1,10,7,1,9,46,358,1,IT,1
8.39,5,2,6,2,34,26,235,1,IT,1
6.92,0,4,7,2,59,1,246,1,MECH,1
7.4,0,5,6,3,4,32,69,2,IT,1
8.54,4,6,8,2,44,81,416,5,IT,1
9.42,4,10,2,3,29,53,227,2,CSE,1
9.9,5,0,1,0,71,96,104,6,IT,1
7.79,5,8,3,0,69,71,496,6,IT,1
9.58,2,9,7,1,66,52,219,6,ECE,1
8.29,2,5,3,2,22,71,291,7,CIVIL,1
7.77,6,5,8,3,22,89,165,4,CIVIL,1
9.05,6,7,3,0,71,98,320,8,MECH,1
9.35,3,6,5,0,88,98,444,1,IT,1
9.01,1,6,4,0,14,80,207,5,ECE,1
7.5,6,8,4,3,72,46,200,5,IT,1
7.83,4,9,7,3,91,24,37,1,CIVIL,1
6.23,3,6,7,1,77,73,139,1,CSE,1
6.44,1,9,0,2,43,72,310,3,ECE,1
8.06,1,1,4,0,67,71,244,6,MECH,1
8.91,2,5,5,3,31,74,20,6,ECE,1
6.55,1,5,0,2,32,30,277,4,IT,1
8.87,3,9,7,0,85,10,59,6,CSE,1
9.71,2,10,8,1,50,46,342,4,MECH,1
8.01,1,3,3,1,14,67,304,8,ECE,1
6.98,3,5,8,1,76,11,234,4,CIVIL,1
9.39,6,8,2,0,84,27,5,1,CIVIL,1
7.84,0,2,3,0,11,90,201,6,CSE,1
7.67,5,5,4,2,82,94,233,4,ECE,1
8.15,0,6,8,3,36,3,321,8,ECE,1
8.47,5,8,5,0,32,51,323,7,CSE,1
6.85,3,2,4,0,10,89,464,3,MECH,1
8.22,5,4,8,2,31,27,393,6,IT,1
8.06,5,7,0,0,3,14,480,8,CIVIL,1
9.37,4,8,1,3,71,8,109,7,MECH,1
5.76,1,0,7,0,53,80,347,1,IT,1
7.1,4,2,1,2,56,12,22,5,ECE,1
6.54,6,0,0,1,85,24,288,5,ECE,1
9.03,0,0,8,2,98,2,371,2,MECH,1
8.66,4,7,2,1,65,59,209,3,CSE,1
9.99,3,6,4,3,68,44,474,2,IT,1
7.99,0,5,8,0,45,12,175,5,CIVIL,1
9.66,5,4,8,1,20,33,168,4,ECE,1
8.03,6,3,8,2,54,46,111,3,CSE,1
8.23,3,3,3,2,12,17,448,7,IT,1
9.79,3,7,6,3,43,17,313,7,CIVIL,1
6.84,3,2,4,1,60,40,364,1,CSE,1
9.83,5,3,1,3,55,79,495,5,ECE,1
8.13,4,2,2,2,38,8,88,4,CSE,1
6.59,5,4,7,1,49,64,205,8,CIVIL,1
6.84,6,2,4,0,40,81,491,3,CSE,1
9.15,0,0,3,1,4,67,263,1,CIVIL,1
9.01,3,1,2,1,72,77,361,2,ECE,1
7.07,3,1,6,0,28,48,115,7,ECE,1
8.96,3,5,4,1,23,93,338,7,IT,1
6.8,0,0,3,1,10,38,131,2,ECE,0
8.39,3,7,8,0,12,73,326,4,CIVIL,1
9.51,3,5,7,2,6,16,54,8,IT,1
7.79,0,2,8,1,71,18,316,2,ECE,1
6.77,3,1,1,1,57,98,270,8,IT,1
8.67,5,8,3,2,58,51,381,6,CIVIL,1
7.7,3,3,5,3,69,89,151,4,MECH,1
8.95,5,3,4,3,86,39,107,5,CIVIL,1
5.89,3,1,6,0,72,30,222,2,ECE,1
8.17,4,8,4,0,26,21,178,3,IT,1
7.4,2,7,2,2,81,28,8,6,ECE,1
8.42,2,9,1,2,55,68,15,5,MECH,1
6.13,1,2,6,0,13,45,342,3,CSE,1
9.71,0,5,1,3,21,24,347,4,CSE,1
8.79,5,9,1,0,40,84,440,4,ECE,1
9.76,4,8,6,1,43,63,22,3,CSE,1
6.32,1,0,2,0,95,57,157,5,MECH,1
5.6,4,3,7,3,27,66,305,4,ECE,1
7.41,2,4,1,3,55,6,37,2,ECE,1
9.27,3,5,5,2,2,64,249,5,IT,1
6.14,3,3,3,2,60,21,399,2,ECE,1
7.13,6,8,6,0,29,72,409,1,IT,1
6.78,3,0,6,2,96,33,449,8,IT,1
9.89,6,7,0,1,50,10,173,3,IT,1
8.91,0,4,8,3,100,50,365,3,CIVIL,1
7.26,5,2,2,1,27,44,191,5,MECH,1
7.65,4,10,3,2,73,0,286,4,ECE,1
7.19,2,0,2,1,67,4,283,5,CIVIL,1
9.12,1,9,3,1,38,1,402,5,MECH,1
6.0,1,5,2,0,48,61,172,2,ECE,1
7.22,0,1,4,0,98,26,4,1,CIVIL,1
5.91,4,1,4,2,51,89,233,2,ECE,1
6.64,0,6,4,3,95,55,194,3,CSE,1
9.6,5,2,2,2,6,81,344,8,ECE,1
6.52,1,0,6,3,11,16,24,1,IT,1
6.07,3,1,7,0,30,40,174,6,IT,1
8.44,0,0,6,0,19,99,328,4,CIVIL,0
7.23,3,1,3,0,5,74,15,2,MECH,1
9.06,0,4,4,0,45,20,408,5,IT,1
5.85,4,2,8,3,32,59,182,8,IT,1
9.89,0,1,2,2,67,96,421,7,CSE,1
8.86,6,10,7,2,75,74,374,5,MECH,1
9.75,5,8,5,1,54,72,46,3,ECE,1
7.51,2,6,5,1,92,17,331,5,IT,1
6.19,1,1,8,2,64,27,64,5,IT,1
8.85,4,5,2,0,17,32,176,6,ECE,1
7.11,4,1,2,1,58,22,278,3,MECH,1
7.32,6,0,6,1,32,59,416,7,CIVIL,1
9.02,3,5,7,3,14,29,33,8,CIVIL,1
9.36,1,8,0,3,30,53,227,6,MECH,1
7.96,4,4,8,3,14,73,64,7,CIVIL,1
8.84,6,6,2,0,1,77,185,7,CSE,1
9.5,1,0,8,1,40,58,316,1,CIVIL,1
9.4,0,9,1,3,30,46,429,8,ECE,1
9.19,2,5,1,1,100,69,329,4,MECH,1
7.55,2,7,0,3,94,9,110,8,ECE,1
8.78,4,7,0,3,18,54,166,3,MECH,1
7.28,4,5,8,2,18,48,43,7,MECH,1
9.87,2,6,1,3,10,77,90,1,MECH,1
6.75,1,5,7,1,52,28,92,5,CSE,1
9.25,1,6,6,2,26,62,242,1,MECH,1
7.66,5,1,5,3,10,78,458,1,ECE,1
8.03,5,7,7,2,12,97,328,4,CIVIL,1
8.9,1,9,8,2,19,72,436,7,CIVIL,1
9.54,2,8,1,1,34,3,375,1,CIVIL,1
7.78,5,8,3,3,99,72,457,7,CSE,1
6.55,2,1,4,2,27,94,434,7,ECE,1
9.91,6,7,8,2,79,56,320,6,CSE,1
9.88,0,0,4,2,31,75,6,3,CSE,1
8.29,2,0,2,0,58,14,217,7,MECH,1
9.96,3,5,5,0,33,58,157,8,CSE,1
8.05,5,1,4,1,16,97,308,7,MECH,1
7.64,1,5,2,2,33,18,194,1,IT,1
6.24,4,9,4,0,15,61,46,2,CIVIL,1
5.76,3,1,6,0,61,99,349,5,CIVIL,1
7.0,3,8,3,1,73,8,362,4,CSE,1
9.88,1,1,6,3,89,8,116,8,ECE,1
7.89,2,9,1,2,62,12,163,5,ECE,1
6.26,3,7,2,3,83,8,130,1,IT,1
6.43,6,1,3,2,3,62,18,6,CIVIL,1
6.25,6,3,2,2,2,100,173,5,IT,1
5.85,5,0,2,1,79,27,489,6,IT,1
5.52,2,2,1,1,38,72,357,5,MECH,1
8.34,4,7,6,0,14,33,353,8,IT,1
8.97,2,5,7,0,57,27,361,7,IT,1
7.77,3,6,6,1,15,23,444,7,ECE,1
9.3,4,8,6,3,15,84,101,2,CIVIL,1
8.69,3,6,7,0,39,19,89,3,CSE,1
6.17,3,5,6,3,5,3,113,1,CIVIL,1
9.5,4,4,1,1,95,62,281,6,IT,1
8.83,0,8,4,1,30,20,417,3,IT,1
6.68,3,2,1,0,11,77,91,5,MECH,1
7.98,6,4,6,3,49,91,239,8,ECE,1
9.26,0,5,5,1,19,66,273,4,ECE,1
9.52,3,6,8,0,40,5,364,7,IT,1
6.95,5,4,6,3,69,15,13,7,CSE,1
9.27,0,3,6,3,81,48,56,6,MECH,1
9.65,4,6,1,1,8,76,50,5,IT,1
9.47,1,9,4,2,40,43,259,8,CSE,1
7.72,4,3,0,2,19,65,42,5,CIVIL,1
6.13,4,1,5,1,12,63,104,5,IT,1
6.38,3,6,5,1,85,21,390,4,CIVIL,1
5.93,4,9,1,3,74,71,35,1,ECE,1
7.29,6,3,0,1,97,30,238,1,IT,1
7.29,3,3,3,1,36,31,350,1,CIVIL,1
9.02,5,9,6,3,95,18,241,1,CSE,1
5.54,5,6,4,0,86,59,292,6,MECH,1
9.08,2,9,6,1,52,83,247,1,ECE,1
8.46,0,9,1,3,8,35,71,1,IT,1
7.65,5,2,5,1,75,55,89,1,CSE,1
9.55,1,8,8,1,77,31,237,1,CSE,1
7.28,1,1,3,2,46,73,307,8,CSE,1
5.99,5,9,2,1,58,85,38,6,MECH,1
6.85,3,10,0,1,39,4,408,5,CIVIL,1
5.52,5,4,4,2,58,67,294,1,MECH,1
8.08,0,7,2,2,90,79,48,4,ECE,1
7.86,6,9,6,3,97,70,355,2,CIVIL,1
8.17,4,3,7,3,10,5,396,8,MECH,1
7.24,3,4,4,2,17,43,422,1,IT,1
9.39,1,7,1,0,86,34,311,7,ECE,1
7.25,3,4,0,0,78,0,448,4,MECH,1
7.89,6,4,5,1,34,3,172,1,CIVIL,1
9.49,4,6,3,2,24,18,317,8,ECE,1
6.16,1,1,3,3,67,53,68,6,MECH,1
6.05,6,1,8,0,17,10,109,5,CSE,1
8.23,3,8,5,3,89,52,471,1,MECH,1
8.72,5,6,5,0,31,42,72,7,CIVIL,1
7.27,2,2,7,1,3,21,93,7,ECE,1
9.92,1,4,8,1,26,18,460,3,ECE,1
6.54,1,2,2,3,57,66,341,3,MECH,1
7.17,5,9,7,1,15,56,25,4,CSE,1
7.26,5,7,2,3,77,32,15,7,MECH,1
6.17,1,2,7,0,6,54,359,7,ECE,1
8.51,3,7,1,1,17,27,403,2,IT,1
9.3,0,4,6,3,39,90,283,1,IT,1
9.44,2,0,1,1,16,35,9,7,ECE,1
7.42,4,8,5,0,72,2,413,2,CSE,1
9.86,0,8,2,0,36,28,153,5,MECH,1
5.57,1,6,1,2,84,69,135,3,ECE,1
9.3,4,9,7,3,69,64,484,7,ECE,1
6.31,5,5,2,3,8,64,199,6,ECE,1
8.68,4,2,6,2,73,25,367,8,CSE,1
6.08,1,2,0,2,25,4,418,8,IT,1
5.71,5,7,1,2,36,74,219,5,IT,1
9.16,2,6,8,3,7,94,377,5,IT,1
7.47,1,10,5,1,89,85,452,2,ECE,1
9.27,6,2,4,2,4,22,439,4,CSE,1
9.27,6,6,6,1,16,62,453,7,CSE,1
7.01,6,9,2,2,38,46,389,5,ECE,1
8.46,2,8,0,1,29,33,293,6,IT,1
7.57,3,8,5,2,21,11,315,6,CIVIL,1
9.07,4,10,1,3,29,97,265,1,CSE,1
7.91,2,3,1,2,22,80,352,3,CSE,1
9.31,5,3,4,0,62,32,219,3,CSE,1
7.11,4,3,2,2,69,21,233,5,CIVIL,1
7.99,0,0,5,3,24,68,233,5,CSE,1
8.18,0,1,5,3,62,0,159,6,MECH,1
7.92,5,6,6,2,49,74,487,1,IT,1
5.66,1,4,2,1,42,33,152,3,MECH,1
7.61,2,10,5,3,91,54,265,4,IT,1
8.34,4,6,1,0,79,88,116,8,CIVIL,1
7.67,2,3,3,2,47,0,190,2,MECH,1
9.7,3,5,8,3,78,99,362,2,ECE,1
9.43,2,7,4,2,92,10,387,1,ECE,1
8.24,4,10,8,3,59,15,249,7,ECE,1
6.78,2,3,0,1,46,19,14,5,CIVIL,1
9.38,6,8,4,1,17,41,206,2,IT,1
9.75,1,10,0,3,58,8,75,5,MECH,1
9.43,3,0,2,1,45,22,70,4,IT,1
9.53,3,7,3,3,80,36,432,7,CIVIL,1
9.98,6,1,6,0,70,97,209,5,CIVIL,1
7.51,2,5,0,3,89,50,456,3,CSE,1
7.65,6,1,5,3,65,52,418,2,MECH,1
8.94,6,9,5,2,85,37,393,4,ECE,1
9.51,6,1,8,3,88,18,240,7,IT,1
8.75,5,6,8,2,95,58,132,1,ECE,1
7.96,4,1,6,2,29,75,468,4,CSE,1
6.09,5,10,8,3,65,60,100,5,MECH,1
7.28,3,1,6,0,83,47,161,6,ECE,1
9.59,2,9,3,0,96,54,326,3,ECE,1
7.32,5,1,3,2,86,29,225,2,CSE,1
6.2,3,2,3,0,53,35,151,8,IT,1
9.75,4,9,3,0,10,65,202,4,ECE,1
9.7,2,3,3,2,37,21,291,1,ECE,1
8.67,4,10,3,2,15,72,342,8,ECE,1
7.7,4,8,5,3,36,67,19,4,CIVIL,1
8.41,5,6,4,3,25,4,496,8,CSE,1
6.8,3,0,4,3,73,89,123,7,IT,1
9.44,6,1,1,2,89,53,336,8,ECE,1
9.34,4,5,6,1,63,68,26,2,IT,1
8.99,1,9,4,3,30,3,156,4,CIVIL,1
9.06,2,0,5,3,60,0,437,1,ECE,1
9.69,4,7,0,2,78,4,235,6,MECH,1
7.12,5,2,6,3,11,36,219,3,MECH,1
6.88,0,7,0,1,12,27,402,4,MECH,1
7.24,3,7,8,1,37,14,52,4,MECH,1
8.0,1,2,7,0,4,69,376,8,MECH,1
6.21,4,2,4,3,95,68,417,5,CSE,1
7.85,6,10,4,3,84,62,163,2,MECH,1
5.91,4,9,2,0,91,66,459,8,CIVIL,1
5.69,1,5,3,2,47,7,10,3,ECE,1
7.84,0,7,2,2,58,92,123,2,MECH,1
9.07,0,7,6,0,43,97,219,6,ECE,1
9.05,5,9,8,1,13,69,497,7,MECH,1
5.61,2,1,6,1,7,42,50,3,IT,1
8.07,1,7,1,2,97,23,378,8,CSE,1
7.41,5,8,8,1,58,5,122,6,ECE,1
6.62,5,9,1,0,100,40,90,4,ECE,1
9.75,5,4,2,1,85,58,75,8,CSE,1
9.45,6,10,2,1,98,76,157,4,MECH,1
5.63,2,1,5,2,3,77,100,2,MECH,1
9.45,2,10,2,1,41,28,386,3,ECE,1
7.52,6,0,2,0,46,70,77,1,IT,1
8.21,3,0,3,2,30,99,149,1,ECE,1
8.27,6,1,7,3,30,59,112,8,MECH,1
8.88,2,5,0,1,27,100,387,4,MECH,1
5.66,3,7,0,2,39,66,319,4,CSE,1
8.59,2,6,4,1,42,64,8,3,MECH,1
6.93,3,1,3,2,70,40,255,2,IT,1
7.75,5,9,7,2,55,50,424,7,CIVIL,1
6.62,0,6,3,0,58,87,187,8,IT,1
8.5,0,4,4,1,93,83,448,4,IT,1
9.16,1,3,2,1,53,93,14,2,CSE,1
5.64,3,4,3,0,87,60,86,3,ECE,1
6.66,5,4,5,0,9,1,385,6,IT,1
5.75,4,1,2,3,38,45,491,8,ECE,1
7.72,1,8,8,3,21,19,319,6,MECH,1
8.49,0,7,0,2,57,36,295,6,IT,1
9.79,3,9,6,1,67,53,67,8,CIVIL,1
6.56,4,6,1,0,77,93,181,1,CIVIL,1
7.71,0,6,2,2,26,4,161,1,CIVIL,1
8.18,2,0,6,3,89,31,359,5,MECH,1
9.3,3,5,8,0,64,85,483,5,CSE,1
9.99,1,4,0,3,13,42,387,2,CSE,1
7.99,3,8,3,3,83,45,132,4,CIVIL,1
6.44,0,4,4,2,99,1,313,2,IT,1
8.31,1,2,3,1,86,71,450,3,MECH,1
6.5,5,4,6,2,22,51,365,5,CIVIL,1
6.79,3,7,1,0,70,59,435,3,CSE,1
7.38,0,7,2,3,66,42,155,6,ECE,1
6.94,1,7,0,0,84,20,338,6,CSE,1
6.63,1,7,7,0,5,67,490,8,CIVIL,1
8.06,0,0,4,3,95,18,97,4,CSE,1
7.72,2,1,6,1,58,10,474,6,ECE,1
9.89,1,9,1,2,6,31,348,5,CIVIL,1
8.34,0,2,1,1,93,87,404,2,MECH,1
8.55,3,9,0,0,36,69,374,8,CSE,1
5.68,0,0,6,3,14,54,171,1,MECH,1
9.43,5,0,0,0,83,16,220,7,CIVIL,1
7.42,4,7,4,3,27,65,95,6,CIVIL,1
6.84,0,0,3,2,18,88,484,5,IT,1
8.55,0,6,2,1,43,31,304,3,CSE,1
9.97,3,0,3,1,93,67,245,6,IT,1
9.07,4,2,1,0,13,78,219,5,MECH,1
7.09,6,6,4,2,49,57,386,4,IT,1
6.0,0,3,2,1,5,51,51,5,MECH,1
9.64,0,8,7,2,89,35,268,6,CSE,1
5.92,3,3,8,3,28,24,57,4,ECE,1
5.87,6,2,7,2,56,34,470,7,MECH,1
9.21,4,2,7,1,100,61,432,2,CSE,1
8.41,5,3,5,0,95,13,386,4,CIVIL,1
7.03,3,3,5,3,6,16,270,8,IT,1
8.77,3,5,0,1,77,89,213,1,ECE,1
9.67,6,8,7,2,35,63,384,8,CSE,1
6.1,2,9,3,3,13,53,56,2,MECH,1
6.19,2,6,0,0,50,97,318,1,IT,1
7.22,3,5,1,2,16,60,254,4,IT,1
9.85,4,8,1,3,6,53,254,6,MECH,1
8.36,1,8,1,0,98,87,180,6,MECH,1
9.68,3,8,8,0,75,5,413,5,CSE,1
6.49,1,3,0,2,66,60,149,2,IT,1
9.42,2,8,3,0,89,99,236,2,IT,1
8.5,2,5,7,2,90,53,7,4,CSE,1
9.26,5,10,6,0,53,91,461,7,MECH,1
7.06,4,1,0,2,30,21,346,2,IT,1
7.61,4,3,8,1,35,89,102,8,CIVIL,1
9.66,0,8,3,0,75,66,82,6,CIVIL,1
6.33,0,5,8,0,27,53,444,1,CIVIL,1
7.66,3,1,5,3,27,59,263,7,CSE,1
9.57,4,5,3,0,57,41,26,8,MECH,1
7.95,3,8,1,0,52,38,310,4,IT,1
9.17,1,5,5,0,26,98,38,1,CSE,1
6.24,6,9,4,2,40,66,341,8,CSE,1
8.03,5,3,3,1,78,3,16,6,IT,1
6.38,0,6,6,0,59,47,442,3,IT,1
9.57,5,6,3,1,74,2,485,7,IT,1
8.38,5,10,0,3,85,66,401,2,CIVIL,1
7.43,0,8,5,2,31,72,249,2,MECH,1
8.19,3,5,0,0,52,36,267,5,IT,1
5.55,6,1,2,2,46,68,294,2,IT,1
7.31,2,2,2,0,7,76,461,4,ECE,1
8.91,6,9,4,3,0,68,479,4,ECE,1
9.74,1,2,3,3,66,69,137,6,CSE,1
6.0,5,9,5,2,6,79,288,1,CSE,1
9.39,6,3,7,1,91,0,350,4,MECH,1
9.59,3,3,6,0,39,44,260,4,IT,1
8.43,1,1,5,3,81,47,277,5,CIVIL,1
9.17,5,8,3,0,64,76,398,8,CSE,1
5.84,6,8,2,1,92,27,346,6,CSE,1
8.89,0,9,1,3,1,28,480,8,ECE,1
7.66,6,1,3,0,69,98,127,4,MECH,1
8.83,2,9,3,3,85,18,37,7,MECH,1
9.9,5,9,3,2,59,24,149,5,MECH,1
6.21,3,6,1,3,29,54,485,8,IT,1
6.9,4,3,1,3,11,58,447,1,MECH,1
7.16,4,2,4,0,59,29,259,7,IT,1
7.51,2,10,4,2,61,23,357,7,MECH,1
9.77,6,6,3,0,86,48,353,3,ECE,1
6.65,6,7,6,0,53,33,302,8,CIVIL,1
9.99,4,9,4,0,78,87,224,3,CIVIL,1
7.79,1,1,6,0,15,21,371,4,IT,1
6.03,4,2,4,1,49,20,200,6,CSE,1
8.14,3,0,8,3,32,76,185,5,CSE,1
6.37,0,0,4,0,55,11,461,8,CSE,1
6.31,4,6,4,3,81,12,333,2,ECE,1
6.96,0,7,7,3,77,30,382,6,MECH,1
9.37,0,7,0,2,94,31,300,1,CSE,1
6.09,1,3,3,1,82,73,78,5,CSE,1
7.0,1,1,7,3,79,80,417,7,IT,1
8.77,0,6,0,3,32,58,161,6,ECE,1
6.64,2,0,1,2,60,42,361,8,MECH,1
9.75,0,3,8,3,53,9,236,8,ECE,1
6.72,3,0,8,2,68,99,91,6,IT,1
9.1,1,3,1,2,15,91,163,3,IT,1
9.17,6,6,8,2,75,83,23,1,CSE,1
8.58,6,2,7,3,17,32,372,7,CIVIL,1
9.67,5,6,4,2,51,83,380,1,CIVIL,1
9.14,4,6,0,1,53,92,116,6,CIVIL,1
6.24,0,3,2,3,75,68,149,1,CIVIL,1
8.03,3,3,4,3,35,19,371,5,CIVIL,1
7.88,2,7,6,0,96,29,423,4,ECE,1
8.36,6,1,2,3,31,17,184,8,MECH,1
7.62,5,3,3,2,40,40,26,4,MECH,1
6.38,6,2,2,1,4,54,294,1,MECH,1
5.56,3,1,6,1,17,37,413,2,CSE,1
8.49,3,9,8,1,8,20,52,2,IT,1
8.93,2,9,7,3,63,40,154,1,CIVIL,1
9.45,5,2,0,1,70,57,418,7,IT,1
9.11,6,1,0,2,41,17,71,6,ECE,1
7.99,5,8,6,3,52,64,353,6,CSE,1
5.85,5,5,0,2,48,17,276,6,ECE,1
7.09,2,3,4,2,37,74,106,4,IT,1
7.15,1,7,3,0,28,11,456,1,ECE,1
6.36,5,5,3,2,66,21,261,5,IT,1
6.62,3,7,7,2,51,82,444,1,ECE,1
7.78,2,3,0,3,55,10,228,7,IT,1
6.56,4,8,1,2,16,48,462,6,IT,1
6.85,6,2,1,1,53,17,321,1,CIVIL,1
7.36,0,1,3,1,3,80,140,8,ECE,1
6.87,5,0,1,2,1,72,362,7,ECE,1
5.82,5,6,4,0,89,29,10,3,CSE,1
8.09,6,6,1,3,19,69,325,1,IT,1
9.83,6,3,8,1,32,76,150,5,MECH,1
7.34,6,6,5,0,84,58,283,1,MECH,1
6.25,2,3,3,2,1,61,168,4,MECH,1
5.82,1,5,4,0,9,31,248,2,ECE,1
9.25,1,4,5,3,39,28,3,6,CIVIL,1
5.81,4,10,1,0,37,81,243,8,MECH,1
7.59,1,6,8,0,43,40,9,4,ECE,1
8.45,6,4,4,0,0,1,371,2,CSE,1
7.52,2,10,7,1,45,8,36,8,CSE,1
8.61,2,2,5,2,37,14,161,6,CSE,1
8.95,5,2,4,2,98,72,131,6,CSE,1
6.2,1,3,8,0,92,0,392,5,ECE,1
8.15,5,0,8,1,99,59,481,6,ECE,1
5.84,5,8,7,1,37,89,91,2,IT,1
7.64,0,6,4,1,68,13,429,5,ECE,1
7.23,5,5,7,3,39,14,253,8,CSE,1
6.9,5,9,2,0,55,78,135,2,IT,1
9.38,4,0,6,3,59,54,42,6,MECH,1
5.97,1,1,2,2,67,10,207,3,CSE,1
8.24,6,5,7,0,2,25,71,2,IT,1
8.07,3,1,4,1,19,51,76,1,CIVIL,1
7.76,5,4,6,2,74,47,493,1,ECE,1
6.17,4,10,7,0,75,36,438,5,CIVIL,1
6.89,1,5,4,3,16,91,12,3,ECE,1
7.56,4,3,2,0,81,16,403,2,MECH,1
9.07,3,9,0,1,98,81,97,8,CSE,1
9.52,6,4,7,1,47,39,334,5,IT,1
6.2,1,7,3,3,48,31,436,8,CIVIL,1
8.65,4,5,4,2,20,96,288,7,MECH,1
9.41,4,1,7,2,75,24,431,2,MECH,1
6.91,3,7,4,2,22,35,422,2,CSE,1
8.73,5,6,8,0,31,26,422,7,MECH,1
7.99,4,7,1,1,83,49,293,1,CIVIL,1
5.59,5,0,3,0,66,95,273,4,CIVIL,1
7.65,3,5,7,1,94,44,214,8,CIVIL,1
8.6,0,6,6,1,42,26,454,3,MECH,1
9.3,6,3,8,0,71,59,381,3,IT,1
9.71,1,0,7,0,91,18,453,2,IT,1
6.3,6,4,3,0,21,88,346,7,CSE,1
9.88,6,3,2,3,37,83,420,7,IT,1
7.96,3,0,2,1,55,14,444,1,IT,1
9.71,1,4,8,1,24,45,350,5,MECH,1
6.5,6,10,6,1,76,98,150,7,ECE,1
8.24,5,3,8,2,23,51,164,3,MECH,1
6.98,0,2,7,1,23,78,110,4,ECE,1
7.26,3,10,8,1,72,31,337,5,CIVIL,1
7.58,2,4,2,0,43,1,177,4,MECH,1
8.76,6,2,6,3,93,64,266,7,MECH,1
8.29,6,0,0,2,100,80,12,7,ECE,1
8.17,5,1,4,3,12,77,413,1,ECE,1
5.98,3,6,6,3,63,26,405,3,ECE,1
8.98,6,8,6,0,54,90,446,2,IT,1
6.25,5,9,3,0,15,85,464,6,CIVIL,1
6.88,3,6,0,0,97,73,86,1,IT,1
7.21,0,7,7,3,80,79,168,8,MECH,1
6.89,6,6,5,2,74,93,167,4,ECE,1
9.91,6,8,5,0,18,65,453,1,IT,1
9.51,1,0,2,2,82,19,367,1,CSE,1
8.14,3,2,0,3,61,7,132,8,MECH,1
5.62,6,7,4,1,93,33,197,2,IT,1
7.1,1,7,8,1,16,66,275,2,MECH,1
9.36,5,3,1,1,46,45,394,8,ECE,1
7.87,0,1,3,3,81,8,395,4,IT,1
9.67,5,5,7,0,24,83,261,5,IT,1
9.33,6,5,7,0,76,83,321,7,MECH,1
8.89,3,3,1,1,94,53,156,1,ECE,1
6.78,6,4,1,3,88,22,240,5,IT,1
6.93,0,4,4,1,77,73,264,3,CSE,1
9.53,3,2,4,2,15,62,74,6,IT,1
6.42,5,6,2,0,100,65,91,5,CIVIL,1
6.8,0,0,6,3,85,69,348,7,CIVIL,1
8.66,5,3,5,1,80,46,82,4,MECH,1
8.33,5,7,7,3,97,62,248,4,IT,1
9.34,2,10,0,1,82,56,245,6,CSE,1
7.27,3,8,2,2,54,42,246,7,MECH,0
7.66,5,4,6,0,8,55,334,4,CSE,1
8.75,1,0,6,2,97,24,377,1,IT,1
6.49,5,8,6,2,52,73,71,5,CIVIL,1
6.46,5,4,6,1,10,16,37,6,IT,1
6.18,4,1,1,0,54,78,421,8,MECH,1
5.86,6,10,0,2,76,48,81,1,CIVIL,1
9.81,6,2,5,0,45,51,478,2,MECH,1
8.62,2,8,4,0,40,82,16,7,ECE,1
8.24,2,0,1,1,4,85,494,3,ECE,1
8.41,5,8,2,3,45,96,466,4,MECH,1
6.26,3,1,3,1,61,6,432,4,ECE,1
7.92,3,7,5,3,18,32,189,1,CSE,1
7.39,4,8,2,0,79,21,114,3,CIVIL,1
8.09,6,10,2,3,16,46,394,6,CSE,1
9.8,2,3,0,2,34,32,85,5,ECE,1
6.22,6,7,3,0,6,47,491,5,CIVIL,1
8.55,0,1,5,0,11,45,2,8,IT,1
5.8,5,5,1,3,34,82,467,6,CIVIL,1
6.72,4,3,2,3,47,5,308,2,CIVIL,1
8.4,0,3,5,3,83,70,355,7,ECE,1
6.08,5,2,4,0,38,76,382,7,MECH,0
9.74,4,0,0,3,47,90,93,3,IT,1
8.72,1,2,5,2,45,43,14,1,CSE,1
9.83,5,3,7,1,24,31,183,6,CIVIL,1
7.55,5,6,6,0,16,35,128,5,MECH,1
8.77,1,5,4,0,45,18,232,1,MECH,1
6.59,1,2,3,3,9,20,333,8,MECH,1
8.75,4,4,4,3,67,99,25,4,CIVIL,1
5.61,3,10,6,2,65,59,84,2,IT,1
8.94,3,9,2,1,90,11,431,4,ECE,1
7.66,1,10,8,3,56,23,335,2,IT,1
8.05,6,5,5,2,68,28,364,1,ECE,1
9.81,1,4,0,0,48,60,67,6,MECH,1
5.65,0,9,6,2,83,55,405,1,CSE,1
6.24,2,5,6,3,19,52,141,2,MECH,1
5.72,5,2,0,2,95,65,333,5,IT,1
7.57,4,8,1,1,40,99,272,4,MECH,1
9.21,2,0,2,3,86,24,489,5,ECE,1
9.55,0,5,4,1,41,100,189,3,IT,1
9.31,3,10,0,3,38,50,360,3,ECE,1
7.34,5,5,3,1,47,25,391,2,CSE,1
7.28,4,5,4,2,98,77,136,4,CIVIL,1
8.28,6,6,2,0,66,49,193,6,MECH,1
7.09,0,8,2,0,51,69,235,5,CSE,1
6.06,4,10,1,3,49,35,420,1,ECE,1
9.81,6,10,8,0,48,99,165,6,CIVIL,1
8.91,0,5,2,3,49,12,202,3,CIVIL,1
6.74,5,10,2,3,2,22,37,3,CIVIL,1
5.68,5,7,5,3,10,56,177,5,IT,1
7.51,3,5,2,3,29,29,468,3,CSE,1
5.94,1,2,0,1,64,27,59,2,CIVIL,1
6.59,3,5,5,0,76,94,129,6,MECH,1
7.18,3,0,0,3,58,83,478,4,CSE,1
9.96,3,8,4,3,7,11,296,5,CSE,1
9.36,4,8,7,1,1,8,174,3,IT,1
9.62,0,9,1,1,36,39,145,3,IT,1
9.8,3,8,3,0,58,70,146,4,IT,1
8.75,0,3,5,0,80,57,249,7,ECE,1
9.35,3,2,2,3,9,51,294,7,CSE,1
8.5,5,7,6,0,100,70,174,5,CIVIL,1
8.82,3,6,8,1,24,66,164,1,CIVIL,1
5.63,0,10,0,2,58,57,343,8,IT,1
8.09,3,8,0,3,36,52,153,7,CSE,1
8.38,1,5,6,0,77,34,99,4,MECH,1
5.9,0,1,6,0,77,62,398,6,CIVIL,1
9.83,4,5,8,2,18,90,450,7,MECH,1
6.06,4,6,6,0,70,40,184,6,CSE,1
5.97,4,6,0,3,12,56,177,8,CIVIL,1
6.12,6,10,2,0,77,14,210,2,IT,1
6.09,4,0,4,0,75,44,183,6,IT,1
5.65,1,1,0,3,13,22,446,8,CSE,1
6.67,6,9,5,0,50,2,312,6,IT,1
7.58,5,1,2,1,39,58,142,2,ECE,1
9.86,4,5,1,1,42,68,35,1,CIVIL,1
8.1,5,0,4,1,10,18,496,1,IT,1
7.95,5,3,4,3,92,3,349,6,MECH,1
5.53,4,3,3,0,43,31,126,5,MECH,1
8.13,6,7,2,1,71,42,42,4,IT,1
7.81,4,7,1,3,23,58,7,5,IT,1
6.82,1,10,7,0,44,78,31,8,CIVIL,1
8.43,5,6,0,0,75,78,284,8,IT,1
9.93,5,4,1,1,61,6,114,1,CSE,1
6.45,1,9,8,1,44,97,253,4,ECE,1
6.63,3,2,5,2,38,64,104,4,CSE,1
9.46,6,8,2,2,81,25,216,3,CIVIL,1
9.36,0,6,5,3,62,63,343,6,IT,1
9.23,3,4,2,2,39,19,273,5,MECH,1
6.3,2,10,8,1,7,64,186,3,CSE,1
9.74,5,10,5,1,98,29,128,3,CSE,1
9.01,0,6,0,1,31,30,282,7,CSE,1
9.07,3,3,6,3,23,28,274,5,IT,1
7.12,2,5,3,0,73,34,395,2,ECE,1
9.71,6,8,7,3,67,71,7,8,CIVIL,1
7.79,1,3,2,2,18,22,406,8,IT,1
7.12,2,8,3,0,82,16,224,3,CIVIL,1
7.64,3,4,8,2,18,33,272,2,MECH,1
8.54,0,5,8,2,21,56,231,3,CIVIL,1
7.51,4,9,4,1,82,1,422,4,MECH,1
7.66,4,6,1,0,95,53,127,1,CSE,1
9.46,5,3,1,1,7,79,89,2,CSE,1
6.79,2,4,4,1,12,50,400,3,ECE,1
5.73,4,7,3,1,30,95,214,8,IT,1
6.84,1,0,1,3,24,56,142,4,CIVIL,1
9.85,3,6,8,0,44,62,481,5,CSE,1
8.97,2,4,8,0,43,8,132,7,IT,1
9.68,1,2,1,1,91,49,108,3,ECE,1
5.62,4,8,3,3,26,26,90,5,IT,1
6.16,1,2,7,3,17,28,157,4,IT,1
5.63,1,10,4,2,81,9,165,3,ECE,1
5.72,4,7,5,1,21,27,239,4,ECE,1
6.14,2,7,8,0,24,11,490,4,CIVIL,1
8.13,2,2,1,1,29,22,168,2,MECH,1
6.1,4,0,1,3,64,42,223,7,CIVIL,1
8.21,0,7,3,2,96,73,346,6,CSE,1
7.2,3,1,7,1,13,28,243,3,ECE,1
9.51,1,7,2,0,76,26,382,4,CSE,1
9.53,1,1,1,2,90,0,187,1,IT,1
5.75,5,7,0,2,87,35,77,8,IT,1
7.67,6,8,7,2,21,9,51,7,CSE,1
6.93,5,10,5,0,99,82,40,4,ECE,1
9.73,0,4,7,1,30,60,151,5,MECH,1
5.55,1,2,6,1,71,47,107,6,IT,1
7.94,5,10,1,3,65,5,490,7,MECH,1
8.7,4,2,4,0,80,72,403,6,CSE,1
5.69,2,4,0,2,87,33,165,8,CIVIL,1
8.45,1,6,6,3,87,11,219,6,CSE,1
8.16,3,3,6,1,84,61,79,3,ECE,1
6.35,4,9,2,3,73,4,10,4,CIVIL,1
6.78,2,3,0,3,93,90,313,3,CIVIL,1
5.94,2,1,5,2,27,59,281,3,MECH,1
6.9,4,8,3,0,78,35,328,6,MECH,1
8.02,4,7,8,2,93,90,403,5,MECH,1
7.98,2,7,1,1,69,57,40,4,CIVIL,1
7.91,2,10,8,0,87,50,473,4,CSE,1
7.56,5,7,3,1,2,12,230,3,MECH,1
8.4,2,3,6,2,53,97,384,3,CIVIL,1
6.62,2,5,2,2,45,54,484,3,ECE,1
6.75,0,10,5,3,55,69,3,6,CIVIL,1
9.06,2,10,2,0,1,10,418,1,CIVIL,1
8.03,0,0,7,1,7,4,487,2,IT,1
7.75,4,9,1,0,84,89,172,4,CSE,1
9.44,5,3,4,3,6,34,304,8,IT,1
6.27,1,7,6,2,41,33,404,8,ECE,1
5.82,5,8,8,2,9,66,296,2,CIVIL,1
5.51,3,7,4,2,18,60,236,7,ECE,1
9.57,1,4,1,3,58,26,413,5,CIVIL,1
9.46,1,8,0,3,37,86,246,4,ECE,1
9.38,6,7,0,3,78,53,267,8,ECE,1
5.63,1,8,1,0,42,33,419,3,CSE,1
6.47,4,10,2,0,3,29,110,6,CIVIL,1
9.68,0,1,7,0,49,80,182,5,IT,1
9.24,5,8,6,2,49,100,405,6,ECE,1
6.53,1,7,5,0,99,38,417,3,CIVIL,1
7.51,1,5,7,1,0,26,469,2,CIVIL,1
8.41,6,10,5,1,15,34,220,8,ECE,1
6.52,2,6,6,3,97,79,213,3,CSE,1
7.47,3,10,1,0,80,83,84,8,CIVIL,1
8.32,0,8,7,2,31,52,468,7,CSE,1
6.86,0,5,7,2,88,37,364,1,MECH,1
6.55,3,6,5,3,24,98,62,5,ECE,1
6.18,4,2,5,1,44,31,220,8,IT,1
7.1,1,5,2,1,64,31,308,8,CIVIL,1
8.35,3,6,1,0,100,62,143,2,CIVIL,1
8.61,3,4,3,3,34,28,101,7,IT,1
7.22,4,9,8,3,62,27,497,8,ECE,1
9.41,4,7,5,2,58,48,19,8,IT,1
7.17,5,3,1,0,2,60,190,8,ECE,1
7.36,5,5,8,3,13,40,419,6,ECE,1
7.24,0,8,0,2,24,8,293,1,MECH,0
9.57,1,5,6,3,61,55,187,2,IT,1
8.83,6,2,7,2,37,89,454,2,CIVIL,1
7.92,3,10,3,3,70,29,87,2,ECE,1
7.77,6,5,3,3,78,65,262,2,IT,1
6.29,2,4,3,0,73,94,176,1,ECE,1
6.3,1,5,0,0,84,65,406,7,CIVIL,1
9.71,6,6,5,3,60,55,276,3,CIVIL,1
8.51,0,8,3,3,50,39,27,5,CSE,1
7.8,0,3,4,2,35,88,336,6,MECH,1
8.48,3,1,6,1,99,18,397,7,MECH,1
9.67,4,8,3,2,9,11,186,7,IT,1
9.91,5,4,1,0,84,76,491,4,ECE,1
8.48,6,7,4,3,100,22,128,5,CSE,1
6.53,6,7,1,3,13,16,330,3,ECE,1
6.22,6,5,1,1,0,2,350,3,CSE,1
6.57,1,0,1,2,82,90,433,7,CSE,1
6.49,6,6,7,1,18,62,391,4,CSE,1
7.44,6,3,6,0,85,45,90,5,CIVIL,1
7.4,6,8,6,1,38,16,236,5,MECH,1
9.05,5,9,4,3,57,70,208,8,CSE,1
8.25,2,10,2,3,63,2,66,5,ECE,1
5.67,3,3,0,0,94,24,350,5,MECH,1
5.67,5,1,3,3,52,16,363,5,MECH,1
9.37,3,7,0,2,9,100,247,1,ECE,1
6.56,4,3,4,1,50,30,436,7,CSE,1
6.89,1,4,6,3,53,8,293,1,CIVIL,1
8.09,3,9,4,1,51,69,270,2,ECE,1
6.84,3,0,0,2,3,73,242,2,CIVIL,1
6.1,5,8,6,1,74,32,464,5,MECH,1
8.96,3,6,8,1,35,73,185,8,MECH,1
7.76,3,7,6,2,80,59,118,5,IT,1
7.9,1,9,6,0,30,1,80,6,MECH,1
5.88,0,5,1,2,94,74,374,7,CIVIL,1
6.88,0,4,8,3,57,47,139,6,ECE,1
8.89,3,7,3,1,9,74,356,6,IT,1
7.88,2,4,4,0,41,71,243,6,ECE,1
6.43,0,0,5,3,53,64,99,6,ECE,1
7.07,3,6,7,2,96,38,165,7,CSE,1
7.8,1,2,2,0,57,12,443,7,CSE,1
9.01,1,1,6,3,74,15,153,1,IT,1
7.69,0,2,6,1,100,66,100,3,CIVIL,0
6.5,0,10,7,2,81,76,276,8,MECH,1
6.18,3,4,6,3,22,59,465,2,MECH,1
7.55,0,7,4,1,46,51,396,4,IT,1
9.2,3,2,8,3,4,71,404,3,MECH,1
8.55,4,10,5,3,50,2,111,3,CSE,1
6.24,1,3,5,1,22,51,183,4,IT,1
9.29,4,8,4,1,19,12,23,3,IT,1
7.34,2,10,2,0,42,28,269,4,ECE,1
8.27,5,3,4,1,42,72,344,3,ECE,1
7.94,4,4,4,3,31,33,194,1,CSE,1
7.72,3,6,4,1,72,82,444,7,IT,1
7.39,3,5,6,3,90,79,171,2,ECE,1
7.43,3,10,0,3,49,14,468,5,ECE,1
7.36,6,6,8,2,94,66,421,7,CSE,1
7.19,6,7,7,1,62,93,329,7,CSE,1
6.23,6,9,1,3,45,87,217,2,CSE,1
6.25,0,6,5,2,79,47,358,1,CSE,1
7.0,4,9,1,2,76,56,37,4,MECH,1
8.39,2,9,4,3,22,46,240,5,CIVIL,1
7.63,4,0,2,2,82,97,77,2,CSE,1
9.52,3,4,5,2,64,68,292,3,MECH,1
8.93,6,8,8,3,61,43,108,3,ECE,1
5.61,1,0,8,0,87,37,336,4,ECE,1
7.62,4,3,2,2,24,3,354,4,IT,1
7.43,5,1,3,1,83,13,179,6,CSE,1
7.16,1,0,1,0,26,51,53,1,MECH,1
9.51,2,4,1,3,4,6,347,5,CIVIL,1
5.97,6,2,5,1,95,91,7,7,CIVIL,1
7.73,5,10,8,0,57,27,277,4,MECH,1
5.99,4,1,6,3,41,13,132,7,ECE,1
8.96,2,1,7,1,44,41,38,3,CSE,1
5.88,5,3,6,2,57,95,462,5,CIVIL,1
7.16,0,10,4,2,8,60,251,4,IT,1
7.32,2,6,1,1,97,5,106,7,MECH,0
8.86,6,8,3,2,55,99,241,2,ECE,1
8.99,0,1,4,1,42,73,441,2,IT,0
7.14,0,5,1,0,87,8,47,3,CIVIL,1
7.54,4,10,7,3,56,88,80,1,MECH,1
7.05,1,9,0,1,95,96,220,1,MECH,1
5.77,4,4,8,2,39,17,137,7,MECH,1
6.4,6,7,6,1,58,70,473,7,CIVIL,1
7.9,5,0,7,1,75,38,233,3,CIVIL,1
6.34,5,5,0,3,21,47,32,1,IT,1
6.31,0,4,2,1,44,3,428,6,ECE,1
7.17,1,3,4,3,86,89,388,7,ECE,1
6.73,5,6,3,3,80,3,362,4,CSE,1
6.97,5,8,7,0,44,54,52,8,ECE,1
7.62,1,3,5,3,80,58,181,3,CSE,1
8.87,4,0,5,3,90,27,42,6,CIVIL,1
9.0,1,4,1,0,20,60,30,7,ECE,1
5.96,2,7,7,1,40,79,187,4,ECE,1
7.3,6,0,1,2,40,72,54,6,IT,1
9.84,4,4,5,0,0,57,63,7,IT,1
7.25,4,2,6,2,35,100,202,5,IT,1
7.95,2,6,0,2,98,43,188,3,MECH,1
6.82,4,9,1,2,8,37,376,5,IT,1
9.02,2,5,0,2,57,79,345,3,CSE,1
9.02,2,6,3,3,21,4,465,5,CSE,1
8.44,4,9,3,2,98,98,184,4,MECH,1
6.75,2,9,1,3,20,49,439,6,IT,1
7.01,6,3,4,0,59,98,3,2,CSE,1
7.56,4,7,6,3,30,39,142,5,MECH,1
9.99,5,4,8,0,1,18,132,3,CIVIL,1
8.0,5,10,5,3,82,52,343,5,MECH,1
6.15,4,4,0,1,83,14,163,3,ECE,1
6.16,2,3,6,1,78,73,98,5,MECH,1
7.58,4,3,0,1,27,76,334,6,ECE,1
8.96,1,10,4,3,36,75,274,6,CSE,1
5.97,6,9,0,2,55,29,86,5,CIVIL,1
5.84,0,1,8,0,84,99,300,8,ECE,1
6.68,1,6,0,1,11,74,154,7,CSE,1
6.91,5,9,4,3,62,82,160,2,IT,1
9.52,5,4,3,2,76,39,117,6,CIVIL,1
9.05,3,7,1,1,57,63,467,8,IT,1
7.26,0,5,1,1,69,82,99,8,ECE,1
8.31,2,10,0,0,47,88,64,3,MECH,1
7.31,0,0,6,1,75,97,441,2,ECE,1
9.35,4,1,5,1,99,75,493,2,MECH,1
9.76,3,2,7,0,25,62,288,4,ECE,1
6.53,0,10,4,2,59,58,219,2,CSE,1
6.95,3,10,4,2,36,2,259,1,CIVIL,1
7.28,5,3,4,0,85,63,382,5,MECH,1
5.72,0,7,5,2,66,90,410,6,CSE,1
9.86,5,1,3,2,45,76,144,7,ECE,1
8.17,6,10,3,2,90,80,82,7,CSE,1
8.83,1,5,3,3,73,83,313,3,CIVIL,1
8.89,3,6,5,3,33,69,379,4,CIVIL,1
6.0,4,7,2,1,45,45,152,6,MECH,1
7.07,4,2,0,1,28,22,75,3,IT,1
8.83,6,3,6,0,85,22,349,5,MECH,1
9.17,1,6,8,3,20,76,413,5,CSE,1
8.04,2,9,3,1,35,35,382,3,CSE,1
6.49,6,6,3,2,23,54,313,6,CSE,1
6.68,3,4,5,3,10,35,129,2,CIVIL,1
9.97,4,8,2,1,55,8,223,8,IT,1
8.84,6,7,1,1,59,40,110,2,ECE,1
6.81,2,3,5,1,85,9,363,7,ECE,1
6.65,1,0,6,1,81,53,430,7,ECE,1
9.33,5,7,6,3,15,87,175,6,IT,1
9.36,1,0,0,1,42,87,374,2,CIVIL,1
6.13,3,1,0,3,68,24,285,2,CIVIL,1
10.0,0,5,3,3,57,79,500,3,CIVIL,1
6.33,1,1,0,1,7,18,197,7,ECE,1
5.95,3,1,8,2,26,67,110,6,MECH,1
9.23,0,1,0,2,4,100,170,6,IT,1
6.93,4,5,5,1,57,47,441,7,CIVIL,1
6.17,1,1,1,0,6,82,114,5,IT,1
5.96,4,3,1,0,14,14,342,2,CIVIL,1
8.88,0,7,3,0,69,63,221,7,CSE,1
6.72,6,2,8,0,55,53,11,2,ECE,1
9.3,5,7,2,1,57,75,494,8,IT,1
9.29,6,7,7,1,13,82,111,7,MECH,1
6.33,0,2,8,0,44,100,404,5,MECH,1
9.51,4,9,0,1,67,47,278,1,IT,1
5.69,6,1,3,1,62,77,484,2,CIVIL,1
7.14,3,8,2,1,4,96,184,2,ECE,1
6.26,1,1,1,1,47,21,118,1,MECH,1
9.08,0,5,2,2,65,71,476,5,IT,1
6.3,0,10,6,1,10,78,463,5,CIVIL,1
5.78,0,2,1,3,21,90,481,2,ECE,1
9.69,1,1,3,1,15,2,402,8,CIVIL,1
6.57,1,4,7,1,82,4,480,4,MECH,1
6.47,1,7,7,0,41,11,361,4,MECH,1
6.22,5,5,2,3,79,60,376,7,ECE,1
7.59,6,0,2,2,29,13,240,8,ECE,1
5.62,1,6,8,2,45,38,267,7,IT,1
7.01,1,2,8,3,51,1,90,7,MECH,1
9.13,4,0,7,0,84,94,371,5,CIVIL,1
6.12,6,5,7,0,63,61,214,2,IT,1
9.66,2,1,7,2,38,11,435,6,CSE,1
8.19,1,10,0,0,34,71,332,6,CIVIL,1
9.15,3,9,3,1,67,24,342,2,IT,1
9.34,4,3,7,2,62,62,155,6,IT,1
6.59,4,9,5,1,83,32,99,4,CSE,1
5.96,6,6,6,1,13,79,54,4,ECE,1
9.39,5,9,0,1,87,86,332,3,CIVIL,1
8.16,1,10,1,1,4,6,336,8,IT,1
8.39,1,6,1,1,78,40,250,5,ECE,1
7.02,2,9,5,2,46,1,222,2,CIVIL,1
9.39,6,7,6,0,4,59,38,3,ECE,1
9.78,3,3,5,0,42,51,303,3,IT,1
8.71,5,6,6,2,36,30,253,7,ECE,1
7.7,1,2,3,2,34,65,203,5,IT,1
8.51,0,6,4,1,64,94,328,3,IT,1
8.58,2,8,8,1,80,12,48,6,IT,1
6.85,3,9,7,2,67,11,10,2,CSE,1
6.73,3,0,4,1,46,56,19,4,IT,1
8.58,2,8,8,0,53,54,327,7,ECE,1
7.04,3,4,1,1,28,10,350,5,IT,1
8.8,4,4,7,2,9,49,222,1,CIVIL,1
6.05,1,3,1,0,77,16,211,5,IT,1
8.86,6,6,7,1,87,11,1,7,IT,1
5.86,4,10,1,0,68,14,188,2,IT,1
9.63,2,2,7,3,21,48,103,5,IT,1
9.78,3,0,1,1,3,2,329,7,MECH,1
8.13,3,4,6,3,96,5,96,8,ECE,1
9.84,0,3,8,2,43,32,24,5,IT,1
7.0,6,9,1,1,28,78,252,7,CIVIL,1
6.26,5,0,7,2,70,95,455,4,MECH,1
8.67,1,4,1,3,10,77,406,6,ECE,1
8.13,1,4,6,3,74,31,84,4,ECE,1
6.15,0,0,5,3,85,83,4,7,ECE,1
5.81,6,10,3,2,43,11,347,5,ECE,1
8.04,4,9,7,2,61,16,142,2,MECH,1
5.58,4,3,3,2,41,80,14,1,CIVIL,1
8.59,6,2,1,2,37,98,49,7,CSE,1
7.82,1,1,5,3,87,64,473,7,MECH,1
9.94,1,0,0,2,77,89,446,6,IT,1
7.43,5,9,3,1,46,98,115,5,IT,1
7.88,6,8,7,0,12,53,256,8,CIVIL,1
7.19,2,4,3,1,51,7,58,5,MECH,1
9.8,5,10,4,3,53,4,145,5,ECE,1
7.42,1,2,4,2,65,19,232,3,MECH,1
9.03,5,0,0,1,75,44,3,4,IT,1
8.81,4,3,1,3,81,65,168,7,IT,1
9.48,4,4,0,3,3,92,42,2,ECE,1
9.82,5,2,1,1,74,22,196,6,ECE,1
8.3,1,8,7,1,30,2,356,7,ECE,1
8.69,2,8,3,1,55,44,358,7,CIVIL,1
5.61,1,2,3,1,23,18,87,1,IT,1
7.79,2,3,4,1,11,49,135,4,CSE,1
6.45,0,8,3,0,82,86,304,1,MECH,1
8.44,2,5,7,0,44,97,493,3,CSE,1
8.1,4,0,1,0,46,35,380,5,IT,1
7.06,4,9,4,2,14,50,245,4,CIVIL,1
8.43,0,1,6,0,12,63,123,4,CSE,1
8.1,2,4,0,3,16,23,236,1,CSE,1
6.47,5,2,4,1,84,43,82,1,ECE,1
9.08,1,5,0,3,45,23,253,7,IT,1
5.67,0,5,2,2,66,84,337,8,IT,1
6.6,5,4,5,3,50,34,235,6,ECE,1
9.58,5,2,2,3,97,93,203,3,IT,1
8.41,0,1,1,0,42,17,269,4,MECH,1
8.42,2,6,6,3,36,69,350,2,IT,1
6.74,0,10,4,2,59,68,34,4,ECE,1
8.96,0,4,5,1,8,25,146,1,IT,1
5.65,6,1,0,3,53,91,227,5,CIVIL,1
8.53,2,8,6,0,82,90,157,8,CSE,1
9.02,1,2,7,3,91,29,17,4,IT,1
9.42,4,8,3,0,28,53,10,2,CIVIL,1
8.73,0,5,4,3,29,8,257,5,ECE,1
9.8,3,4,3,0,97,69,225,2,MECH,1
6.76,0,9,8,3,95,83,36,6,ECE,1
6.38,0,10,0,2,33,52,144,4,CSE,1
8.59,3,6,2,1,32,80,429,3,MECH,1
7.45,1,6,3,3,12,36,27,8,CIVIL,1
6.73,6,4,3,0,81,5,234,1,IT,1
6.19,6,8,3,3,47,1,78,8,CIVIL,1
8.26,0,3,3,1,46,1,38,2,CSE,1
6.45,0,4,3,1,34,86,264,1,CSE,1
5.65,4,3,7,3,18,3,348,1,ECE,1
6.98,5,8,5,0,28,66,346,3,CSE,1
6.01,1,8,6,0,46,43,271,4,CSE,1
8.88,2,9,1,1,55,40,369,3,CIVIL,1
6.26,0,10,8,3,4,86,200,7,ECE,1
9.93,3,2,3,0,90,80,314,7,IT,1
9.31,4,8,0,2,59,45,1,4,CSE,1
6.43,5,3,2,1,25,84,419,6,MECH,1
9.69,5,5,3,1,14,42,240,1,CSE,1
7.46,4,1,4,0,63,18,236,6,CSE,1
6.46,2,4,2,0,4,41,193,3,CSE,1
7.52,3,6,5,1,38,80,256,5,CIVIL,1
9.57,0,3,1,0,89,49,373,8,ECE,1
8.68,4,6,1,0,20,54,268,5,CIVIL,1
6.73,2,0,6,2,76,53,240,7,MECH,1
6.33,6,0,6,1,100,68,434,5,IT,1
8.56,6,5,2,1,86,66,28,3,MECH,1
5.77,5,2,0,0,82,65,321,6,MECH,1
8.87,3,5,8,3,18,57,220,6,MECH,1
9.82,5,8,3,1,95,41,149,1,CSE,1
5.89,5,6,5,0,4,71,174,4,CIVIL,1
7.32,0,2,5,2,18,1,379,1,ECE,1
7.29,4,10,8,2,58,85,301,6,IT,1
7.98,2,6,8,3,76,43,464,5,CIVIL,1
5.79,2,6,1,1,75,22,134,2,CIVIL,1
6.88,6,9,1,3,22,14,415,3,CSE,1
6.84,6,10,1,2,60,7,319,4,CSE,1
7.89,2,10,7,1,16,35,482,7,MECH,1
7.41,0,6,1,3,66,13,353,6,MECH,1
6.75,6,10,0,1,54,82,455,6,CSE,1
7.51,1,9,3,3,84,20,214,8,IT,1
9.7,2,2,3,0,29,97,404,3,ECE,1
9.48,1,3,5,3,85,84,405,3,MECH,1
8.93,6,2,4,2,82,10,352,6,CIVIL,1
6.88,4,1,6,3,67,37,451,7,IT,1
7.86,3,6,8,0,89,78,383,8,MECH,1
7.48,6,6,4,3,60,7,115,5,CIVIL,1
5.62,5,9,2,0,54,96,84,4,MECH,1
7.87,5,7,1,3,19,40,438,1,MECH,1
7.22,1,0,6,2,4,36,271,7,IT,1
8.15,2,10,7,3,36,72,392,8,IT,1
7.92,6,10,8,3,14,30,461,6,IT,1
7.54,3,2,0,1,90,76,209,3,CIVIL,1
6.5,5,9,7,3,53,96,8,6,CSE,1
6.21,6,6,2,3,55,28,76,8,IT,1
8.68,2,5,2,0,83,90,227,2,CIVIL,1
5.72,0,6,4,0,35,23,456,5,ECE,1
8.22,4,8,2,3,70,12,493,4,ECE,1
9.13,5,8,6,2,0,23,359,6,MECH,1
6.55,1,2,8,3,26,70,54,3,CIVIL,1
8.61,6,7,8,3,16,96,104,1,ECE,1
7.22,6,3,0,0,64,70,238,1,IT,1
6.22,4,10,4,3,62,97,485,6,MECH,1
9.16,4,5,5,0,71,61,493,1,ECE,1
6.21,6,2,8,2,77,37,225,6,ECE,1
7.07,1,4,0,1,65,6,312,6,MECH,1
9.42,1,0,8,0,64,20,355,5,CIVIL,1
6.19,6,2,1,3,54,60,33,7,MECH,1
9.8,4,5,5,0,54,98,485,1,MECH,1
6.25,5,9,3,0,41,86,248,6,CIVIL,1
6.92,1,4,5,3,82,41,19,5,IT,1
7.29,3,1,5,1,73,6,12,8,ECE,1
7.56,2,4,8,3,82,63,275,4,IT,1
8.37,3,8,6,1,28,39,235,3,CIVIL,1
9.69,6,0,8,2,16,76,452,6,CIVIL,1
7.98,1,4,8,0,11,2,208,5,IT,1
9.7,5,6,3,0,83,52,73,5,MECH,1
9.32,2,4,6,0,3,24,152,7,CIVIL,1
8.21,6,9,0,3,99,78,34,7,CIVIL,1
7.09,0,8,6,0,52,1,217,8,MECH,1
7.96,4,1,5,2,52,63,247,8,CSE,1
5.83,2,2,4,0,99,45,473,1,ECE,1
5.76,0,6,7,2,23,0,480,8,IT,1
5.7,2,8,4,3,59,16,306,3,ECE,1
9.52,6,6,2,2,59,57,258,8,CSE,1
7.92,4,8,2,0,2,29,486,3,MECH,1
9.1,4,2,2,3,51,35,309,8,IT,1
8.67,6,2,8,1,75,88,435,4,ECE,1
9.06,0,2,6,3,68,1,104,7,CIVIL,1
9.99,0,7,8,3,68,1,151,2,ECE,1
6.22,5,5,1,3,5,76,254,5,MECH,1
8.27,6,3,4,1,47,41,300,1,MECH,1
8.5,6,9,6,1,23,1,110,4,CSE,1
8.98,0,2,5,1,84,19,39,7,CSE,1
8.31,5,8,3,0,3,24,482,3,IT,1
9.49,4,5,0,1,21,95,81,6,CIVIL,1
7.39,2,2,8,1,1,63,172,8,CIVIL,1
9.86,6,6,3,0,26,84,408,6,MECH,1
6.51,3,10,7,0,86,83,188,8,MECH,1
6.42,6,7,7,1,37,86,289,7,CSE,1
7.36,0,6,0,3,59,78,343,5,MECH,1
9.76,4,8,0,0,16,18,0,6,IT,1
6.38,3,7,7,2,4,33,81,3,ECE,1
8.76,1,4,5,0,25,83,49,6,IT,1
9.23,5,6,7,2,34,59,84,7,IT,1
7.69,0,0,8,3,95,76,496,2,MECH,1
8.15,3,10,2,3,42,77,444,6,ECE,1
6.25,0,1,6,0,75,66,3,3,CSE,1
6.32,6,6,6,0,21,16,98,4,ECE,1
9.29,4,5,2,0,43,62,467,7,CIVIL,1
7.07,1,0,2,2,39,6,283,6,IT,1
5.57,5,5,6,0,52,84,493,4,ECE,1
6.71,6,6,7,1,48,10,31,5,CSE,1
7.43,0,6,5,1,92,81,26,4,CIVIL,1
8.39,1,8,7,0,5,44,425,5,MECH,1
6.12,5,0,0,2,86,39,57,4,MECH,1
9.84,1,0,3,1,90,35,139,1,MECH,1
7.35,2,8,0,3,34,10,294,4,CSE,1
5.6,3,10,4,3,77,11,21,1,CSE,1
6.51,0,5,1,1,96,28,163,4,CIVIL,1
7.87,4,2,0,0,91,49,189,4,CIVIL,1
9.27,6,0,5,3,73,15,52,4,MECH,1
5.72,6,9,4,0,85,17,375,8,CIVIL,1
8.34,6,2,8,0,30,24,164,7,IT,1
9.68,1,5,6,3,86,61,388,4,CIVIL,1
7.89,3,4,0,3,88,45,343,3,CIVIL,1
9.0,1,7,6,0,70,7,366,1,IT,1
5.67,2,0,6,1,39,78,168,6,MECH,1
8.8,6,8,5,3,48,25,137,1,MECH,1
7.62,2,3,1,3,49,45,166,1,CSE,1
7.4,6,2,5,1,43,69,41,8,CIVIL,1
9.18,0,4,8,3,3,47,304,3,MECH,1
9.18,5,8,7,0,47,77,305,7,MECH,1
7.12,1,6,0,2,59,94,174,7,MECH,1
9.27,5,2,4,3,15,47,97,4,CIVIL,1
9.45,5,9,7,0,74,100,409,3,IT,1
7.11,1,3,0,3,41,36,188,6,CIVIL,1
8.29,2,8,8,0,61,89,131,3,IT,1
6.97,4,4,3,3,83,100,24,5,IT,1
9.03,0,9,5,3,71,35,81,1,MECH,1
5.92,0,2,2,3,2,78,65,8,MECH,1
8.09,0,0,1,0,94,95,179,6,ECE,1
9.79,5,10,1,3,55,46,393,4,MECH,1
8.57,6,6,6,2,52,64,111,1,CSE,1
7.43,0,6,4,0,7,84,278,3,ECE,1
6.29,5,7,4,3,16,84,392,6,MECH,1
8.99,1,4,6,2,69,22,398,5,MECH,1
8.06,1,6,2,1,82,66,266,4,CIVIL,1
6.25,4,3,7,3,67,22,196,3,CSE,1
9.07,0,5,7,2,11,0,358,4,CSE,1
9.78,3,10,5,2,0,47,337,5,IT,1
6.31,4,3,1,3,19,17,185,4,IT,1
8.14,6,9,8,3,98,40,181,5,ECE,1
9.33,2,3,5,2,1,28,432,3,ECE,1
9.53,1,8,6,1,68,89,169,8,CIVIL,1
6.53,2,6,2,2,30,6,408,1,IT,1
6.81,0,1,5,3,36,39,224,1,MECH,1
7.04,6,0,3,0,1,27,72,7,ECE,1
9.5,2,8,1,3,84,4,250,6,ECE,1
8.08,0,8,6,2,33,92,452,5,MECH,1
9.94,6,3,1,3,16,90,324,5,CIVIL,1
8.76,1,7,2,1,33,13,320,3,CIVIL,1
5.75,4,7,1,1,16,93,28,3,IT,1
8.65,5,9,7,0,90,75,210,1,ECE,1
7.74,0,7,4,2,83,75,393,4,IT,1
9.33,0,4,2,0,37,18,434,1,CIVIL,1
9.52,5,10,2,0,36,62,155,2,CIVIL,1
9.75,5,1,4,2,29,59,391,8,MECH,1
6.26,5,3,2,2,60,51,428,8,ECE,1
9.53,0,5,1,0,57,61,113,1,ECE,1
9.98,0,7,1,3,59,84,292,8,MECH,1
7.47,0,6,5,3,65,16,227,4,IT,1
8.1,4,8,0,1,11,40,466,7,CSE,1
6.12,3,1,3,0,55,44,389,2,IT,1
9.14,3,9,4,0,47,43,226,3,CIVIL,1
6.92,6,8,2,1,2,97,96,4,CSE,1
5.75,5,5,7,3,12,23,288,5,ECE,1
7.22,5,4,2,3,21,91,239,5,IT,1
8.81,6,6,4,1,83,17,216,5,MECH,1
7.68,4,10,7,3,14,71,279,4,MECH,1
6.84,2,10,4,1,17,97,485,4,ECE,1
9.81,6,10,5,3,3,79,215,1,MECH,1
6.94,2,3,2,3,51,48,473,2,ECE,1
7.51,5,4,3,0,10,40,438,8,MECH,1
9.27,2,0,5,0,86,18,279,8,ECE,1
6.9,5,0,1,2,36,28,252,7,CIVIL,1
7.51,1,0,8,0,51,46,380,5,ECE,1
9.43,0,6,3,0,43,45,497,4,CIVIL,1
8.93,0,4,3,0,27,73,186,6,CIVIL,1
5.9,4,10,1,3,75,100,61,8,CIVIL,1
6.02,3,10,1,3,19,54,287,3,CSE,1
8.81,0,4,3,3,43,87,388,5,MECH,1
9.55,6,7,8,3,4,48,70,6,IT,1
8.59,5,10,0,3,18,100,218,2,ECE,1
8.16,1,3,4,2,3,67,206,7,ECE,1
5.74,0,7,8,0,66,86,104,8,ECE,1
9.11,2,6,6,3,19,77,201,1,IT,1
7.16,5,7,6,3,65,93,338,6,IT,1
8.25,5,10,1,2,52,52,425,8,CIVIL,1
9.71,6,10,7,0,73,88,452,8,CIVIL,1
8.9,1,7,0,3,35,75,286,6,MECH,1
7.99,1,6,6,0,88,1,385,2,ECE,1
9.06,4,2,6,1,0,60,28,8,IT,1
5.75,1,10,4,3,64,38,446,2,ECE,1
9.74,0,4,3,3,97,96,344,2,IT,1
9.5,5,9,7,3,91,39,94,8,ECE,1
7.81,2,1,5,1,31,11,167,7,IT,1
8.96,4,8,6,2,24,48,385,5,CSE,1
5.8,0,2,3,1,91,58,255,4,CSE,1
8.29,3,2,3,2,70,100,203,5,CSE,1
7.0,5,8,6,0,1,95,500,3,CSE,1
7.39,4,10,5,1,28,28,23,2,MECH,1
6.07,3,8,0,1,3,60,433,8,ECE,1
8.01,1,0,4,3,62,41,25,7,MECH,1
9.63,2,6,0,1,86,60,172,1,IT,1
7.12,2,5,1,2,74,37,117,8,CSE,1
6.89,1,10,3,1,87,45,304,8,CIVIL,1
7.32,0,10,6,3,76,89,202,6,MECH,1
8.78,5,8,5,3,44,95,428,2,IT,1
7.13,5,9,2,0,66,4,367,1,ECE,1
8.98,2,9,0,1,5,17,460,6,MECH,1
6.31,5,6,6,3,76,33,414,6,IT,1
8.47,2,6,6,3,20,67,132,1,ECE,1
7.29,0,5,4,2,63,58,289,2,IT,1
8.41,3,1,0,0,90,42,84,6,MECH,1
5.51,5,4,5,2,8,67,321,6,CSE,1
7.52,0,4,0,2,68,43,353,6,MECH,1
9.18,5,7,1,2,31,2,96,1,IT,1
9.11,4,0,5,0,83,58,313,5,CIVIL,1
9.86,0,6,4,0,43,62,464,1,CSE,1
9.94,4,10,7,3,39,76,148,6,IT,1
6.92,4,9,8,2,84,61,483,6,ECE,1
7.15,0,4,6,3,42,63,212,1,ECE,1
9.15,1,9,8,1,95,2,85,1,ECE,1
6.58,3,2,8,3,75,99,457,2,ECE,1
8.17,3,10,7,0,49,81,376,2,ECE,1
7.0,3,2,1,0,85,46,95,7,CIVIL,1
9.38,4,7,3,3,94,37,3,8,CIVIL,1
8.26,1,8,2,0,100,92,306,7,ECE,1
5.95,2,5,4,3,5,24,155,7,MECH,1
5.82,3,7,2,2,30,94,272,4,MECH,1
9.83,4,8,4,0,50,51,20,5,ECE,1
8.48,0,9,3,3,2,63,381,4,CSE,1
7.57,1,3,7,1,11,99,205,4,MECH,1
5.98,6,3,7,0,94,62,228,2,CSE,1
5.74,1,4,6,1,74,57,256,2,ECE,1
8.6,2,3,4,2,90,43,361,3,CSE,1
7.43,0,9,3,1,18,86,151,1,MECH,1
5.64,3,3,0,2,73,7,307,5,ECE,1
9.14,1,7,8,3,43,87,86,2,CIVIL,1
7.76,0,2,3,3,90,51,144,3,CIVIL,1
9.74,3,3,0,1,80,93,0,6,MECH,1
6.62,2,3,0,1,41,47,271,7,CSE,1
8.01,5,0,1,3,49,54,319,4,CIVIL,1
9.29,2,6,0,2,54,90,78,7,IT,1
5.62,5,8,4,0,87,32,113,4,CIVIL,1
6.34,6,6,4,0,48,84,488,5,CSE,1
6.75,4,2,1,3,47,33,449,3,IT,1
6.98,5,7,7,3,36,10,415,3,IT,1
7.42,3,6,1,2,2,4,75,4,MECH,1
5.83,4,1,4,0,1,91,124,8,CSE,1
8.0,1,0,4,1,47,32,210,5,CSE,1
9.95,0,9,3,0,10,67,39,2,IT,1
7.81,6,7,1,0,9,9,318,3,CIVIL,1
6.72,2,6,5,2,38,37,99,7,MECH,1
8.74,3,3,8,0,35,12,36,6,IT,1
9.84,5,10,4,0,54,77,265,3,IT,1
5.66,1,6,5,3,78,42,406,1,ECE,1
7.19,2,10,6,0,75,93,208,5,CIVIL,1
7.4,4,9,3,2,11,98,100,3,ECE,1
9.57,0,2,6,3,61,15,249,1,MECH,1
8.26,2,10,0,3,1,72,78,1,MECH,1
8.39,6,1,3,3,31,89,148,5,MECH,1
5.91,0,5,6,0,16,21,94,4,ECE,1
5.55,3,4,6,0,12,98,304,2,ECE,1
7.32,1,8,4,0,20,64,180,7,IT,1
6.54,0,2,4,2,67,73,254,3,MECH,1
8.0,0,0,6,1,10,27,484,2,CSE,1
8.21,1,7,5,0,32,25,103,5,CIVIL,1
8.48,0,9,1,1,64,3,216,6,CSE,1
9.11,1,3,0,1,52,61,197,4,ECE,1
7.46,3,3,3,0,50,88,484,8,CIVIL,1
6.74,6,6,0,3,82,97,233,3,CSE,1
6.1,3,6,7,0,0,57,246,4,MECH,1
9.44,1,5,1,3,47,61,450,5,CIVIL,1
5.7,5,6,1,0,29,92,199,5,CSE,1
6.62,5,0,6,1,14,37,489,1,ECE,1
9.72,5,9,7,3,9,17,186,1,ECE,1
6.92,4,0,1,3,81,8,325,5,CSE,1
6.51,2,8,2,0,40,54,31,6,ECE,1
7.5,4,8,0,3,84,64,332,4,ECE,1
7.61,0,5,8,2,5,6,172,3,IT,1
8.55,3,2,1,0,56,48,500,7,CIVIL,1
5.53,4,6,8,0,82,58,104,4,IT,1
6.94,1,3,0,1,22,18,219,8,CIVIL,1
9.85,1,7,1,3,2,74,3,7,CIVIL,1
7.43,0,0,3,1,37,20,499,7,CIVIL,1
6.14,5,4,6,0,86,34,469,7,ECE,1
8.07,5,8,8,0,81,14,32,6,ECE,1
9.58,0,9,8,1,0,38,112,1,MECH,1
6.24,4,3,3,1,11,65,372,8,CSE,1
6.75,1,9,5,2,7,18,345,4,CIVIL,1
6.1,4,1,0,2,15,63,198,4,IT,1
7.89,1,1,4,3,43,40,333,7,ECE,1
6.64,1,8,4,2,35,35,135,4,ECE,1
9.4,0,8,2,1,8,56,221,2,IT,1
5.79,5,8,2,0,12,40,179,1,CSE,1
9.56,0,1,4,2,17,63,400,7,IT,1
6.29,4,1,2,2,81,6,320,2,MECH,1
9.59,4,4,7,1,49,62,379,2,CSE,1
6.4,2,2,5,3,60,21,180,4,IT,1
6.09,1,1,8,0,91,24,153,2,ECE,1
6.65,6,10,2,3,20,98,73,4,MECH,1
8.6,5,9,3,1,67,8,110,4,CIVIL,1
9.57,3,0,6,0,20,37,44,2,CSE,1
6.16,0,7,4,3,42,100,99,3,ECE,1
6.89,3,2,8,2,34,59,351,8,CSE,1
6.18,4,8,2,0,81,39,222,6,ECE,1
7.35,6,4,3,2,89,63,233,1,CSE,1
9.23,2,0,0,3,95,21,464,7,CSE,1
7.85,0,1,7,1,34,90,78,4,CIVIL,1
5.91,5,6,4,1,70,49,460,6,CIVIL,1
9.64,2,7,8,3,88,85,156,8,CIVIL,1
10.0,2,2,5,1,6,98,49,4,IT,1
7.28,3,3,7,2,85,28,350,5,IT,1
8.9,6,0,8,3,34,54,339,4,ECE,1
8.45,0,2,6,1,10,36,400,6,IT,1
6.53,6,8,5,0,28,6,469,6,IT,1
8.05,2,7,0,0,74,91,440,3,MECH,1
6.73,1,7,2,1,16,4,464,8,CSE,1
9.44,4,1,5,0,2,48,278,4,CIVIL,1
9.46,1,1,2,2,63,12,343,5,CSE,1
5.82,3,6,4,0,33,100,462,3,ECE,1
6.15,5,1,5,1,38,45,150,2,CIVIL,1
7.09,5,4,7,0,17,25,14,2,MECH,1
5.7,3,1,1,2,24,0,103,4,ECE,1
6.68,0,10,7,2,12,31,24,6,MECH,1
9.54,2,9,8,3,35,47,148,3,CIVIL,1
9.82,1,6,5,2,69,22,348,5,ECE,1
5.86,3,1,7,0,45,82,405,5,IT,1
6.94,4,4,1,0,65,78,13,7,CSE,1
8.42,4,6,8,1,74,96,488,1,ECE,1
6.0,0,2,7,0,11,61,180,2,MECH,1
6.65,3,7,1,2,42,66,226,6,CSE,1
9.14,6,7,8,3,47,79,403,4,IT,1
7.35,5,0,4,1,100,45,394,3,CIVIL,1
7.63,4,0,5,2,11,39,75,7,CSE,1
7.72,5,6,2,1,57,46,2,7,MECH,1
6.33,1,1,6,0,60,83,297,2,MECH,1
5.67,4,6,6,2,52,96,480,2,CSE,1
9.74,5,5,0,3,4,78,37,4,IT,1
9.38,0,9,3,3,4,6,120,1,CIVIL,1
5.79,2,0,4,0,34,23,375,7,MECH,1
5.7,2,9,5,3,39,21,389,5,ECE,1
6.65,1,2,7,3,94,16,311,8,MECH,1
9.02,0,3,7,1,80,80,387,7,IT,1
8.69,5,8,0,0,16,48,45,4,CIVIL,1
7.27,2,1,5,0,18,71,321,6,MECH,1
7.95,4,8,3,3,53,60,201,6,ECE,1
6.39,3,0,6,1,45,53,424,5,CIVIL,1
6.73,4,5,7,1,83,64,469,4,MECH,1
6.7,6,9,1,3,1,10,226,3,IT,1
8.85,6,9,3,3,61,48,138,6,IT,1
9.32,2,8,8,2,67,39,456,6,CIVIL,1
8.3,0,10,6,3,14,44,187,4,MECH,1
6.56,4,10,6,2,14,94,400,6,ECE,1
6.87,2,3,7,3,31,88,5,5,CIVIL,1
6.34,2,1,3,1,68,94,436,3,CSE,1
7.13,5,8,1,2,44,92,353,3,MECH,1
7.46,6,9,7,2,56,35,419,3,MECH,1
7.4,0,0,0,0,50,20,294,2,IT,1
6.11,1,2,4,1,49,66,311,7,MECH,1
5.8,0,3,1,3,16,68,240,4,IT,1
7.85,4,5,3,0,37,18,330,6,ECE,1
8.29,3,2,5,0,59,59,311,6,CIVIL,1
6.31,6,10,1,3,23,1,95,1,CSE,1
7.21,4,4,5,1,11,66,388,4,CSE,1
6.53,0,9,0,1,17,96,148,7,CIVIL,1
6.95,5,4,5,0,98,20,33,8,IT,1
8.55,6,3,2,1,70,87,52,3,CIVIL,1
8.93,5,10,1,3,18,43,323,1,ECE,1
6.03,0,2,4,2,5,91,479,2,IT,1
9.01,2,6,5,1,61,55,351,6,IT,1
8.92,6,0,6,1,71,57,122,3,CSE,1
9.62,4,1,0,1,77,19,416,1,IT,1
6.69,2,10,2,0,99,97,69,7,CSE,1
7.99,4,5,3,1,96,97,392,6,MECH,1
8.47,0,0,8,3,13,80,277,1,CIVIL,1
6.17,5,4,3,0,44,42,211,5,ECE,1
8.3,1,3,2,0,46,8,490,7,ECE,1
9.1,3,9,2,1,39,21,196,1,IT,1
8.61,0,5,3,0,8,74,74,2,ECE,1
7.47,0,10,4,0,14,54,436,7,MECH,1
8.28,4,8,6,2,31,37,494,7,CIVIL,1
9.02,6,0,5,0,41,42,192,2,CIVIL,1
5.73,4,1,5,3,49,59,360,1,CSE,1
8.1,6,10,7,2,7,45,34,3,ECE,1
6.12,0,2,1,0,84,69,442,4,MECH,1
7.77,3,7,4,3,60,75,32,2,IT,1
5.85,3,2,3,3,81,58,235,6,MECH,1
8.11,1,0,7,0,64,52,399,5,IT,1
8.01,2,1,6,2,9,55,134,2,ECE,1
8.92,4,1,7,1,14,93,367,6,IT,1
9.58,0,6,6,3,37,81,137,5,IT,1
7.97,6,0,5,2,10,87,57,8,IT,1
6.84,5,8,3,3,33,7,293,4,ECE,1
9.1,0,4,8,1,75,55,110,8,IT,1
9.86,1,7,7,3,15,9,490,1,IT,1
9.54,2,5,8,0,54,0,300,1,ECE,1
6.28,6,5,1,1,22,38,130,8,MECH,1
5.84,5,8,8,0,70,0,227,1,MECH,1
8.38,6,4,4,3,24,61,151,8,CIVIL,1
9.37,3,3,4,3,11,4,46,8,CSE,1
5.97,6,2,6,1,9,95,264,4,CIVIL,1
8.97,3,0,7,2,46,58,451,4,MECH,1
6.56,5,0,1,3,17,7,280,7,CIVIL,1
9.68,2,5,8,2,9,94,89,2,MECH,1
8.18,5,8,7,0,38,69,362,2,IT,1
8.67,4,4,4,0,64,79,33,3,ECE,1
8.29,5,2,2,0,89,71,427,3,MECH,1
8.39,3,3,2,0,100,66,274,2,MECH,1
6.48,3,2,6,3,89,21,223,2,CIVIL,1
5.86,6,5,8,2,97,93,95,8,ECE,1
8.36,0,3,6,2,6,83,270,8,ECE,1
7.18,4,1,5,2,95,61,162,2,IT,1
9.85,0,8,2,0,88,64,455,4,CIVIL,1
8.88,2,5,0,3,3,86,303,6,ECE,1
8.82,4,10,5,0,23,73,109,4,CSE,1
6.12,5,8,1,0,62,66,157,2,ECE,1
6.49,1,2,0,2,68,6,202,6,CSE,1
5.74,0,4,1,3,57,43,206,5,ECE,1
7.07,2,4,7,2,60,18,136,8,CIVIL,1
9.83,2,8,1,2,99,8,274,3,MECH,1
6.76,0,3,3,0,78,92,317,7,IT,1
9.2,2,1,6,2,80,60,232,6,CIVIL,1
7.11,1,0,8,0,84,100,467,7,MECH,1
9.56,3,6,1,3,21,73,82,4,CSE,1
8.46,0,5,8,2,72,13,381,4,CSE,1
9.19,6,4,7,0,80,5,453,4,ECE,1
5.66,3,10,1,1,22,77,356,1,CIVIL,1
10.0,2,7,3,3,98,5,88,6,IT,1
6.34,4,7,8,1,38,51,411,4,ECE,1
6.14,4,4,0,1,77,0,214,3,IT,1
5.85,5,9,7,0,90,38,426,3,ECE,1
6.46,4,4,6,1,42,99,488,2,CSE,1
9.45,6,9,2,2,68,24,319,1,IT,1
8.03,5,5,3,2,47,47,472,7,CSE,1
9.31,0,3,0,1,48,81,355,8,ECE,1
8.6,4,5,4,2,55,47,136,7,CSE,1
6.17,4,10,7,3,84,36,323,6,CIVIL,1
8.13,3,10,7,2,24,9,388,3,MECH,1
9.47,4,8,0,0,81,57,312,7,ECE,1
8.6,2,3,5,3,93,17,272,1,ECE,1
6.42,4,0,7,3,63,34,8,8,MECH,1
9.09,5,3,7,1,1,79,383,4,CSE,1
5.65,2,6,8,1,21,50,436,3,CSE,1
6.76,2,0,0,3,3,26,203,3,MECH,1
8.86,1,1,2,2,30,63,121,5,IT,1
6.74,1,8,0,3,83,61,118,5,CSE,1
8.66,3,7,7,3,95,27,54,1,IT,1
8.85,0,10,2,0,65,33,357,6,IT,1
7.34,3,6,1,1,83,0,297,7,ECE,1
8.33,5,1,1,0,90,86,79,7,CSE,1
5.95,6,1,4,3,34,9,216,8,CSE,1
5.85,5,1,5,2,88,11,33,8,ECE,1
8.25,6,1,6,2,37,68,380,8,ECE,1
7.52,2,9,7,3,16,0,475,7,IT,1
9.34,3,10,3,0,68,43,149,3,ECE,1
9.22,2,5,7,3,19,22,192,8,CSE,1
7.99,4,2,2,0,38,70,289,2,MECH,1
7.38,4,4,4,0,77,43,96,1,ECE,1
9.14,4,2,6,2,43,49,390,6,CIVIL,1
8.28,3,7,1,1,64,24,163,6,CSE,1
6.69,0,2,6,3,91,18,373,8,CSE,1
5.83,6,3,6,0,50,13,482,5,CIVIL,1
9.25,2,7,6,0,3,68,395,4,CSE,1
9.95,5,8,5,3,41,0,110,7,CSE,1
7.72,5,2,5,1,92,29,488,5,CSE,1
6.44,6,3,0,1,12,23,186,4,CSE,1
9.78,0,7,3,1,80,87,245,8,ECE,1
9.76,3,5,7,1,96,49,35,8,MECH,1
7.15,2,5,0,1,94,13,244,8,ECE,1
7.35,4,10,0,1,77,51,12,5,CSE,1
7.24,6,7,3,2,53,41,96,7,CIVIL,1
8.48,2,8,8,2,76,95,94,7,CSE,1
8.21,1,9,4,3,29,63,449,7,CIVIL,1
5.55,4,0,5,0,40,73,375,5,MECH,1
6.28,1,5,3,3,43,20,415,4,CIVIL,1
7.37,0,5,8,2,13,92,341,4,IT,1
9.53,1,5,2,1,69,13,279,2,ECE,1
7.07,3,1,2,3,72,34,12,4,CIVIL,1
6.6,4,5,0,0,81,100,200,5,CIVIL,1
9.83,1,3,0,0,71,53,385,6,CIVIL,1
8.54,2,3,2,1,14,99,321,7,CIVIL,1
9.36,1,4,5,2,41,6,308,3,IT,1
9.97,6,0,8,0,67,65,314,1,ECE,1
9.14,0,1,2,3,45,75,110,1,CIVIL,1
6.74,1,10,2,2,77,8,414,4,MECH,1
7.6,3,10,6,1,89,95,75,6,CSE,1
9.72,3,6,7,2,7,41,179,4,ECE,1
7.7,1,10,0,3,78,83,208,8,MECH,1
8.21,3,6,6,1,52,55,66,2,MECH,1
6.02,5,3,4,3,33,29,320,3,ECE,1
8.15,4,6,2,0,82,59,11,8,ECE,1
6.53,1,3,8,3,75,47,132,4,ECE,1
5.79,3,5,4,3,15,58,348,1,CIVIL,1
5.79,0,7,3,3,23,18,3,1,MECH,1
8.5,1,3,0,2,11,80,477,6,CIVIL,1
6.64,5,3,7,1,91,26,373,6,MECH,1
10.0,4,0,3,1,69,92,152,7,CIVIL,1
5.73,5,9,4,0,47,56,482,1,CIVIL,1
7.59,3,7,2,0,10,17,5,8,CSE,1
7.48,6,8,7,0,17,13,386,6,IT,1
9.29,4,0,6,3,64,44,376,8,ECE,1
7.7,1,8,4,2,32,22,350,1,MECH,1
8.5,6,5,6,2,49,81,200,5,CIVIL,1
9.46,5,0,8,0,11,63,242,8,MECH,1
7.07,6,7,4,2,53,24,87,6,IT,1
7.65,0,10,7,0,3,74,247,3,IT,1
9.88,0,9,2,3,59,93,240,7,CIVIL,1
8.91,3,8,1,1,41,38,419,1,MECH,1
6.07,3,0,2,1,69,83,19,5,CIVIL,1
6.2,2,10,0,0,8,41,133,1,IT,1
9.66,6,5,0,1,51,33,233,1,ECE,0
7.07,4,9,3,3,50,95,29,7,ECE,1
8.71,0,5,7,1,66,7,183,5,ECE,1
6.15,0,0,5,0,22,98,483,5,MECH,1
7.01,3,8,0,0,6,19,8,2,CSE,1
9.46,3,6,3,1,73,23,414,3,IT,1
9.31,4,0,0,1,63,73,69,2,IT,1
6.57,2,1,2,1,69,24,19,4,MECH,1
8.96,5,6,4,3,87,34,476,4,MECH,1
6.49,4,10,4,3,37,89,27,7,CIVIL,1
8.5,3,0,2,2,1,86,283,5,CSE,1
8.04,1,5,8,0,98,83,183,5,MECH,1
8.81,6,6,4,1,29,87,301,1,ECE,1
8.52,6,10,5,1,97,41,48,7,IT,1
7.67,6,0,2,1,70,31,143,1,ECE,1
9.57,6,0,0,1,30,66,7,6,MECH,1
7.29,0,0,1,2,28,47,255,1,IT,1
5.9,4,6,3,3,51,9,66,1,IT,1
9.84,0,0,5,0,77,14,231,6,MECH,1
9.85,4,7,4,3,7,52,162,6,CSE,1
6.91,5,3,6,3,19,2,331,5,ECE,1
7.87,3,5,4,0,83,97,120,6,IT,1
6.75,1,2,7,2,17,32,339,1,MECH,1
5.96,0,7,7,2,91,62,195,5,MECH,1
9.19,6,3,0,2,41,61,427,6,IT,1
9.6,6,3,1,2,73,78,211,6,CIVIL,1
9.47,6,10,3,3,93,3,187,2,MECH,1
6.18,0,8,3,1,100,83,259,1,IT,1
8.86,4,10,4,3,37,64,427,7,ECE,1
8.95,5,1,7,3,73,25,465,7,CSE,1
7.97,4,10,5,0,16,46,405,6,ECE,1
7.14,4,2,4,0,31,28,10,2,MECH,1
8.29,5,9,8,3,87,85,146,5,IT,1
9.04,6,5,7,0,75,65,5,1,ECE,1
6.42,1,4,7,3,57,87,426,7,IT,1
8.61,3,7,2,0,22,88,111,2,ECE,1
5.98,0,9,0,3,41,45,302,5,MECH,1
9.33,2,9,7,0,18,29,331,4,MECH,1
8.04,4,5,7,2,14,1,57,3,IT,1
8.7,6,2,0,0,94,64,470,4,ECE,1
9.14,1,1,8,1,81,2,60,5,CIVIL,1
9.3,5,0,6,2,23,38,374,4,MECH,1
9.69,4,5,5,2,91,9,68,4,MECH,1
9.58,4,1,6,1,89,37,338,2,CSE,1
6.79,3,0,2,0,95,42,150,7,ECE,1
6.44,6,3,2,0,79,43,64,2,IT,1
9.67,5,1,6,1,29,18,133,7,MECH,1
6.26,2,4,7,1,54,83,397,4,ECE,1
6.71,5,9,6,2,25,28,2,8,MECH,1
7.81,4,7,0,3,17,73,120,6,CSE,1
9.58,3,1,0,0,41,21,440,1,CSE,1
8.67,2,4,4,1,97,20,452,2,MECH,1
7.42,6,2,6,1,94,60,345,4,ECE,1
8.18,4,8,4,0,31,57,118,2,ECE,1
5.67,4,10,0,2,65,68,3,4,IT,1
9.56,4,4,8,1,17,98,410,8,CSE,1
9.94,5,10,8,2,60,88,480,7,CIVIL,1
9.09,4,2,3,1,59,8,304,1,MECH,1
8.22,3,7,8,0,78,36,184,7,MECH,1
9.12,3,0,0,0,43,41,301,5,IT,1
9.02,6,6,5,3,6,7,356,8,CIVIL,1
9.11,6,9,4,3,85,58,65,8,IT,1
6.84,2,2,3,3,75,10,388,6,MECH,1
8.59,5,8,8,2,78,88,114,5,CIVIL,1
6.05,4,1,8,1,80,71,264,1,CIVIL,1
6.28,6,9,2,1,48,33,233,2,CSE,1
9.99,0,0,1,2,18,69,143,4,IT,1
8.4,0,8,5,0,55,67,251,1,CIVIL,1
6.34,5,9,5,0,19,1,423,8,IT,1
7.43,2,3,8,2,54,88,454,3,CSE,1
9.82,5,3,5,1,96,45,342,7,CSE,1
9.9,5,1,8,0,68,99,269,1,CSE,1
8.36,2,6,4,1,65,9,307,1,ECE,1
7.1,0,9,2,2,20,17,180,3,IT,1
9.73,4,4,2,2,1,80,347,2,ECE,1
6.33,1,2,4,1,76,4,115,5,MECH,1
6.18,4,3,1,0,96,88,115,4,MECH,1
10.0,2,8,5,2,36,33,432,7,CIVIL,1
9.58,6,3,2,2,67,49,184,5,IT,1
8.0,4,4,0,0,96,47,170,8,CSE,1
6.26,1,0,5,3,3,29,264,4,MECH,1
6.27,6,1,7,1,10,91,146,2,CSE,1
6.99,3,7,0,0,48,55,380,6,CIVIL,1
8.31,3,7,8,1,27,43,250,3,MECH,1
8.05,0,0,5,0,36,35,53,6,ECE,1
9.58,3,9,1,0,30,87,374,1,IT,1
5.74,5,9,0,3,85,73,362,4,CIVIL,1
6.43,3,0,8,2,9,37,291,1,MECH,1
5.63,5,0,2,3,50,39,12,8,IT,1
5.52,0,1,3,0,75,97,445,4,ECE,1
5.56,2,4,3,3,78,95,193,2,CSE,1
7.47,6,6,8,1,61,98,169,1,ECE,1
7.35,2,2,7,2,35,65,257,7,CIVIL,1
7.9,0,5,0,1,96,66,369,5,CIVIL,1
8.29,3,3,0,1,38,30,184,1,IT,1
8.85,1,0,1,2,31,82,292,8,IT,1
9.37,5,6,3,0,54,43,136,3,CIVIL,1
6.48,6,2,1,3,58,56,413,4,ECE,1
6.76,5,7,8,2,10,26,469,7,ECE,1
6.52,5,10,8,0,89,10,278,6,CSE,1
9.47,6,3,1,2,99,64,43,6,CIVIL,1
7.19,2,9,8,1,91,42,131,8,CSE,1
9.35,3,0,5,3,75,97,262,7,MECH,1
8.07,2,10,6,2,46,66,0,5,IT,1
8.82,2,2,2,2,5,92,80,2,MECH,1
9.65,0,0,8,3,16,97,293,7,ECE,1
8.49,1,9,4,2,16,28,246,6,MECH,1
8.45,6,9,8,3,98,51,248,5,ECE,1
7.41,0,3,6,0,37,96,157,2,ECE,0
9.66,0,3,2,3,15,48,144,1,CSE,1
7.82,4,1,0,1,73,77,412,4,CIVIL,1
7.43,5,7,7,1,45,99,228,2,IT,1
8.6,5,8,1,3,14,12,88,6,MECH,1
9.15,5,5,3,2,95,50,356,5,IT,1
5.94,5,1,3,0,25,55,125,5,CIVIL,1
5.65,3,9,0,2,38,76,10,8,IT,1
8.68,4,3,2,2,34,53,185,5,ECE,1
8.55,6,0,8,1,71,10,110,7,CSE,1
8.62,1,9,1,3,61,96,54,3,MECH,1
6.22,5,8,2,0,52,34,92,2,ECE,1
7.86,1,3,6,3,96,91,418,4,MECH,1
6.96,1,0,1,3,5,4,293,6,IT,1
9.73,2,0,2,1,83,80,258,5,MECH,1
8.92,5,1,6,2,82,33,308,4,MECH,1
8.61,3,3,5,1,98,17,145,1,MECH,1
7.47,5,3,5,0,45,94,316,2,IT,1
9.48,5,8,4,0,47,32,452,7,CIVIL,1
8.9,4,4,2,2,41,17,174,8,ECE,1
6.1,5,10,3,1,86,14,152,3,ECE,1
8.37,2,9,0,2,54,25,119,1,CIVIL,1
6.53,3,5,7,0,46,30,21,8,MECH,1
8.6,3,0,5,2,56,64,105,1,IT,1
7.88,1,9,8,3,33,39,189,5,ECE,1
7.89,6,9,4,1,30,12,203,4,CSE,1
7.25,2,8,6,1,31,87,130,2,MECH,1
8.16,2,7,6,1,67,59,281,7,IT,1
9.44,2,5,8,2,65,59,456,7,IT,1
5.65,5,0,8,0,99,21,237,7,ECE,1
9.03,0,10,7,1,1,73,228,6,CIVIL,1
6.69,5,8,3,1,35,100,52,4,CIVIL,1
6.19,3,10,1,3,7,41,152,2,ECE,1
5.74,4,0,4,1,72,76,269,7,MECH,1
6.82,4,0,6,0,85,32,277,3,MECH,1
8.42,1,9,0,0,99,86,117,2,MECH,1
6.26,0,10,7,3,27,89,349,3,ECE,1
6.49,6,10,4,1,30,37,56,1,ECE,1
6.33,1,8,7,1,57,18,408,2,ECE,1
6.37,5,0,5,2,23,73,312,3,ECE,1
6.98,1,5,8,1,50,39,204,4,CIVIL,1
6.7,1,2,3,3,38,29,411,7,ECE,1
8.93,5,3,0,3,37,89,75,8,CIVIL,1
7.2,6,10,3,3,83,22,311,2,MECH,1
9.02,5,7,2,3,8,75,166,3,IT,1
9.96,4,9,7,3,80,12,362,5,MECH,1
6.89,4,5,2,0,13,98,428,1,CSE,1
9.64,3,2,5,2,39,40,158,7,ECE,1
9.62,4,1,1,1,19,66,500,1,ECE,1
8.81,5,10,1,2,28,83,201,6,MECH,1
8.22,0,0,3,2,7,68,392,6,ECE,1
8.24,6,8,4,2,63,55,191,6,CSE,1
7.44,1,4,2,3,9,36,450,5,IT,1
8.63,3,5,5,2,33,33,136,3,CIVIL,1
9.49,0,0,4,0,43,56,168,4,MECH,1
7.52,5,10,7,1,94,91,38,2,IT,1
7.37,0,5,6,1,17,3,71,2,CIVIL,1
5.56,4,9,0,3,69,5,472,3,IT,1
7.23,0,3,5,3,37,12,466,2,CIVIL,1
7.59,6,1,1,2,50,68,404,1,MECH,1
9.51,4,1,3,1,34,50,147,4,MECH,1
6.43,5,4,1,3,71,53,463,6,MECH,1
5.52,3,7,0,3,90,24,429,7,CIVIL,1
5.8,0,9,5,2,96,58,30,6,CIVIL,1
7.92,4,7,2,1,9,56,271,7,CSE,1
6.04,0,7,3,1,17,68,361,4,IT,1
5.71,0,9,4,1,59,59,281,3,CIVIL,1
6.6,2,6,8,2,70,16,307,6,ECE,1
6.96,1,3,3,3,77,50,181,7,IT,1
9.15,0,2,7,3,86,20,381,6,MECH,1
9.6,4,3,5,1,5,49,38,6,CIVIL,1
5.94,1,1,6,1,21,5,359,1,ECE,0
6.02,6,6,4,0,26,0,121,6,CIVIL,1
9.51,5,9,4,3,33,8,181,5,IT,1
8.64,1,9,4,3,52,49,255,5,ECE,1
7.09,5,0,0,0,25,52,204,1,CSE,1
9.56,2,1,1,2,5,37,179,2,MECH,1
7.84,6,3,8,1,77,0,369,3,IT,1
8.05,2,9,1,3,24,45,413,5,IT,1
6.15,4,0,1,1,97,58,420,3,CIVIL,1
7.31,5,10,5,1,32,19,218,8,IT,1
9.78,2,1,2,0,28,60,143,6,IT,1
9.68,3,0,5,0,78,18,218,5,MECH,1
9.63,1,7,0,1,76,58,293,7,CSE,1
6.98,5,3,4,1,40,29,338,8,CSE,1
7.47,4,5,8,3,90,64,22,7,IT,1
8.3,0,2,5,2,95,7,413,4,MECH,1
6.11,5,9,5,0,56,34,354,4,CSE,1
6.87,5,8,7,2,21,99,224,7,MECH,1
8.61,3,7,7,1,88,40,284,2,ECE,1
7.66,5,1,5,3,87,25,6,3,ECE,1
6.63,2,3,4,3,67,0,172,8,CIVIL,1
8.84,5,10,4,1,47,90,85,5,CIVIL,1
9.05,6,7,0,1,3,63,88,6,CSE,1
8.02,4,9,0,2,90,69,203,6,MECH,1
9.08,1,0,3,0,7,55,223,6,CIVIL,1
5.93,4,9,1,0,53,29,192,3,IT,1
9.78,2,6,4,0,80,58,458,1,CIVIL,1
6.7,2,10,6,0,27,17,228,4,CIVIL,1
8.14,2,4,1,0,15,94,292,2,IT,1
6.94,2,5,0,0,73,63,469,8,IT,1
9.64,4,5,4,3,93,94,132,4,CIVIL,1
7.2,5,8,8,3,84,11,173,4,ECE,1
7.49,3,4,4,1,45,55,188,1,IT,1
9.58,4,0,2,2,24,79,315,2,ECE,1
7.24,1,9,5,1,64,83,415,8,ECE,1
7.94,4,7,2,2,44,20,16,3,MECH,1
6.69,2,0,6,0,22,13,236,6,CSE,1
7.18,4,1,1,1,81,66,174,5,ECE,1
8.46,6,1,4,2,12,95,307,1,MECH,1
7.71,3,3,4,1,55,91,334,8,ECE,1
6.66,1,6,0,0,8,26,116,4,CSE,1
7.91,5,1,5,3,16,5,25,7,ECE,1
8.98,3,2,2,2,63,71,301,8,CIVIL,1
6.73,4,8,3,3,84,62,155,1,ECE,1
7.84,0,7,8,0,25,74,360,8,ECE,1
8.84,4,8,1,0,33,62,220,1,ECE,1
5.65,5,10,4,2,12,80,351,8,IT,1
8.87,1,10,2,0,51,70,249,3,ECE,1
7.63,3,6,5,3,50,20,60,1,CIVIL,1
8.4,6,10,4,2,33,70,492,3,ECE,1
9.74,5,2,4,1,95,44,213,3,ECE,1
7.59,6,6,0,0,50,68,55,7,CSE,1
8.54,2,6,8,1,86,37,159,7,CSE,1
7.19,4,3,1,0,42,42,291,2,CIVIL,1
8.89,3,9,7,1,31,70,116,6,ECE,1
5.99,5,9,5,1,1,92,74,6,IT,1
6.8,3,2,4,2,52,28,356,1,ECE,1
8.64,1,10,6,3,29,90,292,8,CSE,1
8.46,1,3,3,3,76,52,379,6,ECE,1
7.69,1,1,0,2,57,9,452,1,MECH,1
9.09,4,5,2,2,48,19,97,7,MECH,1
5.92,1,4,4,0,12,54,19,4,IT,1
9.27,1,10,8,2,44,0,242,7,IT,1
6.32,6,2,4,1,4,76,283,6,CIVIL,1
8.44,1,2,2,1,87,40,218,4,MECH,1
7.89,5,10,5,2,23,70,48,6,CSE,1
7.31,1,1,5,1,97,60,157,6,CSE,1
6.88,3,8,3,0,48,39,130,6,IT,1
9.43,3,1,7,3,65,81,262,4,MECH,1
7.04,2,2,1,2,71,87,271,6,MECH,1
7.41,6,5,8,0,57,70,10,7,CSE,1
6.12,3,8,7,3,91,51,286,4,ECE,1
7.04,3,7,3,3,66,79,149,5,IT,1
8.15,4,9,5,2,9,64,91,7,MECH,1
9.74,6,10,2,3,47,10,118,3,IT,1
8.47,3,3,3,3,53,2,211,1,CIVIL,1
9.41,1,4,6,2,63,41,350,8,MECH,0
8.24,6,8,3,3,89,11,488,8,CSE,1
5.83,2,10,0,0,27,34,403,7,CIVIL,1
6.57,5,5,3,2,89,32,11,2,MECH,1
9.11,0,4,2,2,88,24,491,6,ECE,1
7.48,0,10,6,2,74,9,282,8,CSE,1
9.84,4,2,1,1,46,34,39,1,ECE,1
5.73,1,0,8,3,91,7,177,4,CSE,1
7.13,5,6,7,3,70,31,252,2,ECE,1
8.49,6,2,1,1,100,50,174,8,IT,1
6.18,2,3,0,2,12,39,197,4,CIVIL,1
8.76,3,7,3,3,16,15,305,7,CSE,1
7.5,6,1,3,3,31,85,74,6,MECH,1
9.74,6,10,3,0,5,76,116,4,ECE,1
6.78,2,0,0,1,42,51,81,1,MECH,1
8.31,3,1,6,1,5,30,221,3,CIVIL,1
6.16,2,9,7,0,16,40,220,2,IT,1
7.55,3,7,0,0,74,94,27,1,ECE,1
5.96,4,4,6,0,80,1,396,4,CSE,1
6.09,2,4,7,2,53,18,392,6,IT,1
9.16,1,7,8,1,97,90,255,2,MECH,1
7.05,2,2,2,2,100,13,87,5,CIVIL,1
9.32,0,6,2,1,93,19,314,3,IT,1
9.34,6,6,8,1,16,88,128,6,ECE,1
5.58,1,8,6,0,1,91,250,7,CIVIL,1
9.04,0,10,8,3,9,25,385,1,CSE,1
8.02,0,9,8,2,23,11,215,6,ECE,1
7.91,0,10,8,2,3,61,83,8,MECH,1
5.78,6,0,6,3,27,72,194,4,CIVIL,1
7.91,5,1,1,2,60,56,321,2,CIVIL,1
8.11,2,0,4,0,15,14,121,4,MECH,1
9.17,5,9,8,3,82,66,89,2,ECE,1
7.08,3,10,4,1,87,72,312,8,ECE,1
9.05,1,0,0,1,15,36,432,2,CIVIL,1
8.84,5,10,2,2,4,63,157,2,IT,1
6.5,4,9,3,3,83,90,385,2,CSE,1
8.54,0,0,1,2,19,32,389,2,IT,1
8.41,0,1,1,3,31,58,193,6,CSE,1
5.78,2,6,5,1,30,100,410,6,IT,1
8.81,3,7,0,3,21,26,25,3,MECH,1
8.79,4,9,4,2,56,2,409,4,CIVIL,1
8.83,1,9,4,1,13,43,261,2,ECE,1
7.69,3,5,7,2,99,95,102,3,ECE,1
6.18,2,0,4,0,58,92,345,1,IT,1
7.92,6,4,6,0,82,96,460,7,ECE,1
7.91,4,1,4,1,4,80,278,7,CSE,1
8.19,5,6,5,2,55,5,262,8,MECH,1
7.56,6,8,5,3,84,22,344,5,ECE,1
9.3,0,4,2,1,34,26,382,7,MECH,1
9.96,2,10,6,3,14,32,419,2,CIVIL,1
9.12,0,5,1,1,66,23,119,6,CSE,1
6.87,2,0,5,0,4,95,396,6,ECE,1
9.61,6,1,6,1,48,85,446,8,CSE,1
8.5,0,8,5,3,53,9,131,3,IT,1
7.08,3,10,4,2,17,43,473,6,CSE,1
6.12,5,2,7,0,17,20,404,7,CIVIL,1
5.88,0,3,7,1,44,29,154,8,MECH,1
8.16,2,7,6,3,55,90,324,6,ECE,1
7.26,5,6,4,0,28,27,312,7,IT,1
6.97,6,9,1,0,18,76,106,8,MECH,1
9.7,0,10,4,1,75,24,419,8,CIVIL,1
7.59,1,9,7,1,35,64,0,2,IT,1
8.74,0,10,3,0,90,51,491,6,IT,1
6.0,1,2,4,3,43,91,442,2,ECE,1
6.76,6,0,8,0,46,6,292,7,IT,1
9.67,5,10,8,2,61,68,367,5,MECH,1
6.97,3,3,0,2,74,92,407,3,ECE,1
5.96,2,2,1,2,90,20,68,3,CSE,1
7.68,2,10,4,2,25,87,236,5,CIVIL,1
5.89,2,8,8,1,32,58,133,3,IT,1
6.47,6,9,3,2,21,47,230,1,ECE,1
7.45,0,2,0,2,66,51,419,3,IT,1
6.7,2,0,6,2,51,46,496,5,CSE,1
6.59,4,2,1,3,31,56,377,2,ECE,1
8.68,3,2,4,1,53,51,494,8,IT,1
6.0,6,0,2,3,67,67,389,4,IT,1
8.4,6,10,5,3,58,81,383,4,IT,1
7.3,0,5,8,2,25,43,29,4,IT,1
5.75,1,4,4,2,53,84,114,3,IT,1
6.78,1,5,2,3,87,61,264,8,CSE,1
9.82,5,9,1,3,38,91,329,1,MECH,1
9.3,0,1,3,0,13,90,323,1,MECH,1
7.76,5,8,1,2,14,31,3,3,CSE,1
8.47,5,9,2,3,1,89,328,2,CSE,1
9.18,6,3,6,3,90,100,394,6,MECH,1
8.13,5,3,4,3,74,85,320,3,CSE,1
6.21,4,7,2,2,80,82,289,1,CSE,1
6.26,1,10,7,1,91,67,116,7,CIVIL,1
8.02,2,3,4,1,53,85,435,5,CIVIL,1
9.16,2,7,3,3,63,37,280,1,CSE,1
5.6,0,5,8,3,92,55,9,6,MECH,1
7.99,1,0,4,3,33,73,374,8,CSE,1
6.85,5,7,6,1,77,18,91,4,MECH,1
5.94,2,8,2,0,2,53,459,2,CIVIL,1
6.04,6,6,4,0,88,14,238,7,CIVIL,1
8.7,1,1,3,3,84,49,394,1,ECE,1
6.83,2,8,6,2,19,64,30,3,IT,1
9.71,1,9,8,0,3,92,25,2,MECH,1
7.58,6,7,0,2,3,13,252,5,MECH,1
6.95,2,3,5,0,16,81,440,6,IT,1
5.9,0,7,6,0,54,61,94,4,ECE,1
9.43,3,9,3,0,7,7,76,1,CSE,1
9.87,0,4,7,2,83,48,45,6,MECH,1
7.7,5,8,7,0,16,49,239,7,MECH,1
9.98,0,1,8,3,6,53,182,8,CSE,1
8.49,2,1,7,2,75,58,165,1,IT,1
6.85,2,6,3,1,16,51,391,7,MECH,1
6.88,1,0,3,3,27,29,482,8,CSE,1
9.15,0,3,7,1,64,65,228,6,CIVIL,1
6.01,2,1,3,3,74,95,424,5,CIVIL,1
5.76,5,3,4,3,17,34,311,2,IT,1
6.76,3,6,7,2,33,47,196,1,CIVIL,1
7.55,1,9,8,2,31,51,231,1,ECE,1
7.39,6,9,2,2,45,32,391,7,CSE,1
6.87,2,3,4,2,36,15,248,5,ECE,1
7.26,2,3,8,3,52,87,16,1,MECH,1
9.63,1,0,6,2,79,98,56,7,IT,1
5.81,0,4,3,1,46,34,110,1,CIVIL,1
9.06,2,6,7,0,50,19,152,6,CIVIL,1
5.88,4,0,8,3,98,48,314,4,IT,1
7.49,5,6,2,2,50,23,401,6,IT,1
5.93,1,7,7,1,74,33,333,6,ECE,1
5.54,5,0,2,0,89,84,382,3,MECH,1
9.35,0,0,8,2,23,32,422,5,ECE,1
9.84,2,5,0,3,60,7,233,7,IT,1
6.17,2,6,4,3,24,40,347,4,CIVIL,1
6.11,1,7,3,2,77,94,440,3,CSE,1
8.8,5,5,5,1,41,22,156,3,CSE,1
7.99,5,8,0,0,63,59,158,1,ECE,1
7.07,6,0,6,0,40,24,489,8,CIVIL,1
5.6,5,0,2,1,45,11,67,4,CSE,1
5.89,4,10,0,2,14,43,342,3,MECH,1
6.46,6,5,0,1,41,15,32,5,ECE,1
9.43,0,4,3,1,100,65,476,2,CSE,1
5.54,0,3,5,3,7,13,144,3,IT,1
8.28,0,0,8,0,90,63,335,7,CSE,1
8.59,3,1,4,1,69,33,172,3,IT,1
9.09,3,9,5,3,86,12,335,7,ECE,1
7.62,5,0,2,2,61,84,339,4,CSE,1
8.33,3,1,3,1,87,36,149,7,CIVIL,1
7.7,3,4,6,2,67,69,415,5,IT,1
6.22,4,3,1,3,12,89,272,3,CIVIL,1
8.05,4,1,0,2,87,65,443,4,CSE,1
6.23,1,5,4,2,50,6,457,3,ECE,1
7.04,0,10,4,2,71,37,98,2,MECH,1
9.94,5,9,5,2,76,62,175,6,CIVIL,1
8.54,0,7,2,0,49,100,36,2,CSE,1
9.09,1,7,8,1,49,25,152,2,CSE,1
9.41,1,0,4,3,16,26,199,7,CIVIL,1
9.69,5,10,5,1,0,81,496,3,MECH,1
8.54,0,10,6,2,72,92,261,1,CSE,1
5.88,5,8,6,1,1,28,122,1,IT,1
9.32,2,0,3,0,60,98,98,5,MECH,1
6.86,1,6,3,2,2,100,315,5,CSE,1
6.8,6,0,2,2,0,86,182,8,ECE,1
6.64,3,4,4,3,88,92,460,3,CSE,1
6.98,0,7,8,1,69,38,71,7,IT,1
5.89,6,10,1,1,25,61,414,2,CIVIL,1
7.15,2,0,5,0,72,2,474,7,CIVIL,1
8.61,6,8,3,2,4,100,187,7,ECE,1
9.04,6,4,3,1,30,22,85,2,ECE,1
6.55,0,9,6,0,92,22,92,5,CSE,1
6.98,0,3,7,1,19,84,208,1,IT,1
5.84,4,7,0,1,52,94,81,4,CIVIL,1
8.26,1,2,5,1,0,53,46,3,ECE,1
6.93,0,4,0,2,57,96,185,3,CSE,1
9.79,6,1,7,1,40,100,97,4,ECE,1
8.31,0,6,8,3,86,19,91,7,CSE,1
6.02,5,5,4,1,53,50,142,6,ECE,1
9.58,6,9,1,2,42,89,437,2,MECH,1
8.11,3,9,3,3,77,57,368,1,IT,1
7.74,2,8,6,1,4,29,141,2,ECE,1
6.78,0,0,1,0,31,1,0,1,MECH,1
8.19,6,8,8,2,37,39,77,2,CIVIL,1
6.36,0,5,1,3,32,88,147,7,MECH,1
6.21,1,9,1,3,87,15,284,8,MECH,1
6.95,1,4,4,2,67,69,78,3,CIVIL,1
8.71,6,7,8,1,77,5,364,5,ECE,1
7.33,4,6,7,2,49,52,467,1,CSE,1
6.36,1,3,7,0,58,81,168,5,MECH,1
8.82,4,5,6,3,18,95,406,4,CSE,1
7.31,4,9,3,1,43,23,437,6,ECE,1
9.88,1,8,5,1,5,60,156,5,ECE,1
8.38,3,2,7,0,58,84,151,5,CSE,1
7.15,1,4,4,3,70,73,298,1,MECH,1
5.61,3,8,8,2,13,20,275,6,CSE,1
8.71,0,4,3,0,90,84,301,8,MECH,1
7.31,1,1,5,0,29,48,133,8,MECH,1
9.94,6,0,5,3,52,87,216,1,IT,1
5.74,4,5,4,3,4,12,330,7,CIVIL,1
8.95,1,7,5,1,5,14,51,5,ECE,1
9.32,1,3,8,2,56,78,215,1,IT,1
9.79,1,5,6,1,51,78,11,1,CSE,1
8.72,3,0,7,0,42,79,107,6,IT,1
7.75,0,7,7,0,59,83,305,6,IT,1
5.65,3,3,4,1,77,18,376,5,ECE,1
5.94,6,2,1,2,24,49,145,6,MECH,1
9.05,4,2,3,0,39,91,325,7,IT,1
5.85,0,2,4,1,80,50,360,2,CSE,1
7.81,1,6,1,3,41,93,235,7,CSE,1
7.0,1,2,3,1,75,33,33,5,ECE,1
6.74,1,2,4,3,12,14,178,7,CIVIL,1
9.3,5,0,0,0,58,47,199,3,CSE,1
6.61,2,9,3,1,51,79,158,1,MECH,1
6.11,6,6,2,2,61,45,25,6,MECH,1
9.98,1,8,7,0,75,78,373,4,CIVIL,1
7.54,3,10,5,2,48,48,239,8,CIVIL,1
7.38,1,8,4,3,33,79,112,8,IT,1
9.27,2,6,8,2,35,41,363,2,CIVIL,1
8.3,6,7,2,1,61,26,52,6,CSE,1
6.59,0,2,6,0,39,95,344,4,IT,1
5.65,4,4,1,0,34,83,388,4,IT,1
7.33,3,2,4,1,73,46,210,4,CSE,1
5.55,0,6,0,2,27,61,29,1,MECH,1
6.69,1,3,2,2,44,52,329,2,CSE,1
8.68,4,4,6,1,89,22,47,1,ECE,1
7.65,4,7,5,2,67,8,102,7,CSE,1
7.86,5,8,1,3,33,40,482,1,ECE,1
7.96,6,8,5,1,41,75,287,5,IT,1
8.86,1,3,4,2,94,11,21,4,CSE,1
8.14,3,1,0,0,14,32,280,1,IT,1
6.07,4,2,0,3,35,81,351,1,ECE,1
6.68,0,4,3,0,36,12,432,6,ECE,1
7.12,3,1,0,1,29,22,492,4,CSE,1
8.98,4,5,4,0,27,87,483,7,IT,1
8.48,6,8,7,1,28,49,303,8,IT,1
8.04,2,2,0,1,25,35,355,6,IT,1
5.51,6,5,7,1,90,79,144,1,IT,1
9.32,5,2,2,0,26,82,345,7,MECH,1
5.54,0,1,2,2,24,100,143,8,CIVIL,1
7.9,3,9,5,1,80,77,213,2,ECE,1
7.22,6,4,3,0,47,32,402,1,CSE,1
7.79,2,0,6,0,40,59,495,8,IT,1
6.91,0,8,7,0,77,46,93,7,CSE,1
9.63,1,2,5,2,92,81,282,2,MECH,1
7.65,0,3,4,2,58,14,297,2,MECH,1
8.15,4,7,4,3,21,11,332,8,CIVIL,1
8.58,1,9,7,3,49,73,285,7,MECH,1
6.78,2,1,2,3,16,19,403,5,MECH,1
5.97,2,6,3,0,16,68,247,4,CSE,1
7.34,6,4,5,3,38,69,205,8,CSE,1
5.59,6,8,4,1,29,14,38,4,IT,1
5.72,1,7,3,2,34,46,8,6,CSE,1
7.45,3,6,6,3,4,30,472,7,CSE,1
7.79,6,8,4,0,71,41,337,3,CIVIL,1
6.24,0,9,0,2,5,0,81,2,CIVIL,1
5.55,5,10,1,0,12,18,5,3,CIVIL,1
9.12,0,2,7,2,26,90,428,1,IT,1
7.12,6,8,2,2,76,11,24,4,ECE,1
8.06,0,8,0,1,39,99,118,8,IT,1
5.8,2,10,3,2,47,82,496,8,MECH,1
7.01,3,7,6,2,74,8,331,8,ECE,1
9.9,2,5,7,1,75,67,255,8,IT,1
8.9,1,0,7,2,74,24,2,6,MECH,1
7.47,4,3,8,1,73,64,107,6,CIVIL,1
7.81,4,9,0,1,73,90,61,3,ECE,1
5.56,3,2,5,1,56,12,206,4,IT,1
6.04,1,3,6,1,93,18,275,4,IT,1
9.15,4,10,6,0,24,48,473,8,CSE,1
9.82,1,6,6,1,63,87,279,7,MECH,1
6.27,6,1,0,0,14,16,367,8,ECE,1
8.44,0,7,2,1,32,39,165,3,CIVIL,1
9.68,4,5,4,0,43,85,447,7,MECH,1
6.68,5,3,6,2,1,56,473,2,MECH,1
7.99,4,9,8,2,69,44,365,1,CSE,1
8.65,5,7,3,0,8,90,236,8,ECE,1
8.68,1,0,5,0,98,60,372,4,MECH,1
8.57,0,2,4,0,62,71,62,4,CIVIL,1
9.07,1,6,1,3,96,100,401,3,CSE,1
5.76,1,9,4,0,7,10,436,2,IT,0
6.57,0,4,2,1,84,9,271,8,CSE,1
7.1,2,3,8,3,14,14,124,3,MECH,1
9.03,3,3,6,2,27,14,21,8,IT,1
6.45,3,5,2,0,91,8,174,8,ECE,1
7.29,0,2,5,0,9,0,40,2,CIVIL,1
7.51,1,1,7,1,15,48,399,6,MECH,1
9.98,5,8,7,2,24,93,204,2,MECH,1
9.43,3,9,8,0,68,70,396,6,IT,1
8.87,3,2,7,2,70,8,187,6,MECH,1
7.7,5,8,4,2,17,58,94,8,MECH,1
9.06,6,0,8,1,21,41,208,1,IT,1
5.82,3,2,4,0,72,2,41,2,CSE,1
6.11,0,10,4,2,86,42,485,1,IT,1
7.3,0,8,0,3,91,41,261,8,MECH,1
8.46,3,7,3,2,63,63,372,3,CSE,1
7.89,3,1,5,2,47,36,335,1,IT,1
9.77,1,7,6,0,40,70,487,7,ECE,1
8.91,2,3,6,0,61,64,284,3,ECE,1
9.92,5,8,8,2,94,69,115,4,MECH,1
8.01,2,7,3,0,85,34,21,1,CIVIL,1
9.15,1,10,8,0,67,32,162,8,CSE,1
6.57,4,1,1,1,14,26,470,6,CIVIL,1
7.87,5,7,4,1,80,20,223,5,MECH,1
8.23,5,3,5,3,41,17,190,5,ECE,1
8.76,6,2,4,3,3,11,465,2,CIVIL,1
6.33,4,4,1,2,48,36,43,7,CIVIL,1
7.74,1,1,8,3,23,83,292,2,CIVIL,1
6.94,5,7,1,1,92,41,107,8,CSE,1
9.51,5,6,8,0,42,1,36,3,ECE,1
7.82,1,4,0,1,2,64,58,2,ECE,1
8.89,2,10,1,1,5,57,85,4,CIVIL,1
6.96,5,8,6,3,71,70,486,7,CSE,1
7.81,4,2,6,1,49,15,208,4,MECH,1
8.32,6,3,3,2,73,86,364,4,CIVIL,1
9.73,6,9,2,0,91,5,24,1,IT,1
6.42,2,10,7,3,86,72,467,6,ECE,1
5.95,0,8,4,0,42,41,337,3,CIVIL,1
9.73,4,1,0,0,79,12,273,6,IT,1
6.65,2,0,8,3,70,49,399,5,CIVIL,1
8.82,4,5,5,1,71,19,306,6,ECE,1
6.28,0,2,3,1,85,45,1,6,MECH,1
9.05,1,5,4,0,12,2,294,6,CIVIL,1
6.02,6,10,3,2,96,39,389,7,IT,1
7.16,3,3,4,0,87,38,360,6,CIVIL,1
6.45,6,3,0,0,36,57,213,1,CIVIL,1
8.09,2,5,2,0,61,34,248,4,ECE,1
8.4,6,2,5,0,78,48,406,4,MECH,1
6.98,2,9,0,2,85,91,53,3,ECE,1
9.04,2,0,4,2,53,36,38,8,CSE,1
7.92,3,3,0,1,46,39,346,7,CSE,1
9.66,3,9,5,3,80,8,300,8,MECH,1
8.61,3,5,4,1,76,65,397,2,MECH,1
7.13,1,2,2,2,46,49,127,1,MECH,1
5.6,5,7,2,0,54,26,112,2,CIVIL,1
8.86,1,9,4,1,46,5,184,1,CIVIL,1
7.63,0,5,2,2,30,87,145,6,CIVIL,1
9.55,0,10,6,3,60,22,111,5,ECE,1
6.96,0,8,4,0,97,4,233,8,CIVIL,1
6.32,3,4,7,2,31,100,274,1,IT,1
6.95,6,10,4,3,88,32,354,1,CIVIL,1
9.57,6,9,8,1,44,2,369,4,MECH,1
9.65,1,7,2,1,21,65,15,7,CIVIL,1
8.57,3,4,7,3,71,36,104,2,CSE,1
5.75,5,4,1,0,100,52,389,5,CSE,1
9.59,5,2,0,1,65,51,286,5,IT,1
5.8,4,2,4,0,55,41,454,1,CSE,1
6.9,3,5,6,2,28,8,362,2,CIVIL,1
8.31,6,1,2,0,100,2,421,5,CSE,1
8.85,6,1,3,3,76,19,64,3,MECH,1
7.12,5,7,4,0,83,8,441,4,IT,1
8.19,0,5,8,0,39,96,346,6,MECH,1
9.5,2,6,3,3,59,92,123,6,IT,1
8.45,3,4,6,2,80,55,116,8,ECE,1
9.14,2,4,6,3,52,8,134,5,IT,1
9.59,4,4,3,2,7,82,363,3,ECE,1
8.69,4,2,6,3,70,81,366,7,IT,1
9.12,3,10,6,1,83,72,352,4,CSE,1
6.34,2,1,8,1,87,67,62,7,CIVIL,1
6.27,0,3,0,0,10,29,491,3,CSE,1
7.44,0,9,6,3,73,28,77,7,ECE,1
6.33,1,4,6,1,11,32,298,1,CIVIL,1
5.65,2,1,4,0,67,6,170,4,CIVIL,1
9.21,4,1,8,1,90,12,396,7,ECE,1
7.7,2,2,6,0,13,19,177,7,MECH,1
9.24,6,3,3,0,96,100,243,7,ECE,1
8.49,3,10,0,3,23,60,37,8,ECE,1
7.28,2,3,4,2,94,54,353,4,CSE,1
9.33,5,4,2,1,40,20,444,1,IT,1
8.9,0,1,5,3,77,87,466,4,ECE,1
8.17,2,7,8,1,36,59,16,2,CIVIL,1
9.92,5,2,8,0,71,40,375,1,CSE,1
6.14,5,7,1,0,56,67,18,6,MECH,1
7.52,5,8,2,0,0,86,350,7,CIVIL,1
7.95,6,7,1,0,65,64,52,7,MECH,1
9.9,4,3,1,1,90,53,493,7,CSE,1
8.43,2,10,4,1,62,25,382,7,MECH,1
9.68,5,4,5,1,7,32,110,6,CIVIL,1
8.26,2,3,3,3,1,46,102,1,CSE,1
5.53,1,2,6,3,61,60,450,6,CIVIL,1
8.14,5,8,0,0,37,1,452,5,CIVIL,1
7.29,4,10,7,0,17,30,177,7,IT,1
5.79,5,10,7,0,90,2,493,1,ECE,1
7.12,5,9,2,1,93,85,21,3,CIVIL,1
7.31,6,1,2,1,66,71,0,7,MECH,1
7.25,3,8,6,2,94,42,483,7,CSE,1
6.56,0,7,5,2,59,77,230,8,CSE,1
6.27,4,9,6,0,70,31,476,8,MECH,1
5.6,2,5,4,2,95,15,499,2,IT,1
6.57,0,8,4,1,70,24,493,1,ECE,1
8.93,0,6,5,3,98,67,257,6,IT,1
8.1,2,0,4,1,78,25,368,4,CSE,1
9.55,1,4,7,3,96,6,141,6,IT,1
7.32,3,3,3,2,84,25,355,2,CIVIL,1
8.49,5,10,7,2,65,5,251,3,IT,1
8.43,3,7,0,3,83,82,141,1,ECE,1
9.82,4,7,5,2,22,97,120,7,IT,1
8.35,5,4,0,0,47,82,291,7,CSE,1
5.75,3,7,4,0,68,18,136,5,ECE,1
9.8,1,10,3,0,60,3,467,6,CSE,1
9.42,3,8,5,3,26,22,202,4,CIVIL,1
7.5,1,2,4,2,70,65,197,4,MECH,1
5.56,0,2,1,3,96,5,232,6,MECH,1
7.53,2,7,1,0,71,4,372,5,CIVIL,1
9.7,0,5,3,1,49,82,96,5,CSE,1
9.46,2,9,1,1,10,85,60,5,CIVIL,1
9.98,2,1,1,0,2,37,442,2,ECE,1
9.08,6,4,3,0,98,69,438,1,ECE,1
7.26,5,0,2,3,52,39,208,3,ECE,1
7.32,6,3,7,3,34,91,280,7,CIVIL,1
5.61,0,1,7,3,99,75,55,5,IT,1
6.21,0,1,0,1,14,23,349,1,CIVIL,1
6.32,0,2,2,0,33,67,71,8,ECE,1
7.55,2,9,0,1,22,37,147,3,CIVIL,1
5.79,0,0,3,1,79,79,15,6,ECE,1
7.33,6,3,0,3,58,5,35,3,ECE,1
8.79,2,6,8,3,21,36,296,8,ECE,1
8.49,6,9,6,3,95,56,459,7,MECH,1
7.91,3,0,1,1,18,39,210,5,ECE,1
5.64,1,0,3,2,30,74,402,1,CIVIL,1
9.85,6,5,4,0,32,68,49,4,IT,1
6.39,6,0,7,0,21,68,127,7,IT,1
8.44,1,0,0,0,17,20,42,7,CIVIL,0
7.76,0,10,7,3,17,45,47,3,CIVIL,1
5.89,2,5,0,0,33,10,286,8,ECE,1
5.83,6,8,1,2,11,45,154,2,ECE,1
9.58,3,9,2,1,98,39,156,5,CSE,1
9.68,3,0,5,3,61,2,463,1,IT,1
9.49,4,7,7,3,39,60,426,1,ECE,1
8.47,4,2,3,3,23,1,266,5,ECE,1
5.53,4,1,3,1,19,31,368,7,CIVIL,1
8.06,5,7,5,2,50,40,322,6,MECH,1
8.17,5,0,0,3,41,22,224,1,CIVIL,1
9.04,2,0,2,1,57,79,99,4,IT,1
9.46,2,9,7,1,45,2,109,4,CSE,1
6.68,5,5,5,3,84,7,20,6,ECE,1
6.85,5,0,3,0,72,2,32,5,ECE,1
7.83,3,5,8,1,29,50,389,6,CIVIL,1
7.71,3,4,5,1,55,59,222,6,CSE,1
7.79,1,0,4,0,8,88,449,1,CIVIL,1
7.97,2,9,7,0,85,30,116,2,CIVIL,1
8.74,5,8,1,1,28,51,147,8,IT,1
8.91,5,8,4,1,64,12,90,1,ECE,1
8.68,3,1,5,3,34,12,288,7,IT,1
9.47,1,7,6,1,0,66,252,5,CIVIL,1
6.6,6,6,7,0,81,27,84,1,MECH,1
6.99,4,1,2,1,53,68,246,8,CSE,1
8.93,5,9,8,1,46,84,221,4,IT,1
9.2,4,3,2,1,76,30,316,7,CSE,1
9.31,4,0,0,1,97,24,399,3,ECE,1
9.13,6,6,4,2,82,67,359,8,CSE,1
7.49,0,3,5,3,92,12,70,6,ECE,1
7.19,1,3,7,0,39,48,17,4,IT,1
8.49,5,10,1,2,40,54,377,4,CSE,1
6.93,1,9,4,2,53,59,124,5,ECE,1
5.51,1,9,4,3,62,7,142,7,CIVIL,1
9.16,2,10,5,1,36,67,372,7,IT,1
9.8,0,8,3,1,63,64,438,2,CIVIL,1
6.04,0,7,5,3,17,60,472,8,ECE,1
9.65,2,5,3,3,78,47,372,6,CSE,1
9.14,1,6,1,2,66,37,226,6,ECE,1
6.54,0,4,2,1,56,78,293,4,IT,1
8.8,0,7,3,3,70,54,237,1,ECE,1
6.58,4,7,6,3,31,6,254,4,CSE,1
7.43,1,10,1,3,57,94,320,4,CSE,1
9.38,3,7,3,1,52,48,204,5,CIVIL,1
9.31,1,3,3,0,30,27,76,4,ECE,1
7.01,6,2,6,0,51,2,18,5,CIVIL,1
6.51,4,3,7,0,68,56,162,1,MECH,1
9.43,6,10,0,3,64,1,454,3,CIVIL,1
6.21,1,8,0,3,7,92,271,8,MECH,1
9.99,3,6,1,2,99,85,201,5,IT,1
7.29,5,3,6,2,92,92,407,5,CIVIL,1
5.68,3,6,3,2,63,25,43,1,CIVIL,1
9.71,1,2,4,0,62,74,113,2,CIVIL,1
6.0,6,4,8,3,75,48,171,6,ECE,1
9.85,1,0,2,2,94,12,72,3,MECH,1
9.33,0,2,8,1,0,47,27,5,IT,1
8.63,1,2,8,1,95,9,56,2,MECH,1
9.86,3,7,0,3,54,5,184,2,CIVIL,1
9.66,4,6,2,2,58,69,174,4,CSE,1
6.97,1,7,4,1,69,65,424,7,CIVIL,1
8.25,3,3,1,2,76,10,367,6,CIVIL,1
6.29,3,3,8,3,94,50,161,6,CSE,1
7.98,4,8,7,0,58,78,422,5,CIVIL,1
5.87,5,4,7,1,32,75,442,4,CSE,1
6.86,4,7,7,0,82,61,23,4,IT,1
6.24,1,8,5,1,74,32,477,4,CIVIL,1
8.2,6,4,6,1,36,96,226,3,MECH,1
8.14,3,7,6,2,64,19,225,4,IT,1
6.01,1,2,3,0,32,26,138,4,MECH,0
6.76,0,4,8,0,30,1,96,5,CIVIL,1
6.19,3,8,4,3,12,29,116,7,ECE,1
7.66,0,9,0,0,2,69,335,1,CIVIL,1
8.08,0,8,5,3,76,65,31,2,MECH,0
9.94,4,4,1,2,64,28,331,6,MECH,1
9.64,3,1,4,0,65,20,238,5,CSE,1
7.16,5,3,1,0,99,60,151,3,CSE,1
6.76,5,9,5,3,89,65,128,4,ECE,1
9.84,6,1,6,0,42,96,297,8,MECH,1
7.33,6,1,6,3,98,66,264,6,CSE,1
6.31,6,2,7,2,26,26,166,3,ECE,1
9.3,1,4,0,0,84,74,160,2,IT,1
9.21,1,2,2,1,43,54,445,6,CIVIL,1
6.08,1,0,4,0,33,53,163,6,IT,1
7.79,3,7,7,3,86,100,237,6,ECE,1
6.99,6,8,0,2,92,78,221,6,CIVIL,1
9.22,2,6,8,0,2,33,68,6,IT,1
9.32,1,2,3,1,5,43,346,3,ECE,1
9.15,3,6,6,3,74,21,84,5,ECE,1
5.77,3,3,1,2,85,3,343,5,CSE,1
6.57,6,4,6,3,44,39,103,5,MECH,1
6.19,4,3,4,0,42,40,96,4,CIVIL,1
9.84,6,6,5,1,30,79,488,1,CSE,1
9.27,1,2,2,1,19,77,410,7,IT,1
9.14,6,6,1,1,12,66,188,7,CSE,1
6.95,0,6,2,1,26,24,172,4,ECE,1
9.95,0,4,2,1,67,96,183,6,CIVIL,1
8.25,0,5,5,2,47,49,93,8,CIVIL,1
6.99,1,5,7,1,76,4,498,4,ECE,1
6.05,3,8,5,0,36,51,186,2,ECE,0
7.49,6,7,2,2,73,75,310,4,IT,1
8.05,4,10,4,0,90,68,492,3,CSE,1
8.6,1,10,8,0,92,68,40,1,ECE,1
7.93,3,6,4,3,6,45,117,6,CSE,1
9.45,4,4,4,1,76,74,75,5,IT,1
9.01,1,10,7,0,99,25,63,8,IT,1
9.02,1,7,5,3,7,31,326,2,ECE,1
7.89,4,9,4,3,74,47,96,8,IT,1
7.89,5,10,8,2,19,83,424,3,IT,1
6.33,5,4,2,1,35,87,388,2,CSE,1
7.54,6,7,0,3,13,32,14,6,MECH,1
9.46,4,8,0,2,23,72,241,8,CSE,1
5.78,5,6,8,3,11,98,343,6,IT,1
6.57,5,8,5,3,2,76,261,3,MECH,1
8.11,5,7,0,3,26,41,443,2,IT,1
6.89,3,0,5,2,75,32,315,1,CSE,1
8.05,6,9,2,0,80,68,165,1,IT,1
7.75,6,7,4,3,42,38,160,8,IT,1
8.99,4,1,7,3,85,88,313,7,MECH,1
5.84,6,0,1,0,77,71,301,7,ECE,1
8.91,6,5,3,1,67,88,480,4,MECH,1
7.23,0,4,2,2,36,53,410,3,CSE,1
8.93,3,1,3,2,98,65,322,6,ECE,1
7.33,3,6,4,1,35,96,175,4,CIVIL,1
9.83,3,1,1,2,90,10,492,4,IT,1
6.97,4,5,8,1,6,77,76,2,MECH,1
5.66,3,1,7,2,42,4,206,3,CIVIL,1
7.35,5,5,8,2,62,53,174,3,CSE,1
8.4,2,0,3,3,67,1,177,4,IT,1
9.37,0,3,4,2,28,37,360,6,IT,1
8.92,3,8,3,1,37,37,490,5,CSE,1
8.74,6,4,4,3,75,39,234,7,CIVIL,1
9.1,6,2,1,0,30,69,238,6,IT,1
8.06,4,9,5,2,16,85,491,4,IT,0
6.91,2,8,1,2,73,13,192,4,CIVIL,1
5.61,1,7,5,2,50,66,315,4,ECE,1
8.11,4,0,8,1,60,76,443,5,IT,1
6.83,2,3,7,1,10,68,352,1,MECH,1
7.34,6,10,1,0,30,58,230,7,CSE,1
6.61,3,0,8,3,28,42,433,6,IT,1
5.8,4,3,4,2,86,87,20,3,CIVIL,1
8.58,0,7,0,3,89,19,236,5,ECE,1
9.51,1,4,7,0,0,33,386,3,CSE,1
7.58,5,6,1,1,58,16,251,4,CSE,1
6.99,6,2,8,0,98,29,211,8,CIVIL,1
6.7,1,6,2,1,41,70,240,5,ECE,1
6.37,0,0,3,0,83,97,170,5,MECH,1
9.29,6,6,6,0,88,46,58,6,IT,1
9.19,4,5,8,2,27,79,371,5,IT,1
6.57,0,2,2,0,15,93,469,7,ECE,1
8.03,6,5,0,0,88,15,198,6,ECE,1
6.96,2,9,4,0,97,12,125,6,MECH,1
8.72,0,6,2,0,43,91,109,7,IT,1
7.04,2,0,4,1,9,35,249,7,MECH,1
8.17,6,1,1,2,81,4,91,7,MECH,1
7.47,4,7,7,0,39,83,145,6,CIVIL,1
9.35,6,4,2,1,4,63,360,6,MECH,1
7.76,4,8,6,1,38,97,247,3,CSE,1
9.21,4,1,0,2,0,37,43,1,IT,1
5.87,0,8,7,0,93,58,383,2,ECE,1
9.14,4,7,1,3,80,7,303,5,IT,1
7.44,0,4,4,3,3,82,204,6,IT,1
7.07,5,7,6,2,29,23,375,7,CSE,1
7.21,5,6,1,0,26,52,392,2,CIVIL,1
9.85,4,8,3,3,22,6,370,1,MECH,1
6.85,2,6,5,1,11,28,153,4,IT,1
9.27,0,7,2,0,50,30,409,3,IT,1
9.34,0,4,0,1,16,60,226,6,IT,1
8.77,2,1,0,1,92,41,242,5,IT,1
8.74,5,4,3,1,26,58,439,7,CIVIL,1
8.22,6,5,5,0,96,49,97,6,CIVIL,1
7.61,3,5,5,1,74,60,209,1,ECE,1
9.9,1,8,3,1,31,82,99,3,CSE,1
7.29,6,5,8,2,10,54,436,8,IT,1
9.85,1,2,6,2,9,75,500,7,IT,1
9.01,2,10,7,3,26,100,6,8,IT,1
5.96,3,4,2,2,26,24,130,7,IT,1
8.11,2,0,0,1,15,61,458,5,CIVIL,1
8.89,3,8,3,1,12,75,123,2,IT,1
6.21,3,1,3,0,26,81,59,3,MECH,1
9.56,1,3,0,0,66,50,198,4,MECH,1
6.83,5,6,4,3,63,40,253,3,MECH,1
9.09,5,10,8,2,16,78,128,2,ECE,1
8.11,4,6,0,1,93,46,321,4,CIVIL,1
7.76,4,2,4,0,24,17,259,5,ECE,1
9.08,1,9,6,1,21,92,335,3,MECH,1
9.98,1,1,4,2,64,17,340,5,IT,1
8.18,2,3,4,3,48,48,242,1,IT,1
7.27,3,2,3,2,7,59,445,1,MECH,1
8.97,2,3,2,2,32,47,357,4,CIVIL,1
7.33,1,10,3,2,6,62,111,3,CIVIL,1
5.65,2,5,5,2,0,58,457,1,MECH,1
6.63,0,0,7,1,7,75,414,1,CSE,1
6.96,1,8,4,0,67,84,308,2,CSE,1
6.03,3,2,2,3,81,60,177,7,MECH,1
9.14,3,8,2,3,5,49,459,6,MECH,1
9.75,1,10,0,0,95,57,276,6,ECE,1
7.18,6,9,5,1,59,67,400,1,MECH,1
7.09,1,4,0,0,94,92,381,4,ECE,0
9.29,4,9,0,1,17,16,477,2,CSE,1
6.44,0,4,3,1,66,69,225,4,CSE,1
7.42,5,7,3,2,25,14,378,4,ECE,1
7.9,3,5,6,3,84,71,109,7,CIVIL,1
6.37,1,5,5,3,50,23,141,7,CSE,1
6.42,4,1,0,1,59,49,31,1,IT,1
9.58,4,5,1,0,18,18,207,1,IT,1
6.27,5,9,6,0,80,93,170,3,CSE,1
7.39,3,4,0,0,76,29,114,2,IT,1
9.27,6,4,5,0,92,25,457,2,CSE,1
8.85,0,3,6,3,66,39,495,8,IT,1
7.18,4,7,0,0,98,82,270,7,IT,1
9.39,2,9,1,3,20,8,178,3,CSE,1
8.57,3,8,6,0,66,35,3,6,CIVIL,1
8.98,6,2,2,0,6,5,396,3,ECE,1
6.94,6,7,3,0,18,86,290,3,CSE,1
9.76,5,2,0,3,54,76,399,4,CSE,1
8.57,6,5,7,3,27,2,166,4,MECH,1
8.82,2,6,4,0,47,94,410,2,CSE,1
8.28,3,6,2,2,3,15,129,3,IT,1
8.26,4,1,1,3,11,15,437,7,CSE,1
6.08,4,4,1,3,87,9,29,4,CIVIL,1
5.63,5,6,8,3,61,21,275,1,ECE,1
5.73,0,6,5,2,80,37,311,5,IT,1
8.56,4,6,8,3,75,11,361,2,ECE,1
9.43,5,8,2,1,25,64,32,7,CIVIL,1
5.78,2,6,7,0,71,44,223,1,CSE,1
8.35,0,2,1,1,3,59,286,6,MECH,1
9.32,5,4,8,3,43,21,466,1,IT,1
9.88,0,8,1,2,62,52,223,6,IT,1
7.56,2,7,7,1,61,58,21,1,ECE,1
6.02,0,4,7,1,82,82,1,4,MECH,1
6.24,3,10,8,3,98,37,280,6,IT,1
9.87,3,1,3,1,79,28,196,8,CSE,1
6.63,5,8,1,3,50,62,244,5,IT,1
9.73,4,9,0,2,100,29,280,5,CSE,1
8.25,1,8,5,3,75,77,55,4,ECE,1
6.23,0,6,7,0,53,97,175,2,ECE,1
8.49,5,9,7,3,86,37,226,7,CSE,1
9.38,1,7,6,3,50,66,168,6,MECH,1
8.42,5,10,0,2,70,38,476,1,ECE,1
8.72,3,1,5,2,90,57,424,2,CSE,1
7.18,6,9,0,2,11,31,413,1,CSE,1
9.74,6,7,5,2,37,43,381,3,MECH,1
8.5,6,1,1,2,37,99,141,6,ECE,1
6.69,1,3,3,1,100,35,250,7,CSE,1
6.15,4,10,7,2,9,75,293,6,ECE,1
9.74,2,10,0,1,19,64,335,7,ECE,1
6.36,2,9,5,3,97,26,357,3,ECE,1
6.56,1,3,1,0,21,90,379,3,CIVIL,1
6.54,4,5,8,0,35,49,485,1,CIVIL,1
7.21,6,2,0,1,87,54,239,6,ECE,1
9.37,6,9,3,1,0,97,33,4,MECH,1
6.43,1,2,7,2,6,10,50,2,ECE,1
5.78,2,6,3,2,61,66,276,5,MECH,1
6.87,1,0,1,3,72,99,283,4,ECE,1
5.73,1,6,4,2,70,7,124,6,CSE,1
6.46,1,4,7,3,54,56,229,3,IT,1
8.15,1,0,2,1,85,59,433,4,MECH,1
9.86,6,2,7,1,4,53,455,8,MECH,1
5.82,0,5,6,1,31,1,468,4,MECH,1
7.89,5,1,3,3,17,83,127,2,IT,1
7.49,0,7,4,3,3,65,421,6,CIVIL,1
9.19,6,9,6,3,20,20,500,5,IT,1
7.32,0,1,5,2,49,27,343,7,CIVIL,1
9.24,0,6,6,0,79,56,440,5,CIVIL,1
8.99,5,2,4,1,98,44,167,3,MECH,1
8.89,3,10,8,3,27,46,244,7,CSE,1
8.82,2,1,0,0,2,85,411,3,CSE,1
7.39,0,9,7,1,38,21,166,1,CSE,1
9.17,1,6,0,0,47,0,462,1,ECE,1
8.87,3,7,3,3,63,84,453,1,MECH,1
8.33,5,0,4,3,45,61,203,3,ECE,1
9.97,0,4,1,3,35,37,83,8,CIVIL,1
7.33,0,1,0,0,93,45,422,7,IT,1
5.94,5,8,8,0,51,4,267,8,CSE,1
8.87,6,9,8,1,69,12,168,7,ECE,1
6.3,6,6,1,0,49,20,498,5,CIVIL,1
6.15,3,5,5,0,99,86,481,5,CSE,1
7.38,6,6,8,3,7,35,429,6,MECH,1
8.02,1,7,5,3,68,88,338,3,IT,1
7.06,4,10,6,1,9,72,314,8,IT,1
9.04,6,4,5,1,72,92,114,3,MECH,1
9.72,6,8,6,3,86,55,136,8,ECE,1
6.57,2,2,2,2,24,53,176,5,MECH,1
6.15,6,0,8,3,90,13,91,6,CIVIL,1
6.32,6,0,1,2,4,61,43,2,IT,1
6.19,3,10,2,3,25,6,449,4,CSE,1
9.17,3,6,5,1,29,54,350,1,MECH,1
8.16,2,9,2,2,21,87,147,6,CSE,1
7.67,6,7,7,3,21,21,310,1,ECE,1
6.95,2,9,3,1,69,36,250,5,MECH,1
6.78,4,2,5,2,68,49,268,8,IT,1
9.52,5,4,4,3,51,40,324,3,ECE,1
9.73,0,6,4,3,2,66,435,6,IT,1
5.72,5,3,5,3,30,51,380,6,ECE,1
6.68,6,2,6,2,78,51,379,2,MECH,1
9.27,0,8,3,0,50,64,43,1,ECE,1
6.43,5,8,5,1,84,43,101,7,CSE,1
7.57,0,7,0,2,67,24,270,7,ECE,1
9.22,0,2,5,2,70,36,358,6,CSE,1
5.75,6,2,8,0,97,45,145,1,CIVIL,1
6.85,2,9,1,2,46,88,238,3,MECH,1
8.62,5,3,4,0,1,62,412,5,CSE,1
6.28,6,4,4,0,58,84,92,2,MECH,1
6.7,3,5,5,3,27,94,450,5,ECE,1
5.98,1,5,1,2,38,66,381,6,CIVIL,1
7.04,2,9,4,1,39,92,366,8,CSE,1
9.43,4,9,7,3,91,88,371,3,IT,1
6.04,2,4,0,2,86,42,295,3,ECE,1
9.79,5,1,0,2,53,49,298,4,CSE,1
7.35,6,9,4,1,70,69,195,4,IT,1
7.36,3,7,8,2,23,54,127,2,CSE,1
6.89,6,10,3,3,17,7,37,8,CIVIL,1
8.59,5,0,1,3,71,37,47,4,ECE,1
9.2,4,7,5,1,37,18,51,4,ECE,1
9.24,0,8,1,1,36,5,44,8,IT,1
9.67,3,6,7,0,81,63,232,1,MECH,1
5.52,6,5,3,0,97,25,39,7,MECH,1
6.87,0,5,0,0,2,27,246,5,CIVIL,1
8.97,1,3,8,0,54,63,238,3,MECH,1
6.09,0,1,5,1,45,77,285,2,MECH,1
8.43,6,3,6,2,47,36,469,1,IT,1
6.38,6,6,8,3,13,60,371,6,IT,1
8.52,3,0,5,2,8,77,453,2,MECH,1
9.25,3,5,8,0,57,91,298,7,CSE,1
7.76,0,6,0,1,88,57,121,2,IT,1
6.93,2,1,7,2,5,35,428,8,MECH,1
5.7,4,10,8,3,24,75,6,7,CIVIL,1
8.08,2,1,1,1,71,57,213,8,CIVIL,1
8.1,1,9,4,3,83,38,476,7,CIVIL,1
7.14,0,7,8,1,89,94,485,5,ECE,1
6.1,1,1,2,0,78,68,371,5,IT,1
9.78,4,5,3,3,15,23,333,7,IT,1
9.64,1,0,0,1,54,84,394,5,CSE,1
9.09,1,9,1,1,58,50,302,6,IT,1
5.96,6,10,8,0,94,75,222,1,CIVIL,1
5.79,2,5,0,3,74,82,323,6,MECH,1
7.47,6,9,1,2,32,83,367,2,MECH,1
5.94,2,4,8,0,1,66,15,1,CIVIL,1
6.43,3,9,7,2,95,62,108,7,CSE,1
8.15,2,9,5,0,67,31,480,2,CSE,1
7.77,0,0,7,2,11,58,494,3,MECH,1
8.28,3,2,2,2,73,16,408,2,CIVIL,1
9.17,5,9,2,2,76,68,207,3,CSE,1
7.48,0,6,1,0,27,75,14,7,ECE,1
7.26,5,9,1,0,84,4,488,3,CSE,1
7.6,4,0,7,2,59,16,141,7,CIVIL,1
8.67,6,3,0,3,87,88,273,3,CSE,1
6.1,1,5,7,1,41,68,242,4,MECH,1
5.79,3,6,3,3,11,45,40,5,CIVIL,1
8.82,2,9,6,3,2,54,165,3,ECE,1
7.07,4,0,5,2,96,78,482,2,IT,1
8.45,1,7,3,3,71,27,436,4,IT,1
6.93,0,2,6,1,87,8,13,2,ECE,1
6.38,3,7,1,1,43,59,332,4,CIVIL,1
8.83,3,7,1,1,32,9,409,1,CIVIL,1
5.57,0,2,3,3,99,25,123,3,ECE,1
6.25,4,7,1,3,74,24,45,1,IT,1
7.28,6,9,6,1,46,89,293,5,MECH,1
8.72,0,6,0,2,46,25,286,8,ECE,0
8.32,6,3,4,1,3,24,394,3,MECH,1
5.9,1,2,2,2,12,33,347,8,MECH,1
9.28,1,5,1,1,24,70,347,3,CIVIL,1
7.37,0,7,1,3,20,49,167,7,CSE,1
9.73,5,3,5,1,20,77,235,6,ECE,1
9.47,0,6,8,1,43,38,331,5,CSE,1
5.94,1,5,5,3,76,76,137,1,ECE,1
9.11,5,0,3,3,57,8,383,4,ECE,1
5.71,0,1,3,3,79,73,26,6,ECE,1
7.29,2,8,4,0,35,46,499,3,IT,1
6.68,3,4,7,2,13,85,464,8,MECH,1
7.91,1,1,8,0,43,46,428,5,IT,1
7.82,5,3,2,3,97,8,300,2,CIVIL,1
6.99,3,4,6,3,77,85,486,3,IT,1
8.29,6,2,3,0,33,100,152,8,CSE,1
9.38,2,8,2,1,17,99,430,6,CSE,1
6.8,5,5,5,1,35,91,34,6,ECE,1
7.67,0,3,0,2,35,30,323,4,CSE,1
5.89,5,10,5,0,83,89,479,8,MECH,1
6.41,3,5,5,0,17,85,269,2,ECE,1
7.6,5,6,7,3,94,82,395,5,MECH,1
7.02,1,1,5,2,39,34,45,6,IT,1
9.43,3,7,6,1,15,59,123,4,MECH,1
9.54,4,2,8,2,82,33,146,5,MECH,1
6.11,1,0,7,3,28,97,182,7,CSE,1
6.13,2,4,5,1,19,57,215,2,CIVIL,1
6.57,5,9,3,2,37,30,445,8,CSE,1
7.91,3,2,2,0,57,88,346,4,ECE,1
6.35,4,7,4,0,31,55,125,1,ECE,1
8.52,1,1,7,3,81,90,153,5,MECH,1
5.84,5,10,3,1,100,11,194,4,IT,1
6.63,4,3,3,3,65,60,417,4,MECH,1
8.27,5,7,0,3,12,33,248,2,CSE,1
8.21,4,3,8,2,77,34,78,5,MECH,1
9.75,3,9,5,2,27,21,11,7,MECH,1
6.5,2,9,7,0,66,98,63,2,ECE,1
8.34,0,4,4,1,72,13,365,3,IT,1
7.38,6,1,0,0,3,86,88,4,CSE,1
6.15,4,5,6,1,89,65,406,4,IT,1
5.71,5,6,4,2,80,5,377,8,ECE,1
6.96,0,3,7,0,5,76,471,6,CIVIL,1
9.93,4,9,6,0,75,65,495,6,IT,1
8.45,6,6,6,0,24,72,278,3,IT,1
8.36,4,7,7,2,41,59,395,6,CSE,1
6.47,1,2,0,0,75,61,29,8,CIVIL,1
6.74,2,4,5,3,71,100,391,6,CIVIL,1
9.83,2,5,6,1,74,66,115,8,CIVIL,1
6.13,3,1,8,3,59,75,79,5,IT,1
6.4,5,9,0,2,67,88,91,6,IT,1
7.91,5,10,6,0,26,76,385,1,IT,1
8.18,4,5,3,3,63,53,469,1,IT,1
8.72,5,2,6,3,60,9,376,6,CSE,1
9.44,2,2,3,0,42,66,241,8,IT,1
7.07,4,8,5,2,20,64,319,6,CIVIL,1
7.93,0,4,7,3,68,61,140,2,IT,1
7.02,1,5,2,0,87,1,82,6,IT,1
7.67,3,8,4,2,94,85,450,8,MECH,1
9.24,2,2,5,2,48,12,159,3,CSE,1
9.67,2,10,7,0,41,37,286,6,CIVIL,1
8.61,3,7,2,1,7,47,304,5,ECE,1
6.29,3,0,2,3,26,35,409,1,CIVIL,1
8.32,0,5,7,2,69,9,218,3,ECE,1
8.66,0,5,1,3,81,38,69,8,CSE,1
7.45,2,10,6,3,58,56,293,8,CIVIL,1
8.51,2,6,2,0,39,16,63,1,ECE,1
6.22,0,6,7,1,20,68,5,8,CSE,1
6.27,1,7,7,2,86,54,32,7,CIVIL,1
5.86,3,10,0,2,6,47,441,5,IT,1
9.97,1,4,6,3,25,55,158,7,CIVIL,1
9.08,2,0,1,0,3,7,30,5,CIVIL,1
7.97,0,2,2,0,78,43,353,8,MECH,1
9.46,3,10,5,0,52,78,225,5,IT,1
7.65,2,0,1,2,87,89,429,5,CIVIL,1
7.49,4,5,0,0,38,67,228,6,MECH,1
8.98,5,2,6,1,90,60,82,5,ECE,1
9.15,3,6,5,3,25,49,152,7,CSE,1
8.31,5,5,6,2,42,61,397,4,CIVIL,1
8.56,2,9,8,3,26,81,449,3,ECE,1
7.97,5,6,1,1,33,51,24,3,CSE,1
5.59,4,3,4,2,48,61,7,2,CIVIL,1
8.63,6,3,0,3,63,45,423,2,CIVIL,1
5.91,6,1,3,0,25,10,97,1,MECH,1
9.5,2,9,2,2,4,79,154,3,ECE,1
8.79,6,9,4,2,12,46,174,1,MECH,1
8.54,6,4,7,0,43,25,288,3,IT,1
8.15,6,9,1,0,6,21,142,8,MECH,1
8.65,0,0,0,0,44,59,13,3,CSE,1
7.98,0,6,6,2,54,91,416,1,MECH,1
8.57,3,6,0,1,75,7,118,1,ECE,1
8.7,3,5,3,2,47,96,374,1,CSE,1
9.43,3,2,3,3,37,38,270,6,ECE,1
8.2,1,8,8,0,97,58,315,3,MECH,1
7.86,1,0,4,2,40,18,275,2,CIVIL,1
6.75,5,6,1,0,69,23,17,6,IT,1
7.61,0,6,3,0,55,33,214,8,CIVIL,1
6.81,4,2,0,3,54,3,347,6,CSE,1
7.35,6,9,2,0,85,24,15,7,CSE,1
7.99,5,1,2,0,35,2,425,4,CIVIL,1
7.76,5,5,5,1,60,99,333,7,ECE,1
6.7,3,0,0,2,64,8,411,8,IT,1
7.97,1,9,8,1,65,90,70,7,ECE,1
5.51,0,4,0,0,4,1,313,4,CIVIL,1
9.35,3,3,8,3,31,45,22,1,CIVIL,1
7.22,4,0,4,3,41,5,173,4,IT,1
5.71,0,1,6,3,89,82,249,5,MECH,1
6.03,4,9,8,1,62,95,457,7,MECH,1
6.1,6,5,1,1,95,62,27,2,CSE,1
8.14,2,8,2,3,65,43,457,2,CSE,1
9.79,1,1,1,3,56,97,98,8,CSE,1
7.26,1,5,2,0,53,53,31,3,MECH,1
8.18,1,8,1,3,89,52,421,8,CSE,1
6.97,3,10,8,3,87,12,241,8,CIVIL,1
9.23,2,9,8,3,19,43,233,3,IT,1
8.86,0,5,5,2,37,53,294,8,ECE,1
8.32,1,0,5,2,21,40,109,1,CSE,1
7.41,0,10,5,2,66,62,183,1,IT,1
7.92,1,2,0,2,38,61,272,2,ECE,1
7.07,6,2,6,2,81,45,163,8,IT,1
7.72,3,9,2,3,1,77,400,4,ECE,1
7.31,0,6,8,1,44,41,339,5,ECE,1
6.13,1,0,8,0,67,87,325,6,CIVIL,1
6.5,2,2,0,3,58,67,123,3,MECH,1
6.23,1,9,1,2,19,93,222,1,CIVIL,1
9.18,1,4,1,3,80,8,496,5,MECH,1
8.06,1,5,7,0,83,37,349,8,MECH,1
8.89,1,3,0,0,88,85,313,4,CIVIL,1
6.62,0,9,7,0,8,45,157,5,CSE,1
6.91,1,10,2,1,28,45,24,8,ECE,1
9.42,5,7,5,1,19,32,130,1,MECH,1
8.13,4,0,8,1,11,31,255,5,CSE,1
6.86,3,2,5,1,93,91,239,5,CSE,1
8.73,2,2,6,1,40,25,500,1,CIVIL,1
7.94,6,2,7,1,48,99,257,4,CSE,1
6.48,4,7,4,1,30,39,438,7,IT,1
9.79,6,7,5,2,85,26,121,4,ECE,1
5.8,6,7,8,1,20,5,308,6,CIVIL,1
7.24,3,1,1,3,0,4,449,7,CIVIL,1
6.7,5,0,5,2,85,61,360,2,IT,1
7.06,0,8,4,3,92,71,102,2,MECH,1
7.07,1,4,1,2,10,11,423,6,IT,0
8.28,2,9,2,0,10,74,464,6,IT,1
6.96,3,8,3,2,2,52,411,7,MECH,1
6.71,5,1,3,3,4,50,145,2,ECE,1
8.19,2,10,4,2,33,63,102,1,IT,1
6.77,5,7,3,3,82,58,327,2,IT,1
8.95,5,7,1,1,23,98,94,5,CSE,1
9.52,0,8,6,0,94,38,443,4,ECE,1
8.31,3,7,1,2,16,13,214,8,ECE,1
7.4,1,4,3,0,21,57,411,2,CIVIL,1
7.72,3,5,3,2,23,19,408,8,CIVIL,1
6.37,4,7,4,0,13,32,241,4,CSE,1
6.09,2,3,3,1,62,77,446,4,IT,1
7.02,2,10,0,2,23,17,92,1,MECH,1
7.63,6,8,0,1,42,79,360,1,IT,1
9.96,1,5,0,2,69,44,99,7,CSE,1
6.65,2,0,2,1,94,50,53,7,CIVIL,1
7.13,1,10,1,2,49,16,145,4,CIVIL,1
6.46,1,3,8,0,99,72,224,2,CIVIL,1
6.54,2,7,6,1,97,89,217,7,IT,1
6.58,3,6,5,3,42,74,275,4,MECH,1
8.55,0,2,8,0,78,86,240,4,MECH,1
8.15,6,1,4,0,4,9,170,7,CSE,1
7.15,6,6,7,3,92,74,343,2,MECH,1
9.71,2,8,2,1,66,40,222,8,MECH,1
5.76,6,7,5,2,18,84,217,1,MECH,1
9.93,1,3,3,2,96,55,92,1,ECE,1
5.82,6,9,0,0,34,80,55,8,CIVIL,1
5.81,4,6,0,1,27,2,236,3,CIVIL,1
9.65,1,9,5,1,33,35,304,4,ECE,1
7.43,5,6,2,0,12,6,102,1,ECE,1
9.21,6,6,2,1,88,100,317,4,MECH,1
7.84,6,0,1,2,56,1,27,5,IT,1
7.11,5,7,1,3,3,13,211,1,ECE,1
6.48,0,8,8,2,46,45,64,4,IT,1
9.38,1,1,0,0,84,63,469,6,ECE,1
5.6,3,2,7,2,99,13,466,5,IT,1
8.2,3,4,5,1,83,12,193,5,ECE,1
7.79,0,8,4,1,26,81,99,7,MECH,1
7.92,5,7,3,3,50,65,223,5,IT,1
7.37,4,9,6,0,94,9,470,4,IT,1
6.27,1,4,1,1,9,69,280,1,MECH,1
5.58,6,0,3,2,9,7,488,1,ECE,1
7.26,1,9,8,0,21,85,40,6,CSE,1
8.96,5,6,6,1,99,77,45,6,CSE,1
7.19,6,6,8,2,29,65,316,6,ECE,1
8.71,2,8,0,0,88,19,220,2,IT,1
8.44,6,7,1,3,43,32,359,7,CSE,1
7.76,2,5,3,2,11,51,0,8,CIVIL,1
8.37,0,0,5,1,51,22,477,2,CIVIL,1
8.4,0,7,4,2,27,64,23,1,CSE,1
7.7,6,10,4,3,69,43,489,8,ECE,1
6.55,0,5,0,2,14,23,307,7,ECE,1
9.01,6,0,6,2,73,30,5,3,CSE,1
6.59,2,1,2,0,21,45,98,8,CIVIL,1
7.65,3,3,8,3,69,43,0,4,MECH,1
7.71,0,9,0,0,27,4,401,1,ECE,1
7.01,5,6,8,3,94,50,45,3,ECE,1
6.28,2,9,6,0,71,13,193,1,ECE,1
6.37,2,2,0,2,73,18,65,1,CSE,1
8.26,4,10,4,2,23,57,151,1,CIVIL,1
5.98,1,4,7,0,85,87,428,5,IT,1
8.16,6,7,7,1,99,99,79,3,ECE,1
7.59,6,3,7,1,97,92,157,3,ECE,1
6.59,4,9,0,0,5,2,235,8,CIVIL,1
8.74,2,7,6,2,98,74,203,4,MECH,1
5.78,2,2,5,0,29,8,246,4,ECE,1
9.31,2,3,0,0,94,88,448,8,ECE,1
8.84,6,1,6,1,26,71,202,3,MECH,1
7.12,1,2,6,2,99,45,87,1,CSE,1
6.24,3,3,6,1,88,57,238,7,IT,1
8.22,0,2,4,0,22,1,74,3,IT,1
6.86,0,6,7,2,74,50,61,5,CIVIL,1
5.93,5,3,2,0,93,5,130,3,CSE,1
9.63,6,10,7,1,86,18,12,2,IT,1
5.95,6,10,3,0,38,49,140,8,IT,1
7.59,1,8,6,3,52,60,417,6,CSE,1
6.66,1,4,5,0,43,62,64,5,CIVIL,1
9.02,6,10,0,1,37,94,397,6,MECH,1
9.04,2,8,7,1,39,15,428,5,CIVIL,1
8.44,2,1,0,2,86,19,65,7,CIVIL,1
7.21,1,7,6,3,40,11,432,6,CSE,1
7.89,2,7,4,2,53,93,28,2,CSE,1
6.37,5,3,1,1,100,20,472,6,ECE,1
6.54,6,2,7,0,70,93,10,4,IT,1
6.23,0,7,6,3,39,34,289,5,CSE,1
7.25,2,3,7,0,75,13,340,7,IT,1
7.63,2,9,5,2,91,53,303,8,MECH,1
8.72,0,2,5,0,73,1,246,5,CIVIL,1
7.99,5,8,1,2,12,78,481,5,CIVIL,1
5.74,1,4,6,1,42,86,121,1,ECE,1
7.98,4,7,7,3,81,29,495,3,ECE,1
8.54,6,0,1,0,90,4,172,1,IT,1
8.1,4,6,6,2,56,40,435,3,CSE,1
9.63,3,7,6,3,14,5,277,7,ECE,1
8.19,0,5,2,1,39,2,400,7,IT,1
5.66,0,10,1,3,3,37,318,7,CSE,1
5.79,5,7,0,1,28,46,188,6,CSE,1
9.85,6,4,0,2,68,77,389,7,ECE,1
8.82,6,1,3,1,26,98,71,3,IT,1
5.64,0,10,8,1,70,48,174,7,CSE,1
9.86,5,0,3,2,35,80,427,8,IT,1
6.06,6,1,0,0,0,99,60,3,MECH,1
5.62,0,8,5,3,90,68,363,7,CSE,1
6.13,4,8,2,2,83,61,440,2,IT,1
7.75,5,8,3,0,77,80,27,4,ECE,1
9.8,4,5,0,0,11,57,234,4,CIVIL,1
7.53,1,5,1,1,13,28,122,7,MECH,1
9.42,3,6,6,3,49,24,346,7,CIVIL,1
6.99,6,1,5,0,59,31,220,4,IT,1
8.15,4,10,0,3,65,100,238,7,ECE,1
6.6,6,10,6,3,98,46,487,4,CIVIL,1
8.21,3,1,3,2,59,12,332,8,IT,1
7.22,4,0,6,3,85,53,388,1,MECH,1
7.64,5,5,7,3,69,90,310,4,CIVIL,1
6.43,2,2,8,3,90,75,207,4,CIVIL,1
9.93,1,8,2,3,57,88,273,3,IT,1
9.46,1,6,1,3,99,76,303,6,CSE,1
6.58,1,10,4,0,45,35,126,3,MECH,1
7.09,5,0,6,0,19,14,449,1,CSE,1
7.9,2,10,6,1,3,94,359,2,CIVIL,1
7.03,6,0,8,2,2,98,317,7,CSE,1
6.51,0,1,6,1,47,93,56,3,CIVIL,1
6.33,6,8,0,1,25,87,45,5,IT,1
7.53,2,4,5,1,9,71,25,1,CIVIL,1
6.77,5,6,3,1,64,38,233,5,IT,1
6.47,6,6,4,2,2,8,25,2,CSE,1
7.34,5,10,1,1,47,20,41,6,CSE,1
8.91,3,10,1,2,74,34,117,8,IT,1
6.36,1,9,5,3,90,56,360,1,ECE,1
5.72,1,2,5,2,33,87,373,7,CSE,1
7.5,6,7,5,2,65,93,207,4,CSE,1
6.25,5,1,5,0,14,94,129,6,CIVIL,1
6.5,6,4,7,2,31,77,257,2,MECH,1
8.95,4,0,8,3,99,73,175,7,MECH,1
9.3,2,3,6,1,73,52,231,2,ECE,1
9.73,2,0,3,2,25,77,26,8,MECH,1
7.23,3,9,3,0,84,3,265,1,ECE,1
6.6,6,5,2,1,33,43,143,7,CSE,1
7.8,5,10,7,0,96,99,237,4,MECH,1
9.82,5,9,1,1,31,23,482,5,CIVIL,1
8.83,0,7,8,3,70,15,449,7,CIVIL,1
6.88,4,2,7,1,28,90,160,8,CIVIL,1
6.33,6,4,3,0,84,12,185,1,ECE,1
7.84,2,3,8,2,37,83,375,1,MECH,1
5.67,5,9,6,2,33,91,235,7,CIVIL,1
7.07,4,10,3,0,100,81,482,7,IT,1
6.28,4,3,1,1,41,29,26,1,MECH,1
8.64,3,1,2,3,36,93,430,7,MECH,1
5.91,6,7,5,0,37,39,13,5,ECE,1
7.56,3,10,8,2,100,14,243,5,MECH,1
6.24,3,2,6,1,33,58,402,8,CSE,1
7.69,0,0,1,0,64,52,392,6,ECE,1
8.51,2,2,5,3,28,0,472,4,CIVIL,1
9.95,3,3,0,0,3,71,88,4,MECH,1
6.93,4,8,4,0,91,12,487,7,CIVIL,1
8.53,4,2,5,0,57,63,201,5,MECH,1
6.41,3,6,0,3,67,53,435,5,ECE,1
6.55,1,7,1,1,52,1,13,2,CSE,1
7.58,5,8,5,0,99,16,338,6,IT,1
8.28,0,10,2,0,69,98,496,1,CIVIL,1
9.94,0,7,1,1,61,45,207,7,CIVIL,1
6.31,6,2,2,3,84,89,309,2,CIVIL,1
6.05,2,5,5,2,57,51,36,3,ECE,1
9.76,6,8,1,1,83,49,253,7,MECH,1
8.63,5,4,5,2,88,13,224,7,CSE,1
9.1,3,0,4,1,17,64,6,6,CSE,1
5.94,0,5,7,3,80,35,277,4,ECE,1
8.85,1,7,8,0,61,22,428,1,CSE,1
6.13,3,0,5,0,9,64,236,5,CSE,0
8.66,6,5,4,0,45,39,304,8,IT,1
9.12,1,5,3,1,40,70,69,7,ECE,1
8.09,4,10,4,0,32,16,424,2,CIVIL,1
9.45,6,3,1,0,31,100,6,6,CIVIL,1
6.5,6,10,8,2,43,7,65,4,IT,1
9.3,3,1,2,3,70,63,135,7,MECH,1
9.91,1,9,2,3,46,20,155,1,CSE,1
5.55,2,9,5,0,34,5,378,7,IT,1
7.32,6,9,3,2,26,42,361,6,ECE,1
8.26,1,0,3,2,12,35,21,4,CIVIL,1
8.3,5,9,2,2,20,29,390,4,CSE,1
5.78,4,3,4,3,82,96,260,6,CSE,1
5.94,2,9,1,1,99,62,445,2,MECH,1
6.88,0,1,0,2,87,26,211,4,ECE,1
6.3,1,7,6,1,75,89,202,1,ECE,1
7.29,2,10,7,3,59,75,39,7,MECH,1
8.29,2,1,2,3,73,62,62,8,IT,1
8.64,2,4,0,2,59,65,323,5,MECH,1
8.88,2,8,3,0,72,56,490,6,IT,1
6.6,2,10,6,1,18,55,292,1,IT,1
7.35,4,5,3,1,46,75,12,8,CSE,1
5.79,2,5,5,2,13,70,375,1,MECH,1
8.1,3,0,7,1,25,15,35,6,ECE,1
6.98,5,10,6,2,24,8,380,8,CSE,1
7.31,1,0,8,1,3,29,157,7,CIVIL,1
9.7,4,2,1,1,83,99,485,1,IT,1
9.52,1,4,8,1,39,75,244,2,IT,1
6.73,6,0,6,2,1,3,352,8,CSE,1
8.47,4,6,0,2,18,28,493,8,CSE,1
8.23,2,2,6,1,4,53,20,6,CIVIL,1
7.42,2,10,3,2,78,92,141,4,IT,1
9.54,1,3,4,2,37,36,258,1,ECE,1
6.97,3,9,4,0,68,45,16,4,ECE,1
5.97,2,9,4,2,11,59,380,4,CSE,1
8.35,0,6,7,0,35,53,427,8,MECH,1
8.94,5,7,7,1,31,69,115,2,MECH,1
8.81,6,10,7,0,36,72,41,1,CIVIL,1
7.01,4,2,4,1,76,63,68,5,CIVIL,1
9.91,5,3,6,1,82,22,137,7,CSE,1
9.02,2,10,4,3,63,4,260,4,CSE,1
5.73,3,2,0,2,37,75,245,1,MECH,1
8.62,4,9,6,2,33,60,309,7,ECE,1
7.89,4,6,8,1,26,74,458,2,IT,1
8.51,5,0,2,2,32,38,478,6,CSE,1
7.45,2,4,2,1,92,32,158,4,CSE,1
7.92,2,3,4,2,80,85,7,8,CIVIL,1
9.44,5,8,3,2,31,52,221,1,MECH,1
9.58,6,9,1,0,26,22,444,1,CSE,1
9.68,1,7,6,2,56,17,131,3,CSE,1
8.63,6,4,6,1,61,44,359,5,CIVIL,1
9.97,6,6,2,3,87,8,382,4,IT,1
7.92,5,8,3,1,29,73,320,4,MECH,1
9.25,4,1,8,2,23,66,86,6,ECE,1
6.63,5,7,5,3,99,92,268,3,IT,1
9.29,5,8,5,2,30,47,315,4,CSE,1
6.26,4,8,0,2,63,100,307,8,ECE,1
6.94,1,1,0,0,53,77,217,1,MECH,1
8.06,4,10,6,3,75,27,358,5,CIVIL,1
9.14,3,0,2,0,38,90,446,2,CIVIL,1
7.02,6,1,0,2,78,51,14,5,IT,1
8.34,6,0,5,1,81,86,305,4,CSE,1
9.07,5,2,6,2,53,15,341,6,CIVIL,1
5.98,0,8,6,3,18,1,296,3,CSE,1
5.86,5,5,3,2,91,9,33,4,ECE,1
8.66,6,6,0,2,78,86,412,3,IT,1
7.51,1,9,6,1,58,31,365,5,CSE,1
9.79,3,2,6,2,34,100,76,7,CIVIL,1
7.2,0,2,8,3,84,83,268,8,CSE,1
7.26,2,1,3,2,23,31,119,8,MECH,1
6.22,4,4,5,2,24,28,25,3,MECH,1
8.03,2,5,5,1,68,9,10,5,CIVIL,1
5.77,6,4,2,1,52,82,400,8,IT,1
8.85,3,2,1,2,4,12,44,5,CSE,1
9.52,5,6,0,0,16,13,112,7,MECH,1
8.87,1,6,8,1,31,66,191,7,MECH,1
5.77,6,9,8,1,74,9,473,6,MECH,1
6.31,3,3,4,1,99,15,115,5,CSE,1
8.03,1,0,6,2,64,87,0,3,CIVIL,1
6.31,1,6,1,1,7,63,291,2,IT,1
6.33,6,10,2,2,54,49,157,8,ECE,1
7.35,5,2,4,0,81,39,182,2,MECH,1
9.6,5,8,1,2,16,36,94,2,CSE,1
8.48,1,7,8,3,58,7,18,2,CIVIL,1
5.79,4,9,1,2,5,92,210,3,CIVIL,1
5.74,4,10,4,2,10,58,172,3,MECH,1
6.66,2,2,0,2,38,90,443,5,ECE,1
7.47,3,7,6,1,66,97,452,8,CSE,1
9.0,5,5,2,3,44,82,366,2,MECH,1
8.36,2,5,3,1,60,77,187,6,ECE,1
9.34,6,7,8,2,30,21,90,7,CIVIL,1
8.65,6,4,5,3,36,72,167,1,ECE,1
9.23,0,8,6,1,97,68,269,5,IT,1
7.45,1,8,7,0,13,50,261,5,CSE,1
8.53,0,7,4,0,31,14,476,4,ECE,1
6.55,5,1,1,1,14,62,246,7,ECE,1
8.38,6,5,8,3,35,28,79,6,CIVIL,1
9.93,1,6,2,1,51,20,373,4,ECE,1
7.45,4,1,0,3,16,82,370,7,IT,1
9.11,4,9,5,1,18,85,497,3,CSE,1
8.92,5,5,4,1,72,20,114,7,ECE,1
8.52,1,4,3,3,34,10,57,1,MECH,1
7.58,3,4,0,3,13,61,132,5,IT,1
8.69,4,6,6,1,57,86,296,3,MECH,1
5.92,0,2,4,2,24,8,472,4,CSE,1
9.99,4,8,7,0,87,92,140,8,IT,1
6.19,3,9,6,0,75,69,271,7,CSE,1
9.66,2,2,2,1,29,13,127,2,IT,1
6.05,0,0,0,3,39,71,138,4,ECE,1
8.43,2,10,2,3,65,85,118,3,CSE,1
7.51,4,3,4,0,42,39,231,8,MECH,1
8.0,6,7,0,0,96,5,352,1,ECE,1
9.13,5,9,4,3,23,72,140,4,ECE,0
7.96,1,4,2,0,82,37,384,6,CSE,1
9.35,5,5,1,2,92,85,472,3,ECE,1
6.36,0,3,7,1,4,59,35,7,IT,1
5.8,3,0,2,1,98,57,174,1,ECE,1
8.53,6,2,7,0,38,18,290,1,MECH,1
7.27,1,2,6,0,59,5,54,7,MECH,1
6.73,2,8,8,2,30,29,445,3,IT,1
7.86,6,6,8,0,65,99,60,7,CIVIL,1
9.44,4,0,1,0,29,53,447,5,IT,1
5.85,5,9,1,1,5,26,474,1,ECE,0
6.22,6,2,2,1,28,26,77,2,ECE,1
5.62,1,4,7,0,32,87,326,8,IT,1
8.18,2,1,3,0,61,19,288,5,IT,1
6.33,6,3,3,2,57,11,267,6,IT,1
8.98,4,10,8,3,26,76,209,4,IT,1
9.46,2,0,5,3,52,36,225,4,MECH,1
8.03,1,9,8,0,6,52,22,7,MECH,1
5.77,1,10,7,2,38,36,424,2,CSE,1
8.16,1,8,7,2,61,7,141,2,CSE,1
7.42,0,5,2,3,69,57,328,1,CIVIL,1
7.96,5,5,3,2,96,37,186,8,MECH,1
7.4,2,9,5,1,60,96,196,2,IT,1
6.49,6,8,7,0,73,52,245,6,CIVIL,1
9.03,1,2,0,2,88,78,166,4,CIVIL,1
7.36,1,9,1,1,59,46,441,1,CSE,1
8.02,6,1,4,0,66,70,227,7,IT,1
7.23,4,3,8,1,92,45,76,1,IT,1
9.88,6,1,0,2,53,52,405,7,CSE,1
6.63,5,2,7,2,60,58,319,2,ECE,1
7.17,4,10,6,3,9,11,418,4,ECE,1
8.78,2,2,2,0,73,22,128,1,CIVIL,1
8.58,1,4,3,0,64,77,360,5,CIVIL,1
7.96,0,10,2,3,98,91,195,5,IT,1
6.9,0,5,4,0,55,9,85,8,MECH,1
5.63,0,6,5,2,12,67,53,3,ECE,1
9.7,4,1,3,2,12,0,443,8,CIVIL,1
6.72,6,5,4,3,67,77,484,6,ECE,1
6.62,5,7,1,0,77,67,477,6,CSE,1
6.75,2,1,3,3,64,14,35,3,CSE,1
8.11,6,2,5,1,71,85,407,3,ECE,1
7.99,0,9,5,1,26,81,68,7,CIVIL,1
9.33,5,3,7,0,42,63,387,5,ECE,1
6.97,1,5,2,2,66,61,394,1,CIVIL,1
7.43,6,9,1,3,53,52,75,2,MECH,1
7.08,3,1,4,0,16,29,392,2,CSE,1
7.37,2,8,8,2,43,74,267,3,MECH,1
7.64,2,8,1,1,72,8,90,6,MECH,1
7.5,0,2,8,0,2,14,406,3,IT,1
8.31,1,2,5,0,72,10,96,3,CIVIL,1
8.67,3,6,7,2,23,91,205,8,CIVIL,1
5.67,6,10,7,1,62,3,338,5,CIVIL,1
9.41,5,8,3,2,56,70,287,6,CSE,1
8.47,3,9,3,0,4,62,343,1,IT,1
8.47,3,1,7,1,48,67,114,3,CSE,1
9.72,2,1,8,3,75,20,61,1,CSE,1
5.68,2,9,5,1,20,71,82,1,CSE,1
7.73,4,4,4,2,72,18,111,5,MECH,1
7.24,4,5,2,1,8,89,75,4,MECH,1
9.89,1,8,7,2,55,6,371,3,CIVIL,1
7.3,4,4,2,3,15,11,137,1,ECE,1
9.05,4,7,5,3,35,55,102,5,CSE,1
5.87,0,7,5,2,67,2,449,1,IT,1
9.4,6,6,0,2,71,91,369,3,MECH,1
5.81,3,8,6,0,29,31,340,6,CSE,1
6.99,2,10,1,2,70,65,55,2,ECE,1
7.58,4,8,6,1,46,23,210,1,CSE,1
5.69,5,7,8,3,15,69,139,3,CSE,1
5.82,2,7,2,1,96,43,383,6,CSE,1
6.43,2,7,2,3,99,11,403,8,IT,1
7.12,3,0,1,3,33,50,238,8,CIVIL,1
5.52,6,6,2,2,14,66,287,7,IT,1
8.33,5,5,1,1,43,48,58,2,ECE,1
5.63,6,8,2,0,90,8,462,2,CSE,1
9.29,3,6,1,2,66,21,444,3,ECE,1
7.49,0,4,1,2,21,52,145,3,CIVIL,1
6.83,6,0,4,1,31,86,153,4,IT,1
8.19,6,7,4,1,65,42,253,4,ECE,1
8.7,3,10,4,1,12,70,347,2,IT,1
8.51,1,1,6,1,42,26,457,4,MECH,1
7.69,3,9,1,0,47,62,453,1,CIVIL,1
6.7,6,2,4,2,34,81,231,8,ECE,1
7.2,2,3,3,3,65,24,375,3,ECE,1
8.95,1,6,1,1,30,64,484,4,MECH,1
6.24,3,3,6,2,90,93,496,2,CSE,1
9.44,0,6,0,0,16,66,201,2,CIVIL,1
8.72,5,4,5,3,1,99,492,3,CSE,1
8.67,3,6,2,2,65,17,401,3,CSE,1
9.16,5,4,8,0,77,36,145,3,ECE,1
5.81,2,8,7,1,15,98,452,7,MECH,1
9.47,4,3,5,3,19,17,372,2,CIVIL,1
7.46,1,4,3,1,27,84,482,4,IT,1
7.35,5,9,4,2,17,82,407,8,CIVIL,1
6.11,3,6,6,0,94,14,366,3,CIVIL,1
8.03,1,3,1,2,34,86,169,7,CSE,1
8.69,4,7,8,3,58,69,225,5,ECE,1
8.16,6,2,3,0,86,97,152,6,ECE,1
6.94,6,10,2,1,54,56,357,8,ECE,1
8.5,0,0,1,3,86,80,330,6,CIVIL,1
5.71,4,1,5,0,42,63,457,4,CSE,1
8.3,3,2,6,0,4,69,60,4,IT,1
6.66,1,7,5,1,13,23,253,2,CIVIL,1
6.33,5,10,4,3,16,9,23,6,CSE,1
6.58,3,6,4,0,80,63,1,7,CIVIL,1
7.59,6,2,4,3,62,83,230,2,CIVIL,1
7.86,5,3,7,1,81,96,235,7,CIVIL,1
6.07,2,8,3,2,89,7,419,2,ECE,1
8.09,1,5,5,3,3,98,64,5,MECH,1
7.85,3,3,5,2,38,48,348,8,IT,1
8.52,2,9,3,0,91,0,288,2,ECE,1
6.6,0,0,2,3,48,40,383,2,CSE,1
8.56,5,4,5,1,62,52,31,1,IT,1
7.71,5,9,5,0,47,1,50,1,IT,1
8.36,6,10,3,3,52,44,324,6,CSE,1
8.17,4,0,1,1,58,21,492,2,IT,1
6.11,2,9,0,3,29,39,167,6,IT,1
6.04,1,2,4,0,13,19,287,3,IT,1
6.56,2,5,0,3,53,84,53,5,CSE,1
8.01,6,3,1,1,61,3,361,3,CSE,1
7.65,3,10,6,3,2,18,449,2,ECE,1
9.2,6,6,6,1,26,31,2,7,IT,1
9.66,2,1,3,0,10,64,205,2,ECE,1
5.58,6,10,0,0,64,35,233,7,IT,1
6.5,0,8,5,1,32,83,306,4,IT,1
8.7,3,6,8,1,6,28,136,4,MECH,1
9.18,5,0,3,0,33,47,349,2,MECH,1
6.53,0,4,0,0,35,95,415,4,CIVIL,1
5.96,4,9,5,1,92,2,370,1,IT,1
5.97,6,6,4,2,3,99,323,5,ECE,1
7.02,1,7,4,0,94,83,497,2,IT,1
8.17,5,8,6,3,31,44,159,4,ECE,1
8.08,4,10,6,3,55,20,330,3,CIVIL,1
7.53,6,3,0,1,59,32,365,4,CIVIL,1
7.62,5,0,5,3,50,84,20,1,ECE,1
8.07,3,8,2,1,89,51,409,2,CSE,1
6.03,5,3,3,1,1,51,52,5,ECE,1
8.02,2,3,4,0,86,63,297,4,CSE,1
9.0,6,0,7,1,10,69,124,7,MECH,1
7.7,0,5,7,2,23,13,371,3,MECH,1
9.97,2,2,5,1,98,35,454,4,CSE,1
6.76,0,1,4,0,84,62,151,6,MECH,1
5.57,2,4,3,1,66,50,98,7,CIVIL,1
8.97,1,8,8,3,89,13,286,7,CIVIL,1
9.61,0,1,4,1,19,60,159,6,CIVIL,1
9.99,1,3,6,2,98,59,81,7,CSE,1
6.22,3,8,5,3,17,76,274,8,ECE,1
9.78,1,3,0,1,63,49,224,3,ECE,0
9.44,1,2,1,0,84,93,192,3,MECH,1
9.12,4,0,2,1,92,51,17,5,CIVIL,1
7.43,5,1,1,3,99,86,278,4,MECH,1
8.82,5,3,7,0,81,88,490,7,IT,1
6.59,2,10,4,2,0,42,197,3,IT,1
8.28,5,1,6,0,42,17,212,2,IT,1
9.98,1,6,4,3,66,33,415,5,ECE,1
5.81,4,7,4,0,19,48,395,7,CSE,1
6.22,2,4,1,0,76,90,77,4,ECE,1
6.51,2,8,1,1,95,79,326,6,IT,1
7.28,5,9,2,2,73,81,243,7,ECE,1
8.2,6,8,4,1,35,52,416,3,IT,1
7.35,4,9,7,1,16,16,395,3,IT,1
6.09,6,6,8,2,72,18,274,4,CIVIL,1
6.96,3,6,5,2,5,46,142,1,CSE,1
6.82,4,4,0,0,58,78,403,4,MECH,1
9.09,1,4,2,3,67,21,98,3,MECH,1
6.38,3,1,4,0,23,36,215,7,IT,1
8.32,2,4,5,3,8,73,42,2,CIVIL,1
9.54,2,2,8,0,71,50,75,1,IT,1
8.75,5,0,0,1,23,10,156,7,MECH,1
9.66,2,7,3,0,58,4,88,3,MECH,1
9.47,3,4,8,3,62,73,154,2,CIVIL,1
9.48,1,8,1,1,34,58,168,7,IT,1
8.87,6,8,6,3,54,42,144,2,CIVIL,1
6.85,0,2,7,3,57,76,311,5,MECH,1
8.11,0,1,5,2,39,11,404,5,CIVIL,1
6.27,3,2,5,2,94,7,375,1,ECE,1
7.2,6,9,4,2,70,53,248,4,CSE,1
7.07,4,6,6,2,36,47,126,8,IT,1
6.59,5,6,5,3,26,7,105,5,MECH,1
7.39,5,3,0,3,67,58,288,3,IT,1
6.52,5,7,1,3,89,74,105,2,MECH,1
5.89,5,10,2,0,13,97,248,5,ECE,1
8.6,2,5,3,2,23,69,85,7,IT,1
6.93,0,8,5,1,72,4,235,5,ECE,0
7.37,5,2,1,3,27,1,446,3,IT,1
6.55,3,0,7,0,74,96,177,3,IT,1
7.34,6,3,4,1,98,52,159,6,ECE,1
7.14,2,7,7,3,80,18,387,1,MECH,1
6.21,5,5,3,3,23,58,44,1,MECH,1
7.17,2,6,8,3,23,51,90,5,ECE,1
5.85,2,5,4,1,20,24,230,1,IT,1
8.17,5,4,8,3,69,59,159,8,CSE,1
5.7,3,8,2,3,6,1,294,2,CSE,1
9.6,3,8,2,0,94,14,165,4,ECE,1
8.28,5,3,2,2,3,0,170,8,CIVIL,1
5.6,0,4,8,0,12,34,295,6,ECE,1
8.63,0,1,1,3,2,0,345,4,ECE,1
9.8,3,5,1,3,53,19,285,1,ECE,1
5.8,2,1,7,0,69,61,326,4,MECH,1
7.26,5,5,2,3,69,46,65,4,IT,1
8.5,5,9,7,2,21,20,299,5,CIVIL,1
9.19,5,6,1,0,46,47,107,5,IT,1
9.81,0,9,8,1,44,41,96,5,MECH,1
5.91,1,7,8,2,83,80,350,4,IT,1
5.61,3,2,2,2,21,54,134,5,MECH,1
8.35,5,1,2,3,97,68,392,4,MECH,1
5.86,4,2,2,2,76,6,382,3,MECH,1
6.63,1,2,7,3,42,21,152,8,MECH,1
9.17,6,4,0,3,79,74,239,2,ECE,1
7.1,5,3,2,1,62,8,333,4,CIVIL,1
5.71,0,10,5,1,62,60,229,4,IT,1
7.91,6,9,5,2,5,31,19,6,ECE,1
7.25,6,1,3,2,66,41,90,4,IT,1
7.42,1,5,1,1,95,68,183,7,CSE,1
7.18,2,0,4,1,44,31,332,7,ECE,1
8.23,5,8,7,2,32,11,90,5,MECH,1
9.74,3,10,0,3,74,91,107,7,MECH,1
6.23,5,8,8,1,26,50,228,7,ECE,1
9.03,0,7,6,2,26,97,372,6,CIVIL,1
6.95,0,4,6,0,81,26,8,7,CIVIL,1
6.92,3,9,4,1,6,16,297,1,CSE,1
9.65,2,0,6,2,14,35,198,3,ECE,1
5.52,6,5,8,3,5,81,447,3,CIVIL,1
8.59,6,9,1,3,75,81,249,1,MECH,1
7.45,2,1,2,3,42,37,380,4,ECE,1
9.52,0,7,6,3,84,78,50,5,MECH,1
6.61,3,3,0,2,64,57,490,1,CIVIL,1
9.51,2,9,3,3,69,49,69,4,ECE,1
7.12,3,10,1,2,46,46,304,6,CIVIL,1
6.93,3,9,5,2,20,7,268,7,CIVIL,1
8.27,4,2,8,0,40,92,264,2,IT,1
6.39,3,0,0,1,61,31,113,6,ECE,1
9.05,6,3,6,1,6,6,60,3,CIVIL,1
9.29,0,3,8,3,48,96,201,8,ECE,1
5.62,6,10,0,1,48,97,292,5,IT,1
5.58,5,4,7,3,60,4,279,1,CSE,1
7.42,6,2,0,0,44,58,303,4,IT,1
6.7,0,6,3,1,38,56,288,8,CSE,1
9.33,3,8,7,1,80,10,117,3,CSE,1
6.72,2,7,2,3,24,73,256,5,IT,1
8.93,1,7,1,2,98,17,350,8,ECE,1
8.51,4,0,5,3,70,8,42,5,MECH,1
9.52,4,3,3,2,22,86,18,2,CIVIL,1
8.0,5,4,4,3,2,87,400,3,CIVIL,1
8.57,2,5,2,0,74,76,346,7,MECH,1
6.42,6,9,7,2,75,31,176,5,CSE,1
5.95,1,2,6,3,46,97,297,4,CIVIL,1
7.77,1,1,5,3,33,17,440,7,CSE,1
6.8,6,8,8,2,39,91,442,8,ECE,1
8.04,6,0,2,0,19,46,402,7,CIVIL,1
6.44,3,0,5,3,23,10,460,5,MECH,1
6.89,1,6,2,3,51,72,269,4,CSE,1
5.85,1,5,4,0,94,89,339,1,CSE,1
6.47,0,8,5,1,62,39,464,4,ECE,1
6.26,2,8,1,0,100,92,181,1,IT,1
6.38,3,8,6,1,97,21,432,5,IT,1
7.84,1,4,2,2,42,17,70,3,IT,1
6.79,1,8,5,1,4,76,304,2,CSE,1
9.84,2,5,0,1,78,89,172,3,ECE,1
8.0,5,10,8,0,94,5,334,3,MECH,1
9.86,1,5,0,3,40,15,51,1,CIVIL,1
9.38,3,2,4,3,100,42,25,4,IT,1
8.51,2,1,3,2,97,29,185,1,CSE,1
8.38,2,7,8,0,83,95,402,4,CSE,1
9.42,5,1,5,1,65,71,402,2,CSE,1
9.27,6,5,5,2,51,12,223,2,IT,1
10.0,0,0,7,2,62,87,75,5,CSE,1
9.0,4,5,6,0,51,52,382,6,CSE,1
9.28,5,9,8,2,66,49,5,6,MECH,1
6.91,4,5,4,3,89,62,85,6,CSE,1
9.56,2,0,3,0,77,16,226,4,CIVIL,1
8.98,5,8,1,3,36,47,391,6,MECH,1
7.79,6,0,2,2,56,87,76,7,ECE,1
9.73,1,10,6,1,78,33,447,2,IT,1
5.97,2,6,7,1,9,16,470,2,IT,1
5.54,2,2,1,2,62,28,74,2,MECH,1
6.95,4,10,0,2,78,44,336,8,CSE,1
5.57,1,3,2,0,84,4,455,7,CSE,1
7.56,3,8,2,1,66,37,101,3,IT,1
9.57,6,1,5,1,90,22,73,4,ECE,1
6.49,6,4,6,0,56,3,206,2,CIVIL,1
5.63,0,4,4,1,2,62,311,3,ECE,1
8.1,3,3,0,0,30,55,264,8,CSE,1
7.84,4,2,6,3,12,1,302,7,ECE,1
9.17,1,6,3,2,23,59,226,2,CIVIL,1
7.74,2,10,6,2,40,91,346,3,CSE,1
6.28,0,1,6,2,25,68,317,6,MECH,1
8.66,2,5,5,3,48,59,38,1,CIVIL,1
8.15,3,8,3,1,34,53,323,2,ECE,1
6.98,0,4,7,3,37,45,268,4,IT,1
9.37,2,7,1,1,70,96,274,5,CSE,1
5.81,0,5,3,1,45,20,249,4,CIVIL,1
8.2,2,4,6,3,54,88,470,5,ECE,1
7.63,2,9,1,1,24,36,260,6,CIVIL,1
5.88,4,8,8,0,47,60,371,6,CIVIL,1
9.26,0,6,4,2,18,73,130,2,CIVIL,1
6.23,2,7,3,3,52,99,166,7,ECE,1
5.99,0,0,7,0,86,55,474,6,ECE,1
6.41,0,9,3,3,77,66,220,3,ECE,1
9.53,5,9,5,2,65,90,1,6,MECH,1
9.36,0,4,6,0,19,24,284,6,IT,1
9.04,1,8,7,3,42,94,423,4,IT,1
7.9,1,8,5,3,57,77,170,7,IT,1
6.12,3,3,5,2,99,83,204,3,MECH,1
6.36,2,10,7,2,17,55,402,8,CIVIL,1
8.02,0,4,8,3,13,81,313,8,IT,1
8.41,4,9,0,1,36,89,204,5,IT,1
7.23,6,10,0,0,49,51,309,1,MECH,1
6.41,5,3,0,3,98,23,268,7,CIVIL,1
9.35,6,0,7,0,67,55,345,5,ECE,1
6.17,2,0,5,0,56,89,263,2,CIVIL,1
8.94,6,10,1,3,89,62,490,2,CIVIL,1
7.91,0,1,7,2,52,40,149,1,ECE,1
9.15,2,3,1,3,78,16,292,7,MECH,1
6.89,3,6,0,0,52,69,148,8,CSE,1
9.42,3,6,3,1,26,18,16,1,ECE,1
9.05,5,8,2,3,25,56,340,3,MECH,1
7.73,5,7,1,0,89,45,412,3,MECH,1
8.95,4,6,1,2,26,78,136,5,ECE,1
7.68,4,5,7,2,93,80,206,2,MECH,1
5.5,0,5,2,2,26,89,299,7,ECE,1
8.19,5,2,8,0,66,93,228,6,IT,1
7.4,0,8,6,3,34,49,344,6,ECE,1
9.9,2,8,2,0,67,34,360,1,CIVIL,1
9.17,6,5,4,0,76,93,482,2,IT,1
6.01,2,2,1,0,78,89,287,3,ECE,1
6.63,6,5,4,3,17,61,11,2,CIVIL,1
6.85,0,0,1,2,90,18,205,6,ECE,1
9.56,4,3,7,0,3,45,164,6,IT,1
7.49,4,6,1,0,96,77,350,3,IT,1
5.51,0,3,4,3,18,79,138,8,IT,1
8.5,5,4,0,1,77,90,446,5,CIVIL,1
9.58,3,4,2,0,27,80,147,3,CIVIL,1
7.11,6,9,4,3,41,95,81,2,MECH,1
8.23,5,5,7,0,57,88,236,2,ECE,1
6.88,6,8,3,3,67,60,377,8,CSE,1
9.44,4,10,0,0,51,13,258,2,MECH,1
7.33,5,0,3,0,10,59,443,2,ECE,1
8.56,6,8,2,0,68,23,265,5,CIVIL,1
9.03,3,3,1,0,23,13,260,5,IT,1
8.55,4,7,3,0,80,80,456,7,MECH,1
7.86,0,9,4,1,78,20,220,5,MECH,1
5.99,5,5,0,0,61,31,435,3,CIVIL,1
8.62,5,5,6,1,17,63,174,2,CSE,1
9.28,3,6,6,2,26,8,68,1,IT,1
8.02,3,4,2,0,99,93,352,8,MECH,1
8.75,0,8,1,1,86,34,191,4,MECH,1
8.31,3,5,6,0,53,29,354,3,CSE,1
9.38,4,5,0,1,79,1,470,2,CSE,1
9.35,4,4,4,3,96,68,194,4,IT,1
5.53,0,2,0,1,66,3,453,8,CIVIL,1
9.98,2,3,6,3,91,76,494,4,CIVIL,1
6.5,4,4,2,2,35,86,370,6,ECE,1
5.7,6,2,6,3,11,91,335,4,CSE,1
9.29,2,2,1,0,82,76,242,7,IT,1
8.86,1,5,0,0,95,26,341,8,CSE,1
8.41,6,5,2,1,44,97,48,1,ECE,1
7.88,5,5,7,1,85,12,379,7,MECH,1
8.12,6,2,4,3,54,44,400,3,CSE,1
8.99,3,5,2,1,68,67,184,1,CIVIL,1
7.55,0,0,5,2,88,10,495,8,ECE,1
7.18,2,5,3,2,19,66,461,4,CIVIL,1
9.44,5,10,1,3,69,83,367,4,CIVIL,1
6.5,6,4,2,0,9,16,149,4,CSE,1
7.99,2,1,2,0,48,26,10,2,MECH,1
7.36,1,2,4,2,36,3,497,4,ECE,1
6.24,5,2,6,0,60,11,125,3,CSE,1
7.01,2,0,5,1,90,43,62,5,CIVIL,1
7.93,4,2,4,3,11,64,44,3,IT,1
9.29,5,6,8,2,88,59,138,2,MECH,1
8.24,6,10,7,1,16,12,496,6,ECE,1
9.35,0,1,6,3,23,95,98,8,MECH,1
6.66,6,10,5,1,50,81,17,8,ECE,1
9.01,2,6,7,3,88,59,242,1,MECH,1
8.27,2,2,8,2,29,45,67,6,IT,1
7.86,0,7,5,2,60,32,281,1,MECH,1
8.21,1,0,5,1,0,16,88,5,ECE,1
7.1,3,4,1,2,92,73,286,2,CSE,1
5.97,6,3,0,3,52,100,177,3,IT,1
5.62,6,4,2,0,97,85,355,8,IT,1
9.42,1,0,0,3,50,73,172,1,IT,1
7.08,2,4,6,3,57,77,218,6,ECE,1
5.8,2,2,7,1,22,48,370,2,CSE,1
6.32,4,5,7,0,78,38,428,7,IT,1
9.42,0,1,0,3,96,42,337,2,IT,1
9.14,2,3,7,1,8,22,305,1,ECE,1
7.13,1,4,7,0,91,64,38,1,MECH,1
8.48,3,0,7,1,42,33,415,2,IT,1
8.93,1,8,6,0,68,75,431,3,CSE,1
8.09,0,4,2,1,89,50,398,5,CIVIL,1
9.84,2,5,5,1,47,69,96,1,MECH,1
8.42,1,1,5,0,16,75,397,4,MECH,1
9.28,5,3,0,0,26,3,207,5,MECH,1
9.02,1,10,0,0,70,5,216,1,IT,1
7.3,6,4,1,2,30,52,269,7,IT,1
5.77,6,5,8,2,22,41,91,6,CSE,1
5.84,6,10,4,2,17,1,360,2,CIVIL,1
8.01,2,10,1,1,17,49,480,8,IT,1
7.9,3,3,8,3,36,22,199,5,MECH,1
8.64,1,6,5,0,96,66,63,3,ECE,1
8.67,2,4,0,0,90,39,437,6,IT,1
7.82,0,7,8,2,22,72,308,5,IT,1
7.5,1,4,7,2,28,21,175,5,CSE,1
7.84,3,10,5,2,57,53,333,8,MECH,1
6.24,3,4,8,3,40,82,466,6,CIVIL,1
7.53,5,3,4,0,81,90,364,2,IT,1
8.44,4,9,2,2,81,18,154,4,CIVIL,1
8.91,6,10,4,0,94,74,123,8,ECE,1
9.06,5,0,0,1,35,85,445,7,MECH,1
6.08,2,9,7,1,19,15,80,8,ECE,1
8.02,4,10,3,1,83,14,183,6,ECE,1
9.63,5,9,0,3,54,66,73,7,ECE,1
8.43,6,5,7,1,90,30,72,2,IT,1
9.4,0,4,3,2,3,35,361,8,IT,1
5.91,5,0,6,2,6,2,327,4,ECE,1
8.0,6,7,6,0,22,17,194,8,CIVIL,1
7.0,1,9,1,3,91,37,370,5,CIVIL,1
7.02,5,9,7,3,94,49,427,8,ECE,1
8.13,6,5,2,1,96,41,92,1,MECH,1
8.78,5,4,1,3,31,77,78,2,IT,1
8.3,0,7,5,3,73,11,319,1,IT,1
7.12,0,10,6,1,7,37,248,6,ECE,1
6.18,4,5,4,3,67,41,404,1,IT,1
6.28,0,9,8,0,51,96,227,7,ECE,0
9.57,5,2,1,0,38,49,9,6,IT,1
7.55,6,6,6,1,73,6,197,2,ECE,1
8.96,5,1,8,3,19,37,365,6,MECH,1
7.05,5,8,2,3,16,7,141,3,CSE,1
9.79,1,5,2,3,12,36,348,4,IT,1
8.23,3,0,1,3,28,1,305,5,CIVIL,1
6.81,6,1,7,2,13,46,273,4,CIVIL,1
9.57,1,2,5,0,17,61,222,8,MECH,1
5.97,1,4,4,1,53,21,400,4,MECH,1
8.62,2,8,3,2,67,79,337,4,IT,1
6.45,2,5,1,3,17,64,360,7,ECE,1
9.31,6,6,2,0,20,16,436,5,MECH,1
5.51,2,0,2,2,7,58,46,7,MECH,1
9.26,6,8,3,3,16,16,252,5,CIVIL,1
9.13,1,7,3,0,58,14,418,8,CIVIL,1
7.72,2,2,1,3,83,52,415,1,MECH,1
8.09,0,2,5,1,28,65,32,2,MECH,1
9.71,0,1,8,1,31,15,345,5,IT,1
5.81,6,6,5,3,58,63,331,2,MECH,1
7.75,3,2,8,2,80,63,436,6,MECH,1
8.52,5,4,0,2,2,3,404,1,IT,1
7.71,1,8,2,3,39,82,173,8,ECE,1
6.66,1,3,7,1,29,69,186,7,ECE,1
8.04,1,5,1,1,87,23,336,1,IT,1
5.72,6,6,2,0,76,52,267,2,CIVIL,1
8.62,2,4,0,0,16,100,454,6,ECE,1
7.41,0,2,1,3,96,98,261,1,CIVIL,1
6.76,0,3,4,3,74,59,405,7,CIVIL,1
9.37,4,4,1,3,11,43,204,5,CIVIL,1
9.91,6,8,2,3,73,19,167,3,IT,1
8.54,0,8,8,3,11,2,409,7,CIVIL,1
7.61,3,3,0,0,26,95,3,7,CIVIL,1
7.82,4,2,5,0,67,58,156,4,MECH,1
9.76,2,4,0,3,72,96,395,7,MECH,1
9.98,4,7,3,2,40,21,455,2,CSE,1
7.71,2,10,0,1,48,86,212,2,CIVIL,1
7.46,2,3,8,1,94,87,12,4,MECH,1
8.94,1,3,7,0,94,89,192,5,IT,1
9.68,4,4,0,1,9,24,401,8,CSE,1
6.28,4,7,5,2,29,49,188,6,CSE,1
5.58,5,9,2,1,65,98,267,2,CSE,1
9.5,6,6,4,3,62,68,54,5,ECE,1
5.71,0,4,0,2,51,77,414,6,IT,1
5.77,2,7,6,0,16,74,250,5,MECH,1
6.9,5,5,0,3,83,74,289,8,MECH,1
9.39,6,5,7,2,3,10,387,5,MECH,1
8.25,2,5,5,2,67,48,360,4,IT,1
9.76,2,6,5,3,82,65,492,5,CIVIL,1
9.9,1,0,0,0,53,58,300,1,IT,1
9.35,6,9,3,1,78,49,306,5,CIVIL,1
8.48,0,7,7,2,13,81,402,6,CSE,1
8.54,0,1,5,1,91,55,481,5,CIVIL,1
7.64,6,2,8,2,46,9,357,3,MECH,1
7.53,3,6,0,0,11,6,202,5,CIVIL,1
8.0,5,2,3,3,12,3,91,7,IT,1
6.69,3,0,8,2,60,100,437,8,CSE,1
9.3,6,9,6,3,94,28,288,8,IT,1
6.13,3,4,1,3,12,1,124,6,ECE,1
9.42,0,3,4,2,11,35,147,8,CIVIL,1
7.22,3,5,7,1,69,26,4,8,CSE,1
8.2,5,2,1,2,7,12,265,5,IT,1
9.7,4,0,5,0,97,57,147,4,ECE,1
6.54,6,6,2,2,98,26,470,7,ECE,1
8.06,5,8,5,1,89,1,464,7,CSE,1
7.92,0,3,4,0,90,12,221,5,ECE,1
5.66,5,0,7,0,6,62,166,3,CSE,1
6.3,5,10,3,0,25,46,281,1,MECH,1
5.51,3,10,8,2,90,75,298,4,ECE,1
8.84,0,8,2,3,38,43,155,5,ECE,1
8.89,6,6,4,0,65,11,112,5,ECE,1
6.46,0,4,4,2,56,83,259,1,CSE,1
9.23,6,3,5,3,53,32,33,3,ECE,1
8.05,5,1,5,0,95,76,150,1,CIVIL,1
5.67,1,4,0,3,77,27,499,3,CIVIL,1
5.66,5,1,7,1,85,45,147,1,CSE,1
7.89,1,0,5,2,18,33,283,2,CSE,1
6.16,2,8,4,3,40,65,48,6,CIVIL,1
9.31,4,7,7,0,60,23,305,3,CIVIL,1
7.6,6,3,3,1,13,89,167,2,ECE,1
8.16,1,6,8,0,57,11,119,1,MECH,1
7.45,5,6,5,3,5,50,123,8,CSE,1
8.54,2,5,7,1,9,32,368,2,IT,1
9.27,2,7,8,1,84,43,410,6,MECH,1
8.01,4,9,2,2,47,6,36,4,IT,1
9.53,6,7,6,3,91,13,93,3,IT,1
9.36,5,3,1,0,65,77,34,1,IT,1
7.86,0,1,0,2,23,31,91,8,CIVIL,1
7.51,5,8,4,3,92,92,120,7,ECE,1
7.31,4,1,3,0,68,43,493,8,CIVIL,1
7.61,1,3,4,1,34,52,446,1,MECH,1
7.61,3,3,1,0,40,68,22,2,CIVIL,1
8.42,6,1,7,0,92,98,112,8,ECE,1
6.39,0,0,7,3,71,36,149,6,CIVIL,1
8.98,4,0,2,0,91,88,282,3,MECH,1
7.18,5,6,5,2,93,36,412,5,CIVIL,1
6.32,2,3,0,0,31,11,347,5,CIVIL,0
6.44,3,2,0,2,100,32,374,4,ECE,1
6.42,3,2,8,3,99,11,413,7,MECH,1
7.73,6,2,6,3,17,68,192,4,MECH,1
9.95,3,7,3,2,41,4,497,6,CIVIL,1
5.71,4,7,6,3,2,97,325,8,IT,1
5.77,4,6,4,2,71,2,470,8,ECE,1
8.34,0,4,6,0,37,31,115,1,CIVIL,1
9.26,3,0,5,3,54,74,93,1,ECE,1
6.4,2,6,4,0,36,47,6,5,IT,1
7.54,5,9,8,3,48,4,423,5,ECE,1
9.28,2,5,8,3,29,20,72,1,ECE,1
7.5,2,7,1,3,6,43,275,1,MECH,1
7.9,1,6,6,1,88,88,357,2,CIVIL,1
6.84,1,10,8,0,21,82,482,6,CIVIL,1
7.49,0,3,6,0,2,34,352,3,ECE,1
8.15,5,9,0,1,25,63,3,5,ECE,1
8.65,0,9,6,1,97,44,490,3,ECE,1
8.2,0,10,2,1,40,20,32,6,MECH,1
6.06,3,6,7,1,29,67,312,3,ECE,1
7.34,1,8,2,0,15,92,140,5,MECH,1
6.52,4,6,7,2,23,41,377,5,IT,1
9.94,1,4,5,2,5,24,479,2,IT,1
6.19,6,7,2,2,30,13,233,4,IT,1
8.09,2,7,0,2,53,27,241,5,IT,1
7.39,5,4,3,3,11,53,457,4,CSE,1
7.34,4,5,3,3,38,88,309,5,CIVIL,1
6.69,6,3,3,2,36,50,330,5,MECH,1
7.94,6,3,4,0,30,65,427,3,IT,0
7.16,3,2,0,0,59,66,320,3,CIVIL,1
5.81,0,1,2,1,9,97,186,4,MECH,1
8.7,1,9,2,3,66,51,277,6,IT,1
7.49,4,6,1,2,54,60,451,5,MECH,1
7.79,6,5,7,1,71,9,318,3,CIVIL,1
5.64,2,1,0,1,2,31,41,1,MECH,1
8.7,5,1,1,3,0,20,371,2,ECE,1
7.04,4,4,3,1,19,66,132,7,MECH,1
7.15,3,7,2,2,13,69,419,2,IT,1
5.59,3,1,3,1,94,56,322,1,ECE,0
7.79,2,5,7,3,2,59,340,5,IT,1
5.8,3,4,8,2,80,14,447,5,MECH,1
5.74,6,10,7,0,67,51,47,3,CIVIL,1
6.94,3,8,7,3,66,32,405,2,CSE,1
5.75,0,6,0,3,32,32,344,6,IT,1
8.57,1,5,2,3,89,92,41,4,IT,1
5.77,2,3,0,3,27,56,411,6,MECH,1
7.6,5,2,5,1,81,2,189,4,MECH,1
6.05,5,1,6,0,58,38,128,7,CSE,1
7.25,0,9,4,2,61,68,397,2,CSE,1
8.44,2,2,8,2,90,71,118,8,CSE,1
5.51,5,0,1,3,36,17,188,5,IT,1
8.5,2,2,3,2,88,25,36,2,ECE,1
6.57,4,5,5,1,23,85,34,3,ECE,1
7.54,3,3,8,3,3,4,427,7,MECH,1
9.11,1,10,1,1,39,31,342,7,ECE,1
9.48,4,6,5,1,69,75,292,2,ECE,1
8.99,5,9,3,0,96,4,399,8,IT,1
6.67,4,1,3,3,70,84,131,1,MECH,1
6.65,2,6,8,1,57,28,272,2,MECH,1
6.87,4,3,1,1,89,62,196,8,MECH,1
7.13,6,4,5,2,82,20,127,7,IT,1
8.37,0,0,3,0,0,53,487,6,MECH,1
9.35,0,7,6,2,28,25,213,7,ECE,1
7.36,6,5,8,1,78,20,247,4,CIVIL,1
7.31,1,6,0,3,37,5,129,5,MECH,1
6.04,3,3,4,0,36,44,156,6,CSE,1
8.6,0,1,4,3,45,99,52,4,CIVIL,1
6.2,5,10,3,1,86,58,210,6,CIVIL,1
7.67,5,5,0,2,100,97,87,7,CIVIL,1
9.12,0,1,6,1,6,12,271,3,ECE,1
9.83,2,9,6,2,40,80,22,3,CSE,1
9.76,0,0,8,2,48,62,341,6,IT,1
8.98,1,0,0,0,45,77,446,5,CIVIL,1
7.96,0,6,1,2,49,81,382,7,IT,1
8.63,2,3,5,0,63,34,158,4,CIVIL,1
9.49,4,7,3,2,38,27,69,2,CIVIL,1
7.42,1,2,1,0,65,6,66,7,IT,1
5.58,6,8,8,3,78,11,271,3,CSE,1
7.72,0,2,8,0,37,13,301,7,ECE,1
5.7,0,7,1,2,15,72,51,1,CSE,1
6.58,1,5,3,2,19,43,64,7,IT,1
8.44,2,8,6,2,30,82,76,2,CIVIL,1
9.98,0,9,3,3,28,71,257,8,IT,1
7.64,2,4,7,0,4,89,188,4,CSE,0
7.79,6,9,2,0,49,34,278,7,MECH,1
7.87,0,2,6,2,40,52,451,5,IT,1
6.69,5,7,4,2,20,47,300,1,CSE,1
9.2,4,4,3,3,51,71,292,5,MECH,1
7.63,5,6,7,2,51,30,197,7,CIVIL,1
7.92,3,7,6,1,82,90,123,5,CSE,1
8.36,3,1,3,1,86,46,86,6,CIVIL,1
7.21,3,7,0,3,51,66,333,8,ECE,1
5.73,2,4,6,1,42,76,305,5,CIVIL,1
5.9,0,2,4,0,2,96,61,5,IT,1
6.8,5,6,3,3,60,70,358,5,ECE,1
6.23,6,7,0,3,88,40,238,4,CSE,1
9.26,0,2,8,1,16,63,476,1,CIVIL,1
7.9,0,7,1,3,26,64,291,2,CSE,1
7.19,1,10,8,1,4,49,462,6,IT,1
6.85,0,9,5,1,90,75,328,7,CSE,1
9.12,3,8,0,3,78,99,133,4,MECH,1
7.59,1,8,2,1,53,46,322,1,CSE,1
7.54,0,5,3,2,37,13,288,7,ECE,1
8.2,4,2,3,3,36,100,64,6,ECE,1
6.98,5,10,0,1,16,100,66,7,CIVIL,1
9.42,5,0,6,0,91,52,330,8,CSE,1
8.03,3,3,5,2,62,3,415,3,ECE,1
6.08,2,7,2,0,100,17,453,5,CIVIL,0
9.49,2,10,1,0,99,33,462,6,ECE,1
6.73,4,1,3,0,24,97,243,1,CIVIL,1
5.87,5,6,0,1,79,62,345,7,MECH,1
6.75,5,8,4,3,92,62,43,5,MECH,1
5.93,3,1,4,1,76,9,124,2,CSE,0
8.53,2,2,6,2,62,42,117,7,CSE,1
6.72,2,10,4,2,78,79,282,6,MECH,1
6.33,6,4,1,2,70,66,426,1,CIVIL,1
7.38,3,3,8,2,17,51,144,2,MECH,1
6.47,5,0,2,2,82,98,60,8,IT,1
6.57,1,10,7,2,68,92,415,7,MECH,1
8.36,6,9,8,1,55,79,380,3,IT,1
7.23,6,0,6,1,96,31,55,5,ECE,1
9.8,6,4,4,3,7,55,99,7,IT,1
7.03,5,3,1,3,74,47,391,2,MECH,1
9.6,0,6,0,0,35,14,428,3,CIVIL,1
9.38,6,9,8,2,39,90,33,1,ECE,1
8.72,0,4,4,3,32,16,382,1,IT,1
9.59,6,9,3,3,49,100,287,2,IT,1
7.8,2,2,1,3,0,9,249,8,IT,1
5.66,5,8,5,1,79,30,481,1,CIVIL,1
9.21,5,8,2,2,46,69,78,6,IT,1
9.88,0,3,0,3,40,17,406,1,IT,1
6.43,3,0,1,2,53,31,494,7,MECH,1
9.26,1,5,8,3,96,0,200,6,ECE,1
6.37,1,4,3,0,92,72,322,6,CSE,1
6.07,3,5,4,2,0,33,401,2,MECH,1
6.32,3,10,3,0,72,92,119,5,ECE,1
7.32,4,4,8,3,62,53,487,4,CIVIL,1
6.02,6,1,4,0,54,7,61,2,CIVIL,1
5.88,1,4,4,1,71,41,115,3,MECH,1
7.0,3,8,8,1,31,73,386,6,IT,1
5.75,6,4,2,0,94,84,294,8,MECH,1
9.91,0,7,4,1,37,26,442,6,ECE,1
9.5,3,4,4,1,85,53,148,4,CIVIL,1
8.68,4,8,6,3,90,12,352,7,ECE,1
8.32,1,0,4,1,12,41,411,1,ECE,1
7.53,6,6,8,2,71,10,114,6,CSE,1
9.3,5,7,2,0,29,89,185,3,CIVIL,1
7.64,1,4,2,3,83,43,456,1,CIVIL,1
5.55,1,0,7,1,77,75,182,5,IT,1
8.88,6,1,6,1,81,31,139,8,ECE,1
6.42,0,5,4,0,8,86,37,6,CIVIL,1
6.89,2,7,6,0,25,30,37,6,CSE,1
6.06,2,8,0,1,22,82,383,5,MECH,1
6.64,0,4,3,0,66,84,334,4,ECE,1
6.58,1,8,2,2,4,90,478,7,ECE,1
7.07,0,4,6,0,26,83,230,7,IT,1
8.39,5,0,8,3,64,67,87,6,MECH,1
7.68,1,3,0,1,3,39,417,1,CSE,1
9.29,1,1,7,2,98,89,196,6,CIVIL,1
7.26,4,2,8,2,47,58,131,3,ECE,1
7.26,1,9,2,3,45,52,40,4,MECH,1
8.69,3,5,7,3,100,37,490,5,IT,1
5.89,2,7,0,1,86,79,98,6,IT,1
9.33,5,6,5,0,78,92,345,8,MECH,1
8.61,1,5,1,0,44,58,485,5,MECH,1
9.74,0,5,7,3,82,36,7,5,ECE,1
8.06,5,3,1,1,81,80,442,3,MECH,1
9.81,3,6,3,1,31,23,395,5,MECH,1
5.98,4,10,5,1,80,51,372,5,CIVIL,1
7.56,2,6,7,2,39,28,268,3,IT,1
6.54,2,2,5,2,25,17,280,8,IT,1
8.65,2,10,1,2,55,58,267,8,MECH,1
9.08,4,5,6,2,98,60,155,2,IT,1
7.19,6,3,2,1,87,17,135,6,MECH,1
6.36,2,8,8,2,33,13,153,4,CSE,1
8.96,6,0,0,2,16,77,150,2,CSE,1
7.22,5,1,7,2,14,65,10,1,IT,1
5.81,5,8,2,0,39,65,331,5,CSE,1
6.55,1,10,8,1,5,72,74,2,CSE,1
9.53,2,9,6,3,89,95,298,8,CIVIL,1
5.73,0,7,3,0,65,83,222,6,IT,1
7.33,2,8,2,0,58,25,470,4,CIVIL,1
6.15,1,9,6,1,37,33,305,2,ECE,1
5.6,3,2,1,2,6,6,494,8,CSE,1
7.3,0,7,4,2,2,36,295,2,ECE,1
9.57,3,1,5,3,33,31,345,1,ECE,1
6.04,4,4,1,0,76,7,17,8,ECE,1
7.83,6,8,3,0,75,83,112,8,CSE,1
7.58,5,6,6,1,55,94,42,6,ECE,1
9.84,2,5,4,1,29,1,388,7,IT,0
9.07,2,0,7,3,56,79,396,4,IT,1
5.73,5,8,3,3,76,23,492,1,CIVIL,1
6.53,6,2,3,2,6,72,156,5,CSE,1
8.25,6,4,5,3,7,27,219,2,MECH,1
5.7,6,1,5,3,63,61,465,8,CSE,1
6.21,2,8,5,1,67,44,384,2,CIVIL,1
5.89,2,6,4,2,53,44,384,8,CSE,1
8.91,3,7,8,3,94,58,215,5,IT,1
5.75,4,6,3,1,20,52,19,4,CSE,1
8.74,0,8,0,1,48,7,139,1,CSE,1
6.43,5,4,6,1,26,70,280,6,CIVIL,1
6.74,4,6,6,2,78,91,168,5,MECH,1
9.3,4,2,7,2,22,31,303,6,CSE,1
8.04,6,1,7,3,93,22,446,3,IT,1
8.84,3,5,7,1,76,42,388,4,CIVIL,1
9.6,0,8,1,3,13,50,466,5,CIVIL,1
9.71,1,9,7,3,74,80,397,8,CSE,1
7.06,0,1,5,1,14,50,49,5,CIVIL,1
6.99,5,9,5,0,90,28,236,2,CIVIL,1
7.01,4,6,7,3,32,12,69,5,CIVIL,1
6.84,6,7,6,1,32,34,171,5,MECH,1
5.79,5,4,3,3,26,27,152,5,CSE,1
6.28,2,10,1,2,98,95,355,7,ECE,1
9.35,1,10,6,2,82,91,140,2,CSE,1
9.75,4,5,6,0,36,97,146,1,IT,1
5.87,1,10,6,2,80,6,411,3,CSE,1
8.19,2,1,7,2,42,13,101,6,IT,1
9.95,3,1,3,2,12,87,33,8,MECH,1
8.13,4,10,8,3,41,4,406,4,ECE,1
9.72,2,3,8,2,83,77,408,6,ECE,1
8.13,6,10,0,1,68,79,208,5,CSE,1
5.73,6,4,5,1,15,57,498,4,CIVIL,1
9.91,6,9,5,0,68,85,330,6,ECE,1
6.58,3,6,6,1,62,72,81,8,CIVIL,1
6.13,3,6,2,0,59,13,26,3,IT,1
7.58,1,3,1,0,92,57,217,8,MECH,1
7.9,3,6,1,2,99,68,318,4,CSE,1
6.68,1,8,7,2,3,21,427,1,MECH,1
5.88,2,4,3,2,73,17,469,7,MECH,1
6.14,3,0,0,0,26,95,376,1,MECH,1
7.86,5,3,4,1,55,100,294,4,CIVIL,1
7.59,6,4,7,2,30,32,74,5,MECH,1
8.53,4,8,8,1,86,61,339,2,ECE,1
6.26,1,8,2,2,14,44,262,4,CIVIL,1
9.33,5,9,6,2,89,70,172,2,MECH,1
8.56,2,5,3,2,32,66,395,4,ECE,1
9.19,5,4,1,0,72,91,91,7,CIVIL,1
6.66,3,8,3,2,11,19,257,5,CSE,1
8.23,0,10,3,0,54,59,191,8,IT,1
5.83,6,9,5,3,41,82,490,7,IT,1
5.99,0,4,7,2,60,72,421,8,CSE,1
6.81,6,6,1,1,49,81,476,2,CIVIL,1
6.71,5,10,7,2,32,65,277,3,MECH,1
5.76,3,1,0,0,2,76,108,7,ECE,1
8.65,1,2,3,2,15,87,266,7,CSE,1
7.41,2,0,6,3,43,11,188,8,CSE,1
5.52,0,0,8,3,94,78,17,3,IT,1
9.75,2,5,6,0,65,3,382,4,MECH,1
7.55,2,10,4,1,38,11,399,8,CSE,1
9.91,5,5,1,3,39,17,391,8,MECH,1
9.29,4,7,1,0,4,96,272,2,ECE,1
9.71,3,5,5,1,70,80,228,5,CSE,1
7.84,1,2,5,3,74,29,277,7,ECE,1
8.45,4,7,5,1,0,62,102,3,ECE,1
8.69,1,9,4,1,7,24,330,1,CSE,1
8.3,6,6,4,0,81,95,457,4,IT,1
7.38,5,1,4,0,15,72,354,6,CSE,1
7.91,2,0,1,1,20,92,213,6,ECE,1
6.22,3,4,6,2,47,41,151,7,CSE,1
7.44,1,6,3,3,46,7,417,7,IT,1
7.33,4,10,2,0,52,57,418,8,MECH,1
7.0,3,5,7,3,13,26,286,1,ECE,1
5.86,1,4,6,1,15,17,417,6,ECE,1
5.82,1,10,7,2,15,63,189,7,MECH,1
6.92,5,2,1,2,96,85,362,1,MECH,1
8.26,6,3,5,2,60,47,442,5,CSE,1
6.02,2,2,6,2,56,10,142,5,CSE,1
9.22,3,5,7,0,41,16,100,1,ECE,1
9.15,6,8,7,1,76,12,245,6,MECH,1
6.32,3,5,2,1,28,92,117,6,CSE,1
8.99,2,7,1,1,67,58,366,4,MECH,1
9.48,6,3,5,0,20,33,96,3,CIVIL,1
9.01,6,7,3,3,4,66,5,3,CIVIL,1
6.73,6,5,5,3,4,32,245,2,CSE,1
5.89,3,3,4,3,43,7,434,6,CSE,1
6.69,4,3,0,0,96,35,214,4,MECH,1
7.54,6,5,6,3,37,23,419,5,ECE,1
6.02,2,4,7,0,46,57,275,5,CSE,1
6.97,5,8,2,3,74,99,236,6,MECH,1
8.92,6,2,4,0,54,64,319,3,MECH,1
7.07,2,3,8,1,68,72,408,7,CIVIL,1
7.29,0,8,8,3,95,60,330,1,CIVIL,1
9.87,6,2,2,1,86,88,288,5,IT,1
6.53,1,10,7,2,5,18,1,8,CSE,1
9.79,5,3,5,0,47,30,265,6,CIVIL,1
9.01,6,0,2,3,72,82,215,1,CIVIL,1
7.15,2,1,4,3,1,88,70,6,MECH,1
6.55,6,5,2,2,5,11,252,3,CSE,1
8.03,3,2,2,3,33,33,169,6,ECE,1
7.18,2,6,4,3,48,22,373,6,IT,1
9.12,2,3,0,3,53,41,65,4,MECH,1
8.5,2,9,8,2,60,10,411,3,MECH,1
5.93,1,6,0,2,57,29,411,7,CSE,1
8.47,1,9,7,0,76,76,55,2,CSE,1
8.78,5,4,5,3,82,53,382,6,CSE,1
6.74,2,7,8,1,71,87,221,7,CSE,1
9.96,5,9,1,3,92,87,354,7,CIVIL,1
8.01,2,1,2,1,41,67,360,5,CSE,1
6.41,4,8,1,1,90,59,45,5,ECE,1
7.16,4,7,6,0,21,87,499,1,CIVIL,1
6.53,0,4,4,1,26,43,338,7,CIVIL,1
8.78,5,5,3,1,23,97,29,1,ECE,1
9.74,5,6,7,1,33,55,42,6,CIVIL,1
5.7,1,3,0,3,42,37,7,2,CSE,1
8.38,1,10,7,3,92,29,372,2,ECE,1
6.27,6,6,5,0,6,7,327,2,IT,1
7.21,0,2,1,2,76,55,210,5,CIVIL,1
8.61,5,1,6,3,57,19,170,6,MECH,1
8.01,5,5,0,0,27,71,407,7,CSE,1
6.94,2,4,5,0,84,67,355,2,CSE,1
7.92,4,1,4,0,84,29,125,1,IT,1
7.28,2,7,2,0,27,87,149,7,CIVIL,1
6.03,2,5,2,3,68,57,115,4,CSE,1
6.34,1,8,6,1,50,42,252,7,ECE,1
7.41,1,8,8,2,25,65,148,3,CSE,1
6.16,4,1,7,2,70,74,403,6,MECH,1
8.81,0,3,2,1,12,94,37,2,CSE,1
7.33,6,4,7,2,14,65,237,3,CSE,1
7.27,4,6,1,1,64,91,391,4,IT,1
9.51,2,3,2,0,88,79,212,2,CSE,1
5.66,3,9,5,2,10,80,298,8,ECE,1
6.61,6,6,1,1,70,7,457,7,IT,1
6.45,3,0,6,0,3,63,466,5,MECH,1
8.52,5,10,0,0,46,18,162,1,MECH,1
7.7,0,9,8,3,57,5,164,6,CSE,1
8.99,2,10,6,3,94,52,290,8,ECE,1
6.38,4,8,8,2,23,53,411,1,ECE,1
7.93,2,0,2,1,14,88,245,1,MECH,1
7.56,2,6,1,2,94,25,224,7,IT,1
8.29,6,4,2,0,46,30,113,7,MECH,1
5.9,2,10,6,2,88,54,198,5,IT,1
9.92,5,1,6,0,78,30,104,8,CIVIL,1
7.92,2,2,7,0,47,62,99,8,IT,1
7.54,3,0,7,0,3,59,221,4,CIVIL,1
8.18,2,8,6,0,27,17,339,4,ECE,1
7.97,1,10,8,3,23,59,402,1,IT,1
9.81,1,1,8,2,42,63,243,1,IT,1
6.18,6,8,0,0,30,10,211,7,CIVIL,1
6.56,6,4,4,1,21,23,58,4,ECE,1
7.13,1,9,6,1,76,31,322,7,ECE,1
6.21,1,10,3,2,29,1,65,8,ECE,1
9.52,0,9,6,2,9,88,147,3,CSE,1
9.28,3,3,4,3,22,83,338,7,CIVIL,1
7.48,4,8,7,1,83,1,275,7,CIVIL,1
8.74,0,3,3,3,82,21,81,7,CIVIL,1
5.56,3,10,2,0,82,44,36,1,IT,1
9.59,3,4,0,0,24,25,196,1,IT,1
6.58,1,2,2,1,89,46,466,6,CIVIL,1
8.66,0,0,8,2,90,39,500,3,CSE,1
7.32,6,6,8,2,86,36,452,8,CIVIL,1
7.92,2,9,1,2,93,50,422,5,IT,1
6.09,2,8,7,3,87,89,152,2,IT,1
5.61,6,5,2,2,22,11,248,3,IT,1
8.7,1,3,1,2,57,57,211,7,ECE,1
7.12,1,9,0,2,76,49,201,5,CSE,1
8.4,3,9,4,0,72,48,252,2,CSE,1
9.81,2,10,0,0,95,12,124,3,CIVIL,1
9.9,0,7,6,1,4,78,23,8,MECH,1
8.9,5,10,0,0,22,95,229,5,ECE,1
8.12,0,2,8,1,99,39,249,1,MECH,1
6.58,1,8,2,0,8,26,419,5,MECH,1
6.2,0,5,3,2,77,61,401,6,IT,1
5.95,4,0,5,1,56,78,75,2,ECE,1
9.53,4,3,7,0,96,34,65,6,ECE,1
6.48,2,9,5,2,65,89,231,7,CIVIL,1
5.67,0,3,7,0,69,56,63,6,CIVIL,1
7.32,6,6,4,2,70,4,116,7,CIVIL,1
5.92,3,4,8,1,88,86,167,1,ECE,1
5.83,6,3,0,1,67,44,151,3,IT,1
9.39,6,7,3,1,57,90,44,1,ECE,1
6.11,0,8,2,1,8,38,308,4,CSE,1
9.32,4,10,2,2,32,13,97,4,CSE,1
7.4,1,6,7,1,69,96,53,3,MECH,1
8.25,3,9,5,1,92,22,22,2,IT,1
5.66,1,9,1,1,62,13,59,8,CSE,1
5.8,3,0,6,2,80,14,31,4,ECE,1
9.43,2,1,3,3,44,54,290,8,CSE,1
9.38,6,10,6,1,11,78,117,1,MECH,1
6.66,6,2,5,2,35,63,6,8,CIVIL,1
5.83,1,1,7,0,85,88,181,6,CSE,1
8.5,4,1,0,0,82,24,488,2,CSE,1
9.09,3,8,1,0,94,7,367,8,CSE,1
7.59,1,1,7,1,94,58,492,5,CSE,1
7.36,5,0,0,0,14,51,61,4,MECH,1
7.82,3,7,6,0,22,87,247,3,MECH,1
5.94,3,8,2,3,0,2,283,4,IT,1
9.32,1,3,5,1,97,37,217,3,MECH,1
7.9,1,3,4,3,56,61,458,4,ECE,1
6.01,5,10,8,2,31,63,329,4,CIVIL,1
8.78,4,1,7,2,5,59,297,3,MECH,1
8.26,6,10,4,2,44,24,0,2,ECE,1
7.9,0,0,5,0,77,27,67,5,CSE,1
5.77,6,9,1,1,50,61,36,1,ECE,1
9.8,1,4,0,3,77,21,495,4,IT,1
9.37,5,1,1,0,37,15,360,2,MECH,1
8.09,5,9,5,1,68,20,157,6,MECH,1
8.35,1,10,7,1,78,52,193,4,CIVIL,1
9.07,6,4,8,2,2,12,406,3,IT,1
7.95,4,6,8,1,74,69,37,6,ECE,1
8.03,1,3,4,1,38,24,198,3,CSE,1
6.79,6,3,0,0,32,11,425,4,ECE,1
5.56,0,7,6,2,50,14,225,5,MECH,1
8.97,1,0,6,3,30,16,380,1,MECH,1
7.03,5,3,5,3,83,74,320,6,MECH,1
9.59,2,3,8,1,51,19,378,7,IT,1
5.52,3,7,8,1,100,44,28,5,CSE,1
7.89,4,9,7,2,69,83,139,1,CIVIL,1
5.96,6,0,5,2,18,35,330,5,ECE,1
6.06,1,10,4,3,49,21,21,3,ECE,1
7.43,4,4,3,0,92,25,470,2,ECE,1
6.69,0,0,8,0,28,53,265,4,IT,0
7.6,4,8,3,3,55,59,267,1,IT,1
6.35,2,3,8,1,86,61,168,4,MECH,1
7.2,6,6,5,0,88,3,260,4,CIVIL,1
5.79,4,9,4,2,35,57,392,3,CSE,1
9.39,5,0,1,1,41,67,390,6,CSE,1
5.71,6,8,0,1,30,69,81,7,CSE,1
9.15,3,7,6,1,4,79,46,1,MECH,1
8.21,3,7,7,2,89,71,481,8,ECE,1
6.91,5,3,5,2,11,98,166,8,ECE,1
6.04,3,5,8,3,52,31,399,1,ECE,1
7.22,4,0,0,3,7,68,225,3,ECE,1
9.22,1,5,4,0,88,88,491,8,MECH,1
9.84,0,1,6,0,74,78,119,1,MECH,1
8.69,4,9,8,2,1,78,118,4,IT,1
7.84,6,2,4,3,26,76,364,2,CSE,1
9.16,2,0,4,0,33,68,189,2,IT,1
7.89,6,7,7,1,62,78,58,1,ECE,1
7.16,1,3,3,3,15,17,428,2,ECE,1
9.87,6,1,6,2,42,92,411,7,CSE,1
8.38,2,7,7,0,33,42,435,8,CSE,1
5.89,0,2,4,0,39,87,128,4,ECE,1
8.08,3,2,6,0,18,92,354,1,ECE,1
5.81,6,8,5,0,73,26,293,4,MECH,1
7.27,0,2,2,3,21,79,302,7,CSE,1
6.84,3,2,8,0,36,82,230,4,MECH,1
8.8,1,0,4,3,74,68,146,8,ECE,1
6.47,5,5,6,1,69,26,70,4,IT,1
7.73,6,6,8,3,85,13,368,3,IT,1
6.09,2,7,3,3,50,70,337,6,MECH,1
8.78,2,9,5,2,57,0,394,4,CIVIL,1
6.21,1,5,6,2,16,61,422,8,MECH,1
8.11,0,3,3,2,4,76,121,2,CSE,1
5.57,6,10,7,0,2,81,366,5,ECE,1
7.26,5,10,8,1,67,15,280,4,CSE,1
8.13,5,2,6,3,53,9,79,5,ECE,1
8.64,6,7,7,3,82,0,195,6,ECE,1
7.38,4,9,3,3,14,50,95,3,MECH,1
8.39,2,0,0,0,94,41,284,5,CIVIL,1
9.19,5,7,7,2,75,92,138,8,IT,1
6.25,6,9,5,0,48,100,199,7,CSE,1
7.2,3,3,2,2,26,76,214,3,MECH,1
9.86,1,5,4,1,23,5,244,6,IT,1
9.09,5,7,6,2,60,71,460,4,IT,1
9.23,3,8,8,2,49,16,39,1,CSE,1
9.05,0,3,5,3,28,48,355,8,MECH,1
9.05,5,2,0,1,79,7,30,6,CSE,1
7.34,2,4,7,2,99,88,238,3,ECE,1
8.49,5,9,4,2,17,44,471,2,ECE,1
7.21,5,9,2,1,16,77,495,7,CIVIL,1
7.7,1,5,6,2,71,42,370,2,ECE,1
7.55,5,9,7,3,61,99,294,7,CIVIL,1
7.85,3,8,8,3,84,80,135,2,ECE,1
9.51,2,5,1,3,43,30,127,8,IT,1
9.5,1,7,3,3,53,51,498,7,CSE,1
7.14,0,2,7,3,16,38,228,6,IT,1
6.71,4,0,1,2,38,7,461,3,CIVIL,1
9.49,1,10,1,2,36,45,338,6,MECH,1
7.23,0,7,1,1,26,46,300,6,IT,1
7.27,1,7,6,2,35,37,36,2,ECE,1
5.58,1,1,1,2,48,80,240,6,CIVIL,1
8.92,1,1,5,0,22,20,171,6,ECE,1
7.74,2,10,8,2,86,87,294,2,CIVIL,1
7.24,2,6,3,1,75,79,44,1,CIVIL,1
7.39,0,5,1,0,78,48,31,3,CIVIL,1
8.67,0,5,8,2,77,64,377,6,CSE,1
5.69,1,7,2,0,50,65,233,7,MECH,1
8.01,5,7,0,1,34,59,467,3,ECE,1
9.9,1,10,3,0,30,52,167,8,ECE,1
5.52,1,1,5,3,42,72,254,4,CIVIL,1
9.92,5,8,3,2,86,11,30,8,CIVIL,1
5.64,2,4,5,0,71,65,247,2,MECH,1
9.29,6,2,8,1,37,83,168,3,CIVIL,1
9.88,6,4,6,1,100,63,155,5,ECE,1
7.29,0,4,1,3,16,76,303,4,ECE,1
5.91,6,5,0,3,36,100,0,1,IT,1
7.24,1,4,2,2,23,43,376,5,ECE,1
7.67,3,6,0,1,86,7,362,2,IT,1
8.09,4,8,2,0,94,17,396,6,CIVIL,1
7.24,3,7,0,1,59,62,56,1,CSE,1
6.31,6,3,5,2,78,48,269,5,CSE,1
6.72,0,5,5,0,94,78,149,2,CSE,1
5.99,6,2,6,2,22,42,2,1,CSE,1
7.99,4,6,5,2,56,32,167,7,CIVIL,1
6.75,6,2,0,3,2,84,226,3,CIVIL,1
5.67,3,2,7,0,45,1,136,1,MECH,1
9.82,6,8,2,3,88,71,38,7,CIVIL,1
6.57,4,8,4,0,87,77,460,5,CIVIL,1
6.52,0,10,2,1,50,59,34,8,MECH,1
9.18,0,5,4,2,34,2,95,3,CIVIL,1
8.1,2,1,4,1,37,76,434,5,CSE,1
8.19,6,0,4,2,95,16,45,1,CIVIL,1
6.84,1,0,1,2,3,46,389,8,MECH,1
8.93,4,8,0,3,58,6,235,4,CIVIL,1
8.6,3,10,6,1,68,91,40,8,CSE,1
6.83,2,1,6,2,4,90,150,7,ECE,1
6.9,5,1,5,1,80,97,445,3,CIVIL,1
5.73,0,1,1,3,44,55,103,1,MECH,1
9.06,2,3,4,1,16,93,402,2,MECH,1
9.8,6,6,3,1,57,43,4,3,MECH,1
9.78,5,8,3,2,29,34,392,8,ECE,1
7.81,6,7,5,1,17,98,187,3,CIVIL,1
7.79,2,7,0,0,65,56,234,6,IT,1
7.71,3,4,8,3,72,37,315,5,IT,1
6.27,0,1,2,1,10,10,395,5,MECH,1
7.32,0,7,0,1,13,78,392,6,CIVIL,1
9.64,4,6,5,0,60,65,128,8,ECE,1
8.05,0,8,5,3,88,45,436,8,MECH,1
8.18,0,10,3,0,92,88,213,1,CSE,1
5.62,2,2,5,1,72,76,69,8,MECH,1
7.98,2,10,3,2,34,1,393,4,CIVIL,1
7.72,6,3,2,2,69,53,261,3,IT,1
8.35,3,10,5,2,83,14,132,7,CIVIL,1
6.99,3,1,7,3,0,19,235,2,ECE,1
7.16,0,3,3,3,30,60,309,7,IT,1
6.7,0,6,5,0,83,22,351,8,CIVIL,1
7.16,6,6,3,3,98,59,43,5,ECE,1
6.68,6,7,1,1,17,26,295,1,CSE,1
9.66,1,6,0,0,98,3,215,6,CSE,1
6.2,4,1,7,3,19,39,70,1,IT,1
6.32,0,1,4,1,57,85,325,8,MECH,1
5.9,6,9,0,3,90,25,96,4,CIVIL,1
6.94,3,4,7,2,3,86,482,4,IT,1
9.17,1,6,5,0,46,57,205,4,MECH,1
9.38,1,1,6,1,14,24,22,5,IT,1
6.26,3,3,8,1,39,84,206,1,ECE,1
6.9,5,4,1,0,71,1,111,3,CSE,1
9.44,3,6,0,1,95,91,457,4,ECE,1
6.35,5,6,6,3,33,91,84,8,ECE,1
7.53,4,8,1,1,74,50,237,5,MECH,1
7.77,1,0,5,1,50,55,225,1,MECH,1
7.68,4,3,8,2,87,33,283,7,CSE,1
6.19,4,5,5,2,50,39,86,7,IT,1
8.57,0,9,1,3,100,28,114,5,CSE,1
8.74,3,1,4,1,79,28,15,6,IT,1
8.76,6,4,2,1,50,9,230,5,ECE,1
8.88,6,5,1,1,5,24,246,6,CIVIL,1
8.86,6,10,2,1,86,16,5,6,CSE,1
7.55,4,5,1,3,7,65,83,8,IT,1
8.95,4,1,5,0,12,23,416,5,ECE,1
9.35,5,5,8,3,96,63,106,2,IT,1
8.06,0,1,5,2,77,89,377,6,ECE,1
9.96,0,1,8,3,100,82,376,4,CIVIL,1
6.32,3,10,6,3,74,28,261,2,IT,1
7.55,6,9,6,2,70,24,213,7,IT,1
6.59,3,9,1,0,11,40,368,8,IT,1
9.18,6,2,3,3,87,61,54,6,MECH,1
7.26,1,6,3,2,0,84,399,7,ECE,1
9.3,6,8,7,2,57,83,145,2,IT,1
9.37,6,3,1,1,30,89,121,2,ECE,1
7.03,4,10,2,2,17,20,31,4,CSE,1
7.3,3,2,6,3,59,48,298,2,ECE,1
6.13,4,6,8,2,41,22,389,7,IT,1
9.3,1,9,6,2,55,28,472,6,MECH,1
5.62,1,5,1,2,45,80,278,3,CIVIL,1
6.76,5,6,8,2,15,2,4,2,IT,1
5.64,5,8,5,1,76,68,379,1,IT,1
7.96,0,9,8,3,30,11,453,8,CSE,1
6.75,2,3,8,3,34,88,236,8,IT,1
6.48,6,5,8,0,20,9,64,5,IT,1
8.16,0,6,4,1,2,36,231,1,IT,1
6.7,6,9,6,2,74,41,414,3,CSE,1
9.31,3,4,8,2,38,90,460,8,CIVIL,1
8.41,2,8,6,1,23,56,191,2,IT,1
6.11,5,1,2,2,68,27,473,1,MECH,1
8.61,1,8,5,2,2,1,123,1,ECE,1
5.83,0,0,1,2,10,19,275,4,CIVIL,1
6.15,1,3,5,2,43,20,441,1,MECH,1
8.41,0,3,0,2,77,27,12,5,IT,1
8.67,2,5,2,1,95,98,468,3,CIVIL,1
7.77,4,8,1,3,57,94,393,3,ECE,1
7.77,4,3,6,1,14,30,439,8,IT,1
9.2,6,1,1,3,1,79,229,1,CSE,1
9.84,5,1,0,3,10,23,10,6,CSE,1
8.65,2,5,4,2,77,75,335,6,MECH,1
6.63,2,7,6,1,67,54,86,4,IT,1
7.57,2,4,0,0,63,57,306,1,IT,1
9.79,3,8,6,3,41,23,38,3,ECE,1
6.78,1,9,5,3,85,69,181,7,ECE,1
7.73,5,7,6,0,53,9,419,7,IT,1
5.82,2,0,5,3,65,13,9,7,ECE,1
8.07,6,0,7,2,45,98,381,4,MECH,1
9.19,6,2,1,0,66,21,223,4,ECE,1
8.92,3,0,8,1,62,5,477,6,IT,1
7.21,1,8,0,0,50,81,317,4,CIVIL,1
7.64,4,9,7,0,66,8,384,1,IT,1
7.74,0,10,5,1,27,67,2,4,CSE,1
8.54,2,2,1,3,16,62,231,6,IT,1
6.16,0,7,4,3,37,93,332,3,CIVIL,1
5.88,0,9,8,0,79,53,307,6,MECH,1
8.34,2,10,1,3,14,39,296,8,MECH,1
6.15,3,5,1,2,92,91,351,5,IT,1
6.15,6,10,7,2,48,70,131,5,ECE,1
9.2,6,1,5,3,49,42,319,3,CIVIL,1
9.75,1,4,2,3,79,61,435,3,ECE,1
8.69,5,4,0,0,5,82,29,6,ECE,1
8.07,4,1,6,0,49,20,48,8,CSE,1
5.97,5,7,2,2,89,52,268,3,ECE,1
7.44,3,4,1,1,31,22,405,6,ECE,1
5.96,5,0,6,2,22,22,431,2,CSE,1
9.0,1,3,7,0,88,97,495,1,IT,1
8.65,3,8,5,1,58,58,367,2,ECE,1
6.35,5,2,6,1,3,1,380,7,MECH,1
9.47,6,7,2,2,49,13,335,3,MECH,1
9.84,3,10,3,0,3,90,276,1,CSE,1
7.92,4,0,5,3,78,28,370,4,CSE,1
7.16,4,3,1,3,29,56,375,1,ECE,1
9.43,3,5,6,3,93,48,46,6,CSE,1
6.88,3,9,4,2,45,51,67,6,MECH,1
6.75,6,5,7,2,76,64,449,3,MECH,1
9.75,4,3,1,1,97,59,247,2,CIVIL,1
9.3,5,9,0,3,88,73,130,3,IT,1
9.37,3,1,8,0,41,41,330,7,ECE,1
6.36,4,10,6,2,68,68,467,6,CIVIL,1
9.57,4,7,7,2,80,68,325,7,ECE,1
7.05,5,0,1,1,72,80,277,8,MECH,1
9.71,0,4,7,0,40,81,156,3,ECE,1
5.81,1,5,0,3,27,98,76,6,ECE,1
9.65,5,3,7,1,67,52,10,4,CIVIL,1
7.56,1,8,5,0,36,64,389,3,ECE,1
8.61,4,9,5,3,48,87,115,8,CSE,1
9.36,2,8,0,2,19,91,286,1,CSE,1
7.73,1,1,1,2,92,61,391,7,ECE,1
9.46,0,9,3,0,67,68,273,5,CIVIL,1
8.33,0,7,0,0,65,90,83,8,IT,1
5.89,0,0,1,0,34,37,227,6,IT,1
5.57,1,9,0,1,39,36,96,1,CIVIL,1
9.11,4,0,3,1,96,44,309,2,CSE,1
8.99,3,1,1,0,12,7,76,7,CSE,1
6.31,6,10,7,0,47,84,189,1,MECH,1
9.16,4,0,7,2,84,70,20,4,CIVIL,1
9.43,6,2,1,1,75,33,326,7,MECH,1
7.31,2,1,4,2,94,64,17,2,IT,1
6.71,3,4,2,1,48,71,374,2,CSE,1
9.33,4,0,7,0,87,89,389,2,CIVIL,1
6.05,0,6,3,1,88,16,392,7,IT,1
8.75,5,8,7,3,71,69,182,2,CSE,1
9.67,1,8,0,3,54,65,189,3,ECE,1
6.99,6,2,3,3,17,59,409,4,CSE,1
7.5,6,9,1,0,5,64,372,6,CIVIL,1
9.46,2,6,7,1,28,56,409,2,ECE,1
9.44,1,8,5,0,51,42,1,3,MECH,1
7.44,1,0,7,2,57,30,9,2,MECH,1
8.06,5,1,4,3,1,35,247,2,ECE,1
6.11,0,10,6,0,58,59,397,2,ECE,1
9.4,4,2,7,2,23,89,400,1,CIVIL,1
8.97,2,8,5,1,29,8,352,2,CSE,1
8.23,0,8,4,2,54,64,192,2,CIVIL,1
8.12,6,4,7,2,51,36,403,7,MECH,1
8.97,5,0,3,3,89,58,304,8,MECH,1
7.56,5,6,6,0,89,68,136,1,CSE,1
8.54,5,6,8,2,14,78,412,8,ECE,1
6.45,1,2,8,3,50,81,6,8,IT,1
7.43,6,4,5,2,11,93,206,8,MECH,1
7.13,4,6,5,0,54,4,278,2,MECH,1
7.09,0,4,8,3,68,14,393,7,CSE,1
6.39,5,10,7,2,4,0,50,5,ECE,1
9.36,4,8,7,0,31,6,490,7,CIVIL,1
8.81,6,0,5,3,3,2,315,2,CIVIL,1
7.35,4,3,5,2,60,91,53,8,CSE,1
5.63,2,6,6,2,24,90,386,4,IT,1
6.51,1,10,0,2,65,39,127,2,MECH,1
6.2,4,2,8,1,81,48,450,8,CIVIL,1
5.94,0,9,5,0,63,59,315,6,MECH,1
9.82,4,1,6,0,3,25,368,5,CSE,1
7.52,1,6,8,2,97,17,379,3,ECE,1
7.64,2,6,8,1,22,34,382,6,CIVIL,1
6.58,2,0,3,2,79,77,179,7,CIVIL,1
5.95,4,1,7,1,88,78,186,7,CSE,1
8.85,4,7,4,3,71,50,167,7,CIVIL,1
6.53,4,1,5,1,90,48,215,3,CSE,1
7.91,6,9,6,1,19,46,234,4,MECH,1
6.18,3,4,8,1,67,12,106,2,IT,1
9.12,0,5,3,0,88,74,209,2,CIVIL,1
7.27,3,7,3,0,72,62,395,5,CSE,1
5.68,6,1,1,0,59,56,204,2,CSE,1
8.12,5,6,0,1,29,85,398,4,MECH,1
8.17,1,4,4,0,79,71,123,2,CIVIL,1
6.5,0,2,6,0,18,84,237,5,ECE,1
6.93,5,7,4,0,77,63,486,6,MECH,1
6.83,2,10,3,1,58,82,440,1,CIVIL,1
8.3,0,2,8,3,86,96,96,8,IT,1
6.38,2,10,5,1,1,87,237,6,CIVIL,1
7.7,5,9,5,2,21,53,187,3,CIVIL,1
8.14,6,1,6,3,5,84,296,1,CIVIL,1
8.86,1,10,0,1,82,48,238,6,IT,1
6.99,2,5,3,0,62,65,78,7,CSE,1
6.22,1,5,0,1,54,68,164,5,CIVIL,1
6.69,4,3,4,2,16,30,180,8,CSE,1
6.44,2,5,4,0,7,19,83,1,CIVIL,1
7.66,1,10,0,1,14,3,233,2,ECE,1
8.59,5,1,3,3,4,31,410,7,ECE,1
9.51,0,5,0,1,22,55,237,2,IT,1
9.6,0,0,8,3,86,87,79,2,IT,1
7.98,2,2,0,1,49,17,74,6,ECE,1
7.59,1,3,8,0,62,54,403,8,CSE,1
9.52,2,8,2,3,94,29,122,5,IT,1
7.26,0,5,2,1,96,94,372,4,MECH,1
8.93,5,7,8,2,90,61,312,1,MECH,1
9.61,4,2,5,2,1,0,325,6,CSE,1
7.59,6,1,3,0,21,3,227,8,CSE,1
7.61,0,4,6,2,45,76,202,2,ECE,1
8.19,1,10,4,2,98,27,344,4,CIVIL,1
7.23,1,1,3,1,41,14,215,1,CSE,1
8.83,1,0,7,3,43,96,477,1,CIVIL,1
9.7,0,10,0,2,34,49,3,5,CIVIL,1
8.44,6,1,7,2,26,41,34,7,CSE,1
9.62,3,3,8,3,49,79,148,2,IT,1
8.96,6,7,4,0,1,9,75,5,MECH,1
9.33,1,1,1,0,55,19,161,6,MECH,1
5.79,3,8,3,0,31,61,6,6,CIVIL,1
7.58,2,4,0,2,43,93,295,8,CIVIL,1
7.23,0,3,7,1,56,100,310,8,CSE,1
7.07,1,0,4,2,0,1,140,3,IT,1
7.99,3,0,7,2,62,63,70,8,CSE,1
6.71,5,9,5,0,50,24,287,6,ECE,1
9.45,2,10,8,1,61,73,281,2,ECE,1
9.06,3,5,6,2,37,66,198,2,ECE,1
6.94,3,8,0,3,74,66,315,3,IT,1
5.91,6,3,2,3,35,18,34,2,CIVIL,1
7.39,5,0,6,2,51,19,343,6,ECE,1
5.6,3,9,6,0,25,89,141,1,ECE,1
6.63,3,8,1,0,26,44,304,4,CIVIL,1
9.69,1,6,4,3,40,52,451,1,MECH,1
6.44,2,8,2,2,86,20,155,7,CSE,1
6.93,1,0,5,0,78,38,167,6,IT,1
8.74,3,4,1,3,44,52,200,4,CSE,1
7.5,3,10,6,1,4,18,246,2,MECH,1
7.28,2,4,8,2,68,24,484,6,ECE,1
10.0,5,4,8,2,74,41,233,3,ECE,1
8.96,2,3,0,3,75,9,91,2,MECH,1
6.39,6,10,0,1,6,32,388,5,MECH,1
8.96,4,5,0,3,65,40,103,8,CIVIL,1
9.41,1,8,1,1,53,42,457,3,IT,1
9.31,1,5,4,2,26,26,435,6,IT,1
9.35,3,8,3,1,50,15,395,4,CSE,1
6.39,6,6,0,3,94,93,394,7,MECH,1
9.46,4,8,8,3,73,35,200,1,IT,1
7.68,6,5,6,3,86,11,494,3,CSE,1
8.92,5,1,0,2,66,29,267,8,IT,1
8.06,6,4,7,2,19,34,110,8,CSE,1
8.66,4,5,3,0,29,59,425,7,ECE,1
5.51,6,7,2,2,37,49,220,5,ECE,1
8.81,5,2,7,3,26,47,432,1,MECH,1
5.66,1,6,7,0,44,42,464,4,CIVIL,1
6.55,3,8,0,3,4,49,336,7,CSE,1
9.78,5,7,6,3,95,10,40,1,ECE,1
5.73,4,8,1,1,0,17,381,5,CIVIL,1
5.72,6,0,0,1,49,73,255,8,IT,1
9.07,1,3,1,1,12,19,148,4,MECH,1
8.3,2,10,6,1,12,70,445,7,CIVIL,1
9.14,0,8,6,3,88,72,50,8,IT,1
6.62,4,2,1,3,51,17,332,2,ECE,1
7.18,2,9,1,2,80,56,110,4,CSE,1
5.89,0,4,7,3,3,73,205,2,MECH,1
8.73,3,2,8,0,3,18,239,2,IT,1
9.37,4,6,7,3,48,96,133,5,CSE,1
8.25,2,5,7,3,3,87,213,7,CSE,1
6.92,2,10,8,3,18,15,180,5,ECE,1
6.25,1,5,3,2,73,39,374,6,CSE,1
6.8,3,7,4,3,69,0,418,6,MECH,1
7.75,3,9,3,2,61,0,468,4,MECH,1
6.19,1,2,3,0,19,54,224,3,CSE,1
6.84,2,9,8,1,32,93,162,4,IT,1
8.78,5,7,0,2,40,76,150,4,CIVIL,1
9.48,3,9,8,1,53,100,136,2,IT,1
9.35,0,5,8,3,21,73,164,6,CIVIL,1
7.55,3,1,6,0,88,50,291,5,CIVIL,1
9.78,2,8,7,0,72,58,319,2,CSE,1
5.61,6,4,3,1,78,98,472,8,ECE,1
7.69,2,8,2,1,40,74,281,2,CIVIL,1
6.76,2,6,2,1,7,5,89,3,IT,1
7.76,0,9,4,0,66,1,479,5,CSE,1
9.12,1,5,0,2,97,78,353,1,MECH,1
7.4,1,0,1,1,92,68,292,6,CSE,1
9.08,2,9,8,2,52,18,424,8,CSE,1
9.83,1,7,2,1,52,73,312,6,CSE,1
7.32,5,8,1,3,93,64,135,6,CIVIL,1
7.45,2,2,3,0,78,98,481,8,MECH,0
8.09,6,4,5,3,1,8,65,8,MECH,1
7.81,0,10,6,2,31,73,115,7,CIVIL,1
5.68,6,7,0,1,61,73,462,7,MECH,1
6.95,5,3,6,0,58,43,442,2,CSE,1
9.05,1,3,8,1,30,94,336,1,MECH,1
9.24,6,4,6,1,18,2,335,4,CSE,1
5.57,5,7,7,3,62,46,155,4,IT,1
7.34,3,0,2,2,94,59,388,6,MECH,1
9.05,6,10,4,2,14,63,342,1,IT,1
6.33,3,10,0,2,33,27,11,2,IT,1
6.21,4,10,5,0,64,84,342,5,IT,1
7.14,1,7,5,0,1,7,151,5,CSE,1
9.0,6,3,4,3,89,41,464,4,MECH,1
8.64,6,6,6,3,94,0,341,8,CSE,1
7.76,4,2,7,2,87,24,345,7,ECE,1
6.65,3,2,6,0,81,66,120,8,IT,1
7.47,0,6,2,0,89,92,147,5,IT,1
9.3,5,10,4,1,69,33,314,1,MECH,1
8.57,4,5,5,1,9,25,81,6,CIVIL,1
6.83,5,5,3,3,6,51,359,1,ECE,1
6.34,0,1,8,2,50,61,165,5,ECE,1
8.44,6,3,0,2,39,48,11,7,ECE,1
8.3,4,2,4,1,47,38,271,4,IT,1
9.24,2,4,8,0,86,27,312,3,MECH,1
7.74,2,2,1,2,21,40,259,4,ECE,0
9.16,6,10,2,1,14,66,31,5,MECH,1
8.26,2,2,3,2,3,15,77,4,IT,1
5.84,5,4,4,3,84,52,385,7,CSE,1
7.83,0,9,5,3,82,99,317,4,IT,1
9.6,1,0,1,0,41,65,244,5,CIVIL,1
8.69,2,0,5,3,35,17,253,1,MECH,1
6.78,0,1,1,2,86,22,98,1,ECE,1
7.87,1,8,3,3,18,87,458,5,ECE,1
8.71,1,9,4,0,82,79,500,5,MECH,1
9.59,2,0,3,0,7,34,472,8,IT,1
5.52,4,5,2,2,67,88,433,4,CSE,1
8.25,4,1,5,3,90,18,12,4,MECH,1
8.33,6,5,2,2,26,32,174,5,IT,1
7.25,5,7,2,0,49,69,231,7,IT,1
9.06,1,7,5,0,96,91,26,7,ECE,1
6.09,4,7,4,3,11,55,485,5,MECH,1
6.57,2,8,4,0,23,98,18,1,ECE,0
7.93,2,8,5,3,6,18,499,3,MECH,1
7.45,2,8,1,2,82,18,293,6,CSE,1
9.67,2,6,2,1,14,14,137,2,CSE,1
8.44,4,8,1,3,54,65,180,2,CIVIL,1
7.9,1,6,6,0,73,92,200,7,MECH,1
8.81,1,4,6,0,21,0,334,5,MECH,0
6.08,1,4,1,3,99,20,391,7,CSE,1
9.28,5,2,1,3,35,98,15,7,CSE,1
8.05,0,0,2,0,97,44,221,1,CSE,1
5.96,0,1,8,1,26,23,316,4,ECE,1
7.22,2,5,3,2,2,94,453,2,CSE,1
9.48,3,4,2,3,53,92,185,6,CIVIL,1
5.67,6,1,4,0,11,44,95,5,CIVIL,1
6.8,5,2,7,3,30,4,239,8,IT,1
9.91,6,2,5,0,60,71,384,7,ECE,1
9.54,4,2,7,0,99,91,215,2,CSE,1
7.15,6,6,0,0,10,17,199,3,CIVIL,1
5.66,5,2,8,1,79,13,52,3,CIVIL,1
8.02,3,0,2,0,3,93,161,4,IT,1
8.34,5,5,2,3,22,100,470,8,IT,1
8.42,2,9,1,0,76,58,392,3,CIVIL,1
5.55,3,9,1,1,82,26,302,7,CIVIL,1
5.96,4,9,7,1,2,50,436,3,CSE,1
8.57,6,6,1,3,30,50,321,8,MECH,1
8.29,4,5,4,3,46,93,110,1,CSE,1
7.39,0,10,5,3,66,7,388,4,ECE,1
6.3,4,7,1,3,79,90,50,5,MECH,1
9.51,6,0,6,2,94,19,200,1,CIVIL,1
9.12,3,0,4,1,16,81,358,7,MECH,1
8.34,6,0,6,2,41,12,393,4,MECH,1
5.74,4,8,3,2,12,22,282,4,MECH,1
9.26,5,1,8,1,96,53,369,1,IT,1
5.74,0,10,1,3,3,37,420,1,ECE,1
8.25,1,5,2,0,16,20,429,1,CSE,1
9.82,0,8,6,0,52,43,284,8,CIVIL,1
6.83,6,0,8,3,53,27,255,3,ECE,1
5.76,0,4,1,1,82,17,495,5,MECH,1
9.44,5,1,2,0,36,59,45,4,IT,1
8.07,2,1,4,0,54,85,27,1,CIVIL,1
6.12,2,7,7,2,74,55,136,1,IT,1
9.47,1,8,4,1,96,7,500,3,IT,1
9.59,5,0,2,1,43,7,308,7,CSE,1
8.85,5,0,5,1,33,53,402,3,CIVIL,1
7.84,0,10,8,1,46,44,39,8,IT,1
9.28,5,6,1,1,56,43,24,2,IT,1
6.03,6,4,6,0,42,67,15,7,IT,1
6.59,3,7,8,2,46,37,194,4,CIVIL,1
6.14,2,1,5,1,3,41,474,1,MECH,1
6.73,5,10,4,2,11,70,420,6,ECE,1
6.24,1,7,5,2,1,16,431,6,MECH,1
8.92,4,0,2,2,12,2,335,2,MECH,1
9.83,4,7,2,3,92,1,342,2,IT,1
9.86,2,1,3,3,90,44,45,4,MECH,1
7.74,2,6,1,1,71,74,407,7,ECE,1
6.23,6,2,5,0,73,51,248,2,IT,1
8.07,2,3,2,0,43,7,150,8,CSE,1
9.39,2,0,8,3,91,75,96,6,CSE,1
7.67,1,6,6,2,74,20,491,3,CIVIL,1
8.22,0,10,2,3,65,92,54,2,ECE,1
7.26,6,8,2,1,29,2,234,3,MECH,1
8.88,0,0,6,3,5,75,271,5,IT,1
8.07,6,0,3,1,1,63,21,3,CIVIL,1
9.0,4,10,2,2,55,96,343,7,ECE,1
8.69,3,0,4,2,47,48,149,7,CIVIL,1
8.16,6,9,4,3,20,92,81,2,ECE,1
5.86,2,5,3,3,47,34,121,2,CIVIL,1
7.73,5,4,1,1,70,36,100,3,IT,1
7.72,1,10,6,3,93,48,211,4,MECH,1
6.23,6,5,6,0,4,56,102,5,CIVIL,1
9.35,6,6,5,0,94,37,210,2,CSE,1
6.29,4,5,1,3,38,95,252,2,MECH,1
9.77,3,3,8,1,97,89,182,6,ECE,1
9.13,0,8,1,2,31,19,457,3,CIVIL,1
8.79,2,7,1,3,85,76,187,7,ECE,1
7.76,0,7,2,2,63,53,70,4,ECE,1
6.89,5,9,3,2,8,32,8,3,MECH,1
7.82,5,5,1,0,48,24,136,3,CSE,1
9.18,6,3,8,2,96,61,146,8,CSE,1
8.66,5,6,6,2,71,54,439,7,CSE,1
9.57,0,7,3,1,20,35,499,8,IT,1
9.65,2,2,5,1,72,18,405,1,CSE,1
8.12,1,0,5,0,85,22,444,2,CIVIL,1
7.47,5,7,1,2,78,27,252,1,IT,1
9.49,3,2,7,0,27,21,52,5,MECH,1
9.55,5,0,1,2,61,84,449,2,ECE,1
7.72,5,0,2,0,31,28,470,4,CIVIL,1
9.0,2,5,1,2,65,59,186,4,MECH,1
8.55,5,9,3,1,28,24,495,1,CSE,1
8.31,6,8,4,2,67,40,140,1,CSE,1
7.2,3,2,3,2,18,74,384,7,MECH,1
8.81,4,1,2,1,35,81,34,6,CIVIL,1
5.77,4,3,5,3,96,53,155,3,MECH,1
5.64,6,4,3,1,9,6,412,7,MECH,1
9.0,4,3,4,0,77,92,445,5,MECH,1
6.38,1,5,2,0,97,83,431,3,MECH,1
8.18,5,8,3,2,23,76,43,2,CSE,1
5.95,1,5,6,1,69,83,2,7,ECE,1
6.94,4,3,0,0,28,9,282,3,MECH,1
8.13,1,5,1,3,21,61,131,3,CIVIL,1
6.41,6,9,8,3,84,87,55,1,CSE,1
6.13,0,10,5,1,75,54,158,5,MECH,1
9.97,0,4,0,1,26,27,99,6,ECE,1
9.77,5,9,7,2,90,85,102,3,CSE,1
6.51,5,4,1,0,99,45,428,8,CSE,1
6.6,3,8,3,0,52,91,35,3,MECH,1
8.64,0,8,2,0,41,52,403,8,CIVIL,1
8.45,6,2,5,1,34,55,86,2,CIVIL,1
8.86,5,8,6,3,1,91,309,7,IT,1
8.91,1,4,8,3,6,40,437,2,ECE,1
8.8,1,5,4,1,11,95,167,5,CSE,1
6.52,5,1,7,1,1,83,99,1,ECE,1
8.09,6,7,3,2,48,93,83,3,CSE,1
9.78,0,6,1,1,29,89,301,5,IT,1
9.61,2,7,1,1,69,19,178,2,ECE,1
9.25,0,0,4,3,46,31,383,4,IT,1
7.42,6,3,8,2,0,7,187,6,MECH,1
8.65,6,3,2,1,70,79,186,4,IT,1
8.22,1,9,8,2,91,32,351,8,ECE,1
5.69,0,6,3,2,60,42,196,5,MECH,1
6.9,6,0,6,0,97,93,123,8,ECE,1
8.73,4,0,8,3,57,96,145,5,CIVIL,1
5.51,2,3,8,0,76,86,135,5,MECH,1
6.35,5,6,0,1,24,9,26,8,IT,1
9.1,6,5,2,1,68,78,208,5,CSE,1
7.21,0,4,2,1,66,62,152,2,IT,1
8.95,5,8,1,3,0,98,51,7,MECH,1
9.0,4,1,2,1,12,66,156,1,ECE,1
9.41,2,0,0,3,95,19,53,1,MECH,1
6.24,5,10,1,3,92,71,135,1,CIVIL,1
8.4,1,9,5,0,56,11,211,3,ECE,1
9.75,0,4,4,0,89,45,53,4,MECH,1
6.45,0,2,7,2,53,12,402,6,MECH,1
8.66,3,0,0,0,25,80,104,3,IT,1
6.74,5,3,8,1,22,36,240,3,CIVIL,1
8.07,5,9,8,2,63,49,152,2,ECE,1
8.48,6,1,4,2,50,42,258,2,IT,1
8.43,4,0,1,2,42,97,444,7,ECE,1
9.97,4,6,2,0,83,88,294,5,MECH,1
5.74,4,4,7,2,21,48,157,6,ECE,1
9.35,6,6,6,1,4,82,437,7,MECH,1
8.12,4,3,7,0,84,15,264,5,ECE,1
7.88,6,1,7,2,71,71,220,6,CIVIL,1
6.82,5,2,8,2,64,70,434,5,MECH,1
7.19,0,6,7,1,93,25,82,6,ECE,1
6.52,0,0,3,3,20,99,221,2,CIVIL,1
9.87,3,8,5,1,41,89,383,1,CIVIL,1
7.51,1,7,1,1,82,88,412,7,IT,1
6.07,2,1,3,3,93,1,247,4,MECH,0
8.23,4,6,5,3,75,18,9,6,CSE,1
8.18,2,8,3,3,39,17,164,3,CIVIL,1
6.01,6,9,0,0,47,50,436,3,CSE,1
7.48,6,3,5,1,33,32,366,8,ECE,1
8.71,6,10,6,1,100,91,257,8,CIVIL,1
8.08,4,3,2,1,72,32,333,5,ECE,1
8.84,1,7,8,0,26,58,245,5,CIVIL,1
8.24,0,9,5,3,33,65,366,4,IT,1
5.75,2,2,5,0,32,75,141,8,ECE,1
7.22,0,4,0,1,0,92,15,8,ECE,1
6.08,6,8,8,0,48,86,328,6,IT,1
9.95,3,9,7,1,8,87,247,6,CIVIL,1
9.62,3,3,7,3,30,7,337,8,CSE,1
8.68,0,3,6,2,25,30,413,6,IT,1
8.82,5,1,2,0,22,88,443,8,CSE,1
6.18,3,6,3,1,40,58,211,2,MECH,1
8.96,4,8,3,0,97,84,413,4,CSE,1
8.57,1,10,1,2,51,99,175,5,CSE,1
8.19,6,3,4,2,0,67,75,2,ECE,1
9.18,3,5,4,2,47,14,296,5,CSE,1
6.81,1,7,1,0,73,32,132,1,MECH,1
6.31,5,3,0,1,38,69,174,5,CSE,1
8.56,5,6,1,2,6,25,16,4,ECE,1
6.02,5,4,4,0,30,1,438,8,MECH,1
8.42,2,6,5,3,68,100,52,4,CSE,1
7.6,3,4,2,1,79,60,93,2,CIVIL,1
8.04,2,3,0,3,35,63,268,3,IT,1
9.35,6,3,4,0,56,59,223,8,IT,1
6.44,2,7,7,3,82,24,64,6,IT,1
5.78,2,4,3,2,45,37,180,1,CIVIL,0
6.9,1,6,5,1,22,8,82,3,IT,1
7.47,2,3,5,0,79,82,49,1,CSE,1
8.92,2,7,5,1,81,43,206,1,CIVIL,1
5.64,0,9,5,1,38,25,279,3,CIVIL,1
6.68,2,4,3,3,18,21,413,2,MECH,1
8.38,3,2,0,0,2,28,320,8,IT,1
7.56,2,3,0,0,83,25,452,4,MECH,1
5.86,4,2,1,2,81,83,4,5,MECH,1
9.97,4,2,0,1,9,15,361,1,CSE,1
6.8,6,8,5,1,18,78,111,4,CIVIL,1
7.43,1,0,6,3,16,64,215,7,ECE,1
6.84,0,3,6,2,64,26,370,3,CSE,1
5.77,4,2,6,2,62,92,413,5,CIVIL,1
9.68,1,8,7,0,51,80,232,8,IT,1
6.15,1,1,0,3,37,40,204,6,ECE,1
7.54,4,5,5,1,69,94,393,4,MECH,1
8.1,5,0,1,0,79,86,438,8,MECH,1
8.35,5,3,6,0,26,42,152,3,IT,1
6.67,6,2,2,1,44,31,131,5,ECE,1
9.26,0,7,7,2,3,88,332,8,CSE,1
7.69,0,0,1,2,73,59,439,4,IT,1
9.52,5,0,4,2,39,33,174,2,IT,1
5.72,1,7,2,0,83,94,30,5,IT,1
7.03,4,5,5,3,56,71,33,2,CIVIL,1
8.22,0,4,3,0,75,63,356,7,CSE,1
7.92,6,1,8,3,23,98,445,3,MECH,1
8.55,6,9,3,1,89,54,429,7,IT,1
8.56,3,9,7,0,47,15,122,2,IT,1
7.16,1,2,6,3,50,24,144,2,CIVIL,1
8.73,0,8,4,0,86,25,145,3,CIVIL,1
8.54,5,1,4,3,31,39,482,2,ECE,1
8.48,5,8,1,1,30,87,284,4,CSE,1
8.16,5,8,3,2,65,23,498,7,ECE,1
6.02,1,0,2,2,42,75,29,2,IT,1
8.36,0,0,8,3,42,92,237,3,CSE,1
7.3,2,9,3,0,34,56,251,3,ECE,1
7.36,0,5,0,2,62,20,308,6,IT,0
9.86,2,9,3,3,33,73,159,1,CSE,1
6.67,6,8,1,3,24,88,31,6,ECE,1
7.03,6,9,5,3,24,40,49,6,CIVIL,1
8.67,0,2,8,0,71,46,260,6,IT,1
7.92,1,9,6,0,96,23,461,5,CIVIL,1
8.16,1,10,7,0,66,60,368,4,IT,1
5.89,1,3,0,0,89,55,252,6,MECH,1
9.16,5,7,6,3,17,28,154,3,MECH,1
7.66,3,0,5,2,92,32,67,7,MECH,1
9.79,2,6,7,2,66,2,445,4,MECH,1
6.66,4,5,2,1,7,82,314,6,IT,1
6.53,6,0,5,1,56,83,87,3,CSE,1
7.39,5,6,1,0,28,10,86,3,MECH,1
8.68,2,1,5,3,36,69,166,2,ECE,1
8.06,1,9,5,1,77,94,129,6,MECH,1
6.12,0,10,6,1,19,20,366,6,CIVIL,1
6.52,4,5,2,2,97,82,112,7,MECH,1
9.33,3,9,6,2,41,78,91,1,IT,1
9.74,2,5,1,0,32,39,117,6,MECH,1
8.41,4,1,2,2,2,56,392,3,CSE,1
9.35,4,10,6,3,14,61,395,1,IT,1
8.67,2,2,4,0,28,12,399,3,CSE,1
6.27,4,6,1,3,54,15,371,7,CIVIL,1
5.59,2,1,4,3,90,87,492,8,IT,1
8.02,4,0,0,3,64,70,77,4,ECE,1
6.48,3,9,8,1,36,4,240,7,CSE,1
7.54,0,0,1,0,97,89,74,2,CSE,1
9.06,2,10,0,2,6,44,438,3,MECH,1
7.98,1,6,5,1,26,89,150,2,ECE,1
6.38,5,5,5,2,43,75,17,6,MECH,1
7.79,6,10,0,2,9,6,446,7,CIVIL,1
5.91,6,2,7,2,67,86,399,5,CIVIL,1
7.59,0,0,0,0,93,2,178,6,ECE,1
6.32,1,6,8,1,16,71,404,4,IT,1
7.2,5,3,8,2,26,69,115,4,IT,1
6.88,4,0,3,3,56,35,94,1,MECH,1
5.76,4,9,1,2,35,94,188,7,MECH,1
8.07,1,5,4,3,76,99,184,6,ECE,1
9.09,2,2,6,0,95,73,62,1,CIVIL,1
9.93,5,1,8,3,41,87,184,8,ECE,1
8.74,3,8,4,2,94,82,473,6,CIVIL,1
6.46,4,4,3,1,0,74,383,2,CSE,1
7.34,0,0,8,2,83,65,368,2,CSE,1
6.83,3,0,4,3,72,1,293,3,MECH,1
6.54,0,0,4,0,14,31,16,4,ECE,1
6.42,0,0,2,2,10,13,69,4,CIVIL,1
7.18,1,0,0,0,21,49,309,4,ECE,1
8.06,1,1,0,2,51,57,432,6,ECE,1
7.6,2,6,2,1,40,53,102,5,CIVIL,1
6.11,1,5,2,1,86,86,8,5,CSE,1
5.57,5,0,1,3,8,42,155,3,ECE,1
7.73,1,2,8,3,71,15,355,8,CIVIL,1
7.91,6,7,7,2,33,43,342,8,IT,1
9.11,4,3,4,0,2,42,470,8,ECE,1
9.5,3,9,5,0,83,63,496,7,MECH,1
9.12,0,7,1,1,50,75,289,5,ECE,1
5.66,4,4,1,2,91,88,103,3,CSE,1
5.64,6,1,5,0,37,55,247,8,CSE,1
5.94,4,0,0,2,65,3,144,4,ECE,1
7.17,1,9,4,2,11,10,114,5,ECE,1
8.86,3,6,7,3,14,26,226,4,ECE,1
8.31,2,0,5,0,38,76,500,4,IT,1
6.77,3,7,8,0,7,35,233,4,CSE,1
5.56,1,0,5,1,6,0,6,4,CSE,1
6.06,1,7,4,0,12,11,176,2,CSE,1
9.1,1,2,0,3,56,51,434,1,CSE,1
8.43,5,2,8,3,25,93,262,8,CSE,1
5.6,5,1,4,2,55,37,278,5,IT,1
6.84,4,4,7,3,80,20,41,5,MECH,1
8.25,6,8,8,1,43,94,37,8,ECE,1
9.04,2,3,2,0,35,33,58,3,ECE,1
9.67,4,5,2,3,21,21,269,2,ECE,1
8.82,0,4,1,0,50,31,159,6,IT,1
7.43,0,0,6,1,44,18,53,4,IT,1
5.6,0,1,7,0,12,66,406,5,ECE,1
6.71,4,10,8,2,0,75,117,2,ECE,1
7.75,3,0,7,0,36,97,35,7,MECH,1
9.89,6,0,2,0,35,45,237,5,CSE,1
8.53,5,0,5,1,67,4,337,5,CIVIL,1
8.78,0,5,4,0,72,50,398,2,IT,1
9.99,1,8,4,3,2,99,109,1,CSE,1
5.85,0,5,7,2,9,97,278,8,MECH,1
6.86,0,8,2,1,61,64,455,6,CIVIL,1
6.17,5,2,5,3,14,60,55,4,IT,1
6.6,4,9,5,0,92,52,7,1,MECH,1
8.88,3,8,4,3,39,43,474,2,ECE,1
9.56,0,4,5,1,92,57,85,8,MECH,1
6.4,0,9,6,0,59,24,99,1,MECH,1
7.47,1,2,1,3,88,87,32,1,CSE,1
6.19,2,3,7,1,56,11,404,2,CIVIL,0
8.06,0,0,8,1,62,94,37,1,MECH,1
6.58,4,6,3,3,97,61,445,3,CIVIL,1
7.89,0,7,8,1,52,18,243,3,ECE,1
6.58,3,3,1,3,71,28,368,2,CSE,1
6.81,1,10,8,0,87,71,396,4,IT,1
7.92,3,10,6,3,49,42,411,6,IT,1
9.99,3,1,7,0,75,97,304,8,CIVIL,1
7.42,1,5,7,2,59,38,139,8,CSE,1
7.23,2,4,0,0,17,0,78,6,IT,1
9.92,2,5,4,3,51,58,241,4,IT,1
8.27,0,1,4,3,14,46,76,7,ECE,1
5.78,4,8,3,3,24,68,482,8,CIVIL,1
8.61,6,3,1,3,26,88,198,3,ECE,1
7.15,6,10,0,1,92,69,261,6,ECE,1
8.45,4,0,7,3,11,1,490,3,IT,1
6.75,0,4,2,3,12,14,372,1,MECH,1
9.62,0,9,6,2,30,8,298,6,MECH,1
6.16,5,3,0,2,24,35,57,7,IT,1
7.7,0,1,0,0,26,14,136,8,ECE,1
8.23,6,3,1,2,68,16,424,3,CIVIL,1
7.19,5,2,1,2,0,99,306,6,CSE,1
7.65,0,7,4,2,36,3,197,2,IT,1
7.6,2,7,5,2,98,95,227,4,CSE,1
8.44,6,5,7,2,53,42,347,1,CIVIL,1
6.47,3,9,7,2,45,93,451,7,ECE,1
8.11,1,1,5,3,1,93,216,3,IT,1
6.66,4,9,2,2,14,39,381,7,CSE,1
7.37,1,8,5,3,15,29,476,4,MECH,1
6.8,4,5,4,1,83,67,146,5,IT,1
9.08,1,6,3,0,87,12,425,4,CSE,1
7.6,0,4,8,0,39,47,197,6,CIVIL,1
6.49,5,5,0,0,82,56,461,4,ECE,1
8.92,3,1,7,2,49,54,286,8,CSE,1
9.99,1,6,0,2,90,58,148,5,CSE,1
8.63,0,9,6,3,38,32,280,4,CSE,1
8.32,1,5,3,0,57,63,150,3,ECE,1
6.89,2,4,0,3,96,15,300,2,ECE,1
7.05,6,0,5,3,10,24,226,6,IT,1
8.68,2,8,3,1,89,37,389,3,IT,1
7.35,3,10,3,1,55,56,188,8,IT,1
5.89,4,7,2,1,16,79,159,6,ECE,1
7.94,4,8,4,2,1,27,75,7,CSE,1
6.39,3,9,0,1,50,66,288,5,MECH,1
7.81,1,6,8,3,69,74,112,4,MECH,1
7.72,3,2,6,2,47,52,130,1,IT,1
5.86,5,1,8,0,47,64,55,1,ECE,1
6.65,0,8,1,2,89,50,379,6,MECH,1
9.68,0,9,7,1,32,69,260,5,CIVIL,1
5.91,3,3,8,3,40,74,327,2,CIVIL,1
7.03,5,6,8,3,93,30,156,2,CIVIL,1
8.66,3,8,1,0,39,40,424,5,CSE,1
7.45,1,8,1,1,25,92,258,4,CSE,1
9.47,6,10,4,2,60,81,31,1,CSE,1
9.09,3,1,7,2,69,47,21,4,ECE,1
9.99,5,3,5,0,62,86,496,2,CIVIL,1
8.67,4,5,4,1,3,55,262,3,ECE,1
6.89,0,10,2,1,87,36,76,5,ECE,1
8.97,0,6,8,0,5,31,417,3,MECH,1
9.43,6,0,7,2,0,100,130,6,MECH,1
9.68,4,8,7,2,99,64,247,4,MECH,1
9.25,0,6,4,1,21,61,130,6,CIVIL,1
8.09,5,3,5,0,62,29,480,4,CSE,1
9.44,3,9,0,3,33,79,379,3,MECH,1
9.43,2,2,2,1,40,2,115,2,MECH,1
7.0,0,7,3,2,99,95,247,2,MECH,1
6.42,0,7,3,1,61,3,392,8,ECE,1
9.9,1,10,0,1,51,20,118,8,CIVIL,1
6.59,1,2,4,2,77,54,433,2,CSE,1
8.04,1,1,0,1,38,23,336,5,MECH,1
7.64,2,8,1,3,26,82,153,7,CIVIL,1
5.93,1,7,6,3,90,39,372,8,CIVIL,1
9.12,2,6,2,0,41,82,410,4,ECE,1
9.83,6,1,7,0,66,12,439,1,CSE,1
8.69,5,10,2,0,31,93,387,1,CSE,1
5.55,4,1,3,2,89,90,44,1,CIVIL,1
9.89,4,3,2,0,38,25,237,8,MECH,1
8.15,3,4,2,2,27,74,212,6,CSE,1
5.71,1,5,8,2,100,85,412,7,CSE,1
8.52,3,8,0,2,3,48,287,8,CIVIL,1
8.98,2,1,6,0,91,86,372,5,MECH,1
6.54,6,7,5,3,37,72,162,3,CIVIL,1
6.14,5,7,3,2,50,59,353,6,ECE,1
9.46,3,5,2,3,98,97,168,3,MECH,1
6.17,1,6,4,3,57,68,403,7,CIVIL,1
5.82,2,8,4,0,1,20,275,8,CSE,1
9.27,0,7,6,2,63,33,25,7,ECE,1
8.89,0,10,3,2,70,0,341,5,ECE,1
7.27,1,6,5,0,65,72,103,3,ECE,1
5.77,3,8,8,3,30,29,439,5,MECH,1
9.51,3,7,0,2,88,0,308,5,CSE,1
9.01,6,4,8,1,71,89,263,4,CIVIL,1
9.83,6,8,4,3,34,77,152,1,IT,1
9.0,1,6,3,0,53,97,457,6,CSE,1
7.47,5,1,0,3,79,84,281,7,ECE,1
7.01,1,8,3,3,100,100,248,4,CIVIL,1
7.98,5,8,7,1,10,68,439,5,IT,1
5.96,1,0,4,1,73,42,294,5,CSE,1
8.5,2,3,3,0,21,17,278,6,CSE,1
7.41,2,1,8,1,13,49,492,6,ECE,1
9.38,2,3,0,0,86,22,181,5,ECE,1
9.54,2,0,0,3,16,69,75,2,MECH,1
7.78,2,8,4,1,25,19,82,1,MECH,1
8.27,5,9,6,2,44,76,279,1,CIVIL,1
9.43,4,4,7,3,84,9,323,4,ECE,1
8.6,0,8,5,1,55,59,177,6,CSE,1
6.23,2,5,2,3,8,11,286,5,CSE,1
7.23,4,8,6,2,86,49,368,8,ECE,1
6.6,4,10,5,1,51,20,217,2,CIVIL,1
5.84,6,5,1,2,57,12,129,8,CIVIL,1
8.03,0,0,8,1,75,22,268,8,IT,1
6.4,4,2,8,3,29,30,103,5,ECE,1
9.18,4,6,1,3,99,80,472,1,ECE,1
5.86,4,5,7,1,85,92,33,8,CSE,1
7.2,5,6,6,2,68,17,133,3,MECH,1
8.18,5,1,6,2,49,66,257,1,CSE,1
8.39,2,2,7,3,40,58,29,8,CSE,1
5.98,1,5,4,1,11,27,448,2,IT,1
8.89,0,2,5,2,65,96,434,3,MECH,1
6.15,0,6,6,3,29,71,278,6,CIVIL,1
5.66,3,5,7,0,39,70,321,8,ECE,1
7.8,4,10,1,2,67,72,177,4,ECE,1
9.87,3,1,5,3,58,7,172,8,IT,1
8.06,2,1,1,1,5,14,67,1,CSE,1
8.34,1,8,6,3,22,34,126,1,ECE,1
7.99,2,1,2,1,5,70,282,7,MECH,1
7.52,2,7,0,1,42,86,412,2,MECH,1
6.35,2,6,4,3,56,20,50,1,MECH,1
7.6,1,2,7,1,74,4,218,7,CSE,1
5.59,6,1,2,1,38,71,189,4,MECH,1
8.46,5,6,4,0,24,57,58,6,ECE,1
8.76,4,0,7,2,13,69,19,5,CSE,1
8.96,4,7,7,0,28,95,35,2,CIVIL,1
9.63,2,0,5,3,47,57,239,6,IT,1
7.48,6,7,0,1,28,59,434,8,CSE,1
7.18,0,7,1,2,78,87,339,7,ECE,1
7.97,6,5,0,3,34,10,120,7,MECH,1
9.09,1,6,3,1,32,83,403,7,IT,1
6.85,3,10,5,3,66,84,219,3,MECH,1
7.08,5,7,2,2,65,87,249,2,IT,1
7.92,5,9,2,0,44,42,412,4,MECH,1
6.39,2,1,1,3,30,66,220,2,ECE,1
8.79,3,8,6,3,84,93,495,7,IT,1
7.03,6,0,6,0,51,8,389,2,IT,1
9.5,6,9,1,1,51,47,303,2,IT,1
9.91,6,4,3,0,77,76,294,3,ECE,1
8.68,5,6,5,0,55,8,498,2,CSE,1
5.83,2,2,5,1,11,81,477,4,ECE,1
6.96,1,0,1,2,96,69,240,2,CSE,1
7.72,6,3,8,2,16,40,242,8,CSE,1
6.82,3,0,1,1,8,54,48,5,IT,0
6.1,2,5,4,3,97,45,456,5,CSE,1
7.26,4,1,2,2,3,86,54,3,MECH,1
7.62,2,7,6,3,45,36,332,1,IT,1
6.06,2,7,3,1,89,67,252,6,ECE,1
6.21,1,2,5,1,78,64,75,6,ECE,1
9.85,0,9,6,1,25,94,436,3,IT,1
8.28,6,5,7,2,1,76,160,2,CIVIL,1
7.95,2,0,7,0,6,42,148,1,CSE,1
9.86,3,6,4,0,27,97,68,6,MECH,1
10.0,1,2,2,0,58,38,95,4,CSE,1
7.79,0,9,6,3,67,31,115,1,IT,1
7.95,0,10,8,3,53,46,46,4,CSE,1
9.58,2,2,6,2,8,41,416,6,CSE,1
6.34,3,1,7,1,54,63,419,5,MECH,1
6.39,6,5,4,2,84,30,271,1,IT,1
8.31,4,10,4,1,96,89,481,4,ECE,1
6.13,5,2,2,2,89,5,305,3,IT,1
5.62,3,3,3,3,100,53,187,7,ECE,1
7.42,3,3,8,0,88,34,382,6,MECH,1
9.33,3,0,6,0,91,21,300,5,ECE,1
6.91,6,2,5,0,79,69,47,5,CSE,1
8.62,2,5,6,0,56,10,64,8,MECH,1
8.91,2,2,8,1,62,17,201,2,MECH,1
8.4,3,1,0,1,29,84,392,7,CSE,1
6.41,0,2,8,3,0,45,169,3,MECH,1
7.89,0,4,7,1,55,21,219,2,MECH,1
9.05,4,3,6,3,63,8,372,1,CIVIL,1
9.47,5,5,4,2,3,82,48,6,IT,1
8.22,0,5,0,1,69,56,389,2,CIVIL,1
5.98,2,1,5,1,91,19,407,1,CIVIL,1
7.96,2,6,7,1,3,81,347,7,IT,1
9.62,0,9,7,1,48,11,14,3,CIVIL,1
6.45,5,1,2,1,34,12,141,2,MECH,1
6.97,0,7,3,2,74,32,258,4,CIVIL,1
8.37,6,3,3,2,69,54,457,6,CIVIL,1
9.34,6,9,5,2,64,98,154,3,MECH,1
9.28,6,1,6,2,13,90,204,3,MECH,1
9.76,5,3,0,3,33,23,15,3,MECH,1
9.97,2,3,1,1,59,8,290,4,ECE,1
8.79,6,3,0,0,36,38,185,7,CSE,1
9.24,0,5,8,2,88,66,29,3,CSE,1
9.44,5,8,3,2,98,52,275,5,CSE,1
6.99,5,3,3,2,73,90,277,5,CIVIL,1
8.48,3,4,0,0,33,53,68,3,CSE,1
7.21,0,8,7,2,74,75,391,4,MECH,1
8.13,3,7,6,2,95,5,224,4,MECH,1
9.74,1,8,7,0,19,79,42,4,ECE,1
5.78,3,4,1,1,100,80,410,1,IT,1
7.61,6,1,5,1,93,94,64,1,CSE,1
8.38,4,1,3,1,6,15,450,1,CIVIL,1
6.53,1,7,6,2,6,44,327,2,IT,1
6.27,5,3,0,1,46,41,184,8,CSE,1
9.66,0,0,2,2,66,58,494,4,MECH,1
9.56,2,1,2,2,5,52,285,5,CSE,1
9.21,4,6,3,2,45,21,133,8,CSE,1
9.73,1,5,4,3,33,65,402,1,ECE,1
6.17,4,8,5,1,43,17,129,6,CIVIL,1
9.44,5,2,3,0,87,53,28,1,IT,1
6.06,3,7,8,0,30,54,342,7,MECH,1
7.67,6,4,7,0,56,52,344,8,MECH,1
5.99,6,3,3,3,86,30,385,1,ECE,1
5.87,4,5,8,2,87,51,148,1,ECE,1
8.77,3,4,2,2,21,20,445,3,ECE,1
8.25,3,1,6,1,85,2,164,2,CSE,1
7.57,5,4,1,2,82,67,394,8,MECH,1
9.54,2,9,7,3,32,42,109,2,CSE,1
6.16,5,8,5,3,74,24,98,2,CSE,1
6.77,4,2,3,1,100,35,275,2,MECH,1
7.87,2,2,6,2,60,65,182,2,IT,1
9.08,0,2,2,2,78,83,182,6,IT,1
7.32,5,2,3,0,53,90,444,2,ECE,1
9.95,0,6,3,0,74,53,152,5,CSE,1
9.26,6,0,8,2,96,92,395,1,IT,1
7.62,5,4,4,2,90,42,304,3,IT,1
8.55,1,7,6,1,38,64,339,4,ECE,1
9.92,6,7,1,3,42,97,208,8,CSE,1
6.03,2,1,2,0,61,32,112,5,IT,1
9.49,2,5,0,3,69,46,18,8,CIVIL,1
7.17,4,7,5,2,41,25,404,4,IT,1
9.36,2,10,0,2,20,55,467,6,IT,1
8.08,2,6,6,3,55,41,236,5,MECH,1
8.66,5,4,2,1,19,90,416,3,IT,1
5.68,2,0,8,2,95,100,83,2,MECH,1
6.48,4,2,5,2,46,84,238,2,IT,1
9.46,0,3,7,3,50,39,400,8,CIVIL,1
9.54,5,5,5,2,29,68,119,5,CIVIL,1
8.22,3,7,2,1,64,7,248,8,ECE,1
9.71,4,8,3,0,56,29,137,7,MECH,1
7.87,6,7,5,1,8,86,308,2,CIVIL,1
9.21,3,6,7,0,11,14,281,3,CSE,1
6.81,2,7,3,1,17,82,235,6,ECE,1
6.43,0,6,4,2,53,2,396,1,CSE,1
7.91,0,3,4,1,1,94,19,3,IT,0
6.49,3,4,5,2,44,3,438,8,MECH,1
9.37,0,7,4,0,66,70,278,2,ECE,1
9.08,1,2,0,3,4,15,378,7,MECH,1
8.57,3,0,8,3,73,22,473,7,ECE,1
9.89,3,2,6,2,66,42,424,5,ECE,1
8.94,1,10,5,3,43,76,495,7,CIVIL,1
9.33,3,10,1,1,8,82,71,8,MECH,1
8.74,5,3,6,2,97,83,187,7,IT,1
8.82,5,1,0,0,72,25,227,1,CSE,1
8.91,4,2,6,3,18,27,339,7,CIVIL,1
7.05,3,5,7,3,6,31,168,3,MECH,1
9.42,5,7,2,1,49,71,178,4,ECE,1
9.05,1,3,0,2,76,69,134,5,CSE,1
5.51,3,4,3,2,47,73,136,5,CSE,1
9.07,1,9,7,2,38,16,436,2,CIVIL,1
6.16,4,3,4,0,40,61,299,2,CIVIL,1
5.86,3,0,8,0,91,95,273,4,MECH,1
7.73,6,5,1,3,69,37,333,4,ECE,1
5.63,6,2,5,0,15,60,225,6,IT,1
6.65,3,5,8,1,8,90,350,4,IT,1
9.76,6,10,4,2,24,43,372,6,IT,1
7.19,1,9,0,3,39,52,457,7,MECH,1
8.75,1,5,0,3,81,44,37,2,CIVIL,1
7.93,1,5,2,2,70,100,192,7,CIVIL,1
9.07,1,3,2,1,49,4,382,1,ECE,1
8.25,0,6,8,1,80,11,400,1,CSE,1
8.92,6,6,4,1,88,68,340,1,MECH,1
9.26,5,2,6,0,38,54,468,2,ECE,1
6.91,0,10,2,2,54,42,251,1,MECH,1
8.1,4,10,2,0,80,49,107,4,MECH,1
6.19,0,8,6,3,49,83,118,4,CIVIL,1
6.7,4,1,0,2,17,44,13,3,IT,1
8.97,3,6,1,0,47,0,272,6,CIVIL,1
5.85,4,10,6,0,47,15,263,4,MECH,1
8.14,6,10,4,3,20,38,39,6,MECH,1
7.51,1,1,8,0,10,1,213,5,MECH,1
5.79,4,9,7,3,2,11,367,6,IT,1
7.72,5,10,4,1,75,23,401,2,MECH,1
5.99,1,6,6,0,41,5,485,3,IT,1
8.56,2,4,2,3,86,22,259,2,CIVIL,1
7.07,3,2,1,2,51,15,96,2,CIVIL,1
7.57,4,0,6,1,92,39,163,8,ECE,1
5.55,3,5,4,0,9,23,123,7,CSE,1
7.72,4,7,6,1,22,21,148,3,CSE,1
9.18,3,4,7,2,56,21,275,3,ECE,1
5.91,2,7,3,2,77,58,411,7,MECH,1
9.63,5,7,4,1,73,55,416,1,MECH,1
8.25,4,6,1,1,58,45,205,7,CSE,1
9.19,1,8,2,1,17,7,73,6,MECH,1
8.1,0,0,7,1,83,77,145,1,IT,1
5.75,2,1,8,2,70,4,12,4,ECE,1
6.87,2,7,5,3,6,6,113,4,IT,1
6.44,4,4,6,0,61,19,103,8,ECE,1
5.84,4,1,8,1,43,17,494,6,MECH,1
9.43,4,7,1,3,5,87,138,6,IT,1
9.26,1,5,7,1,42,43,220,2,IT,1
7.81,0,3,4,3,63,84,220,7,CIVIL,1
8.97,6,1,8,0,52,82,108,2,ECE,1
7.82,3,8,4,2,38,95,147,5,IT,1
9.83,4,9,3,3,65,5,324,4,ECE,1
9.63,0,9,1,2,89,17,350,1,IT,1
6.23,4,2,8,3,18,96,452,8,IT,1
7.99,6,9,1,0,43,97,290,2,MECH,1
9.83,3,1,4,3,18,25,381,7,CSE,1
7.97,5,0,1,2,11,93,112,6,ECE,1
5.82,5,3,1,1,75,57,310,2,MECH,1
7.5,0,0,3,0,90,16,468,3,CIVIL,1
6.9,1,6,8,3,93,91,191,8,IT,1
7.3,6,9,7,3,52,8,231,5,ECE,1
9.29,4,9,5,2,7,77,27,8,CSE,1
8.69,6,0,0,3,78,8,480,3,IT,1
6.98,4,6,2,2,65,49,275,7,CSE,1
5.64,0,2,4,0,58,18,402,6,CSE,1
8.12,0,8,0,0,96,30,367,3,CSE,1
8.46,3,8,4,2,92,91,387,7,CIVIL,1
7.26,1,5,6,2,19,37,139,2,CSE,1
6.41,6,5,7,2,23,62,1,5,CSE,1
8.97,4,3,2,1,4,46,374,3,IT,1
8.69,3,3,7,1,74,17,84,4,MECH,1
7.65,0,1,1,0,1,44,47,8,IT,1
5.73,1,1,1,2,37,29,74,1,CSE,1
5.93,4,1,2,3,100,64,208,8,ECE,0
7.95,6,0,6,2,4,5,313,2,IT,1
9.42,0,0,2,0,81,96,489,3,ECE,1
7.37,2,0,2,3,30,82,295,8,CSE,1
8.46,3,8,1,0,87,50,228,6,ECE,1
5.96,1,7,0,0,0,18,22,4,IT,1
9.65,1,3,0,3,79,41,314,8,ECE,1
8.95,3,1,1,3,89,46,25,3,CIVIL,1
9.04,3,9,5,3,53,11,267,7,MECH,1
8.39,5,8,5,2,91,56,416,3,MECH,1
8.43,5,1,8,0,41,8,386,1,IT,1
8.94,2,2,4,1,31,60,124,3,IT,1
9.77,3,8,3,0,87,23,472,8,ECE,1
8.48,4,1,2,2,69,27,243,4,CIVIL,1
9.42,4,8,3,2,86,7,139,7,IT,1
7.6,4,8,5,0,41,71,390,2,MECH,1
7.57,4,2,6,2,67,90,454,3,CSE,1
6.82,3,2,2,1,63,69,59,3,CSE,1
9.2,5,6,3,1,34,80,379,6,ECE,1
6.27,4,9,7,3,13,75,244,2,IT,1
6.83,2,6,1,3,77,52,367,2,IT,1
5.79,1,7,0,0,69,45,477,2,CIVIL,1
8.94,0,7,3,3,12,46,330,8,IT,1
9.64,5,5,8,1,67,99,490,3,ECE,1
9.97,1,7,6,1,78,24,322,2,ECE,1
9.4,5,5,1,0,17,69,17,5,ECE,1
6.83,6,8,0,2,92,40,54,6,CIVIL,1
9.89,4,0,4,1,24,17,349,1,CSE,1
7.44,0,10,8,0,57,84,186,2,CSE,1
6.63,2,3,6,2,63,31,227,8,ECE,1
8.37,6,5,0,0,28,37,371,3,CIVIL,1
9.41,5,3,8,0,82,51,215,3,IT,1
5.61,2,5,6,2,100,94,351,7,MECH,1
5.69,5,2,8,2,100,38,466,4,CIVIL,1
8.53,0,5,4,2,37,50,84,4,IT,1
9.55,1,0,7,3,62,1,482,1,CSE,1
8.77,3,4,4,3,61,15,0,3,CSE,1
7.29,5,2,3,3,76,7,257,8,CIVIL,1
6.63,4,1,2,1,92,94,476,4,IT,1
7.42,1,9,2,2,60,77,380,3,IT,1
9.37,1,10,0,3,8,27,86,4,CIVIL,1
6.24,1,9,3,2,49,63,121,1,IT,1
7.37,1,0,3,2,40,14,320,5,MECH,1
5.51,0,7,3,0,6,46,335,6,CIVIL,1
9.36,1,1,0,0,60,35,346,4,CIVIL,0
8.35,0,0,3,1,93,53,79,2,IT,1
6.76,4,0,3,0,87,35,345,3,IT,1
7.67,4,3,5,1,92,26,204,4,CIVIL,1
9.81,6,2,0,1,5,77,246,7,CIVIL,1
9.52,2,9,6,2,27,55,273,6,CSE,1
7.26,3,3,2,1,91,47,469,6,CIVIL,1
9.1,5,5,5,3,50,51,248,5,IT,1
8.61,1,0,3,0,72,3,405,3,CIVIL,1
5.78,4,9,0,0,17,50,117,8,CIVIL,1
9.31,3,8,4,1,80,68,195,3,MECH,1
9.56,0,3,0,0,93,96,13,6,MECH,1
6.79,6,9,0,1,98,34,235,1,IT,1
8.11,6,4,8,1,48,20,244,2,CIVIL,1
7.99,0,8,6,0,23,83,428,5,ECE,1
8.9,6,1,2,2,40,11,205,3,ECE,1
7.38,5,2,6,1,55,41,342,3,IT,1
5.92,5,0,2,0,3,29,176,3,CSE,1
6.25,1,4,3,0,49,26,37,3,IT,1
9.19,6,0,5,3,97,34,285,6,CIVIL,1
7.49,1,8,8,3,46,82,109,8,IT,1
9.24,6,7,1,0,86,72,404,3,IT,1
8.43,5,2,2,3,34,9,89,6,MECH,1
8.95,4,10,1,3,34,19,360,4,ECE,1
9.52,2,1,5,1,60,14,145,3,IT,1
7.74,0,6,6,2,41,27,59,8,CSE,1
8.55,4,3,6,0,76,34,314,3,MECH,1
5.84,0,4,6,0,100,17,3,8,CSE,1
5.67,3,9,0,0,96,57,425,3,CIVIL,1
8.78,1,0,2,1,38,38,98,4,MECH,1
6.45,1,6,7,1,19,91,193,5,IT,1
7.91,4,8,0,1,7,64,130,3,MECH,1
7.67,0,3,1,3,100,6,486,4,MECH,1
8.29,6,6,5,0,8,2,35,4,IT,1
6.14,0,5,2,3,42,49,138,3,ECE,1
6.11,6,8,2,0,37,92,21,3,IT,1
9.32,6,3,8,2,57,24,491,1,CSE,1
8.53,3,5,5,1,21,72,389,1,CIVIL,1
9.35,5,10,4,2,63,14,407,4,IT,1
5.66,4,4,0,2,98,37,411,7,CSE,1
6.13,3,0,4,3,7,68,39,6,IT,1
8.12,0,6,7,2,96,58,277,4,CSE,1
9.31,4,2,4,0,20,52,88,7,CSE,1
9.92,0,1,0,3,15,43,303,2,CIVIL,1
6.2,1,6,0,3,92,7,269,6,ECE,1
6.82,2,10,0,2,73,34,315,6,ECE,1
9.54,6,0,0,1,72,89,294,8,CSE,1
9.97,5,5,7,0,40,61,473,1,IT,1
6.99,2,8,1,0,82,91,16,7,MECH,1
6.25,4,6,1,2,5,51,285,4,IT,1
8.83,6,1,2,0,10,17,122,7,ECE,1
6.75,1,0,5,0,26,94,165,7,MECH,1
6.27,4,7,1,3,54,63,318,6,ECE,1
6.64,1,5,0,1,63,61,97,2,CIVIL,1
7.6,4,6,6,0,27,73,1,1,CIVIL,1
9.85,3,7,2,0,47,30,430,6,CIVIL,1
8.01,3,6,5,1,33,93,88,7,CIVIL,1
6.39,4,0,7,2,56,4,293,7,ECE,1
7.89,3,4,7,1,56,62,336,8,CSE,1
5.6,4,1,3,2,14,74,425,4,MECH,1
7.5,0,0,1,2,51,93,124,2,IT,1
6.0,0,6,2,0,23,41,482,6,MECH,1
7.65,2,6,5,1,94,67,441,6,CIVIL,1
8.33,5,3,2,3,85,15,1,1,CSE,1
5.89,1,8,7,1,54,64,148,2,CIVIL,1
7.13,4,9,3,1,78,17,57,5,ECE,1
8.39,0,10,4,1,63,53,223,1,MECH,1
9.81,5,1,6,2,11,56,297,6,ECE,1
7.08,5,10,8,1,37,34,485,2,CIVIL,1
7.29,6,8,1,3,87,30,100,2,CSE,1
9.46,6,2,7,0,49,38,161,7,CSE,1
8.95,0,8,0,0,65,99,147,2,MECH,1
8.28,4,2,0,2,73,91,99,1,CSE,1
5.72,5,1,6,0,12,18,130,2,ECE,1
6.29,5,3,2,1,44,47,348,4,CIVIL,1
5.93,0,5,0,3,58,90,285,8,ECE,1
8.58,0,4,2,2,7,72,37,2,CIVIL,1
6.74,1,10,2,1,45,51,98,6,IT,1
6.35,3,1,4,1,35,91,328,6,ECE,1
5.98,3,2,4,3,53,72,110,6,IT,1
9.21,5,3,5,2,96,85,265,3,MECH,1
5.5,2,9,6,3,23,79,315,6,CIVIL,1
5.81,0,4,8,2,85,26,471,3,CIVIL,1
8.38,6,6,1,3,1,88,425,4,IT,1
7.77,5,0,1,1,20,31,70,1,ECE,1
8.58,4,4,6,1,85,4,83,4,CIVIL,1
8.91,5,0,8,3,49,8,38,2,MECH,1
8.78,5,3,2,1,43,59,382,5,CIVIL,1
5.97,0,4,8,3,66,57,70,1,MECH,1
6.68,3,1,7,1,76,57,143,4,MECH,1
8.33,4,0,5,0,9,52,136,7,ECE,1
9.58,1,0,2,0,18,91,293,2,IT,1
8.12,4,10,8,1,98,67,373,1,CSE,1
7.24,2,6,8,3,45,4,22,8,CSE,1
9.94,1,10,0,1,79,17,277,1,IT,1
9.24,3,5,1,1,67,68,262,6,ECE,1
8.8,2,5,0,3,100,31,408,6,MECH,1
8.72,2,10,3,2,88,83,8,1,CIVIL,1
9.88,4,2,1,1,12,61,127,5,IT,1
8.83,5,8,3,1,60,49,428,1,CSE,1
9.18,3,7,2,3,99,93,279,3,IT,1
8.89,4,4,6,0,45,46,436,8,CIVIL,1
9.36,1,0,5,0,80,59,144,1,CIVIL,1
8.02,3,5,2,0,41,71,24,7,CIVIL,1
9.31,4,2,8,2,89,70,23,6,ECE,1
9.63,3,6,7,2,13,20,109,6,ECE,1
9.11,2,3,4,3,18,37,285,8,CSE,1
8.19,5,4,7,0,67,47,135,6,CSE,1
7.37,6,10,8,1,35,66,87,5,ECE,1
5.85,0,3,6,1,97,50,92,6,CIVIL,1
6.86,6,7,7,0,65,95,115,6,CSE,1
8.44,5,5,5,2,23,22,459,7,CSE,1
6.1,1,3,5,0,81,21,197,1,IT,1
9.89,1,6,6,1,38,71,401,3,ECE,1
7.62,5,4,8,2,4,84,464,2,ECE,1
5.89,3,2,2,1,26,2,491,7,CIVIL,1
7.04,3,2,5,0,42,1,294,3,MECH,1
9.71,3,9,4,2,48,88,412,5,CIVIL,1
8.44,4,8,3,0,85,100,8,2,MECH,1
9.86,5,4,1,1,69,69,234,1,ECE,1
7.39,2,8,0,0,99,39,442,1,CIVIL,1
6.3,1,3,4,3,60,68,91,8,ECE,1
8.85,4,1,8,0,47,4,27,7,ECE,1
9.87,4,6,1,3,19,64,175,6,IT,1
9.76,5,7,6,3,41,51,395,2,MECH,1
8.86,3,3,1,2,91,95,54,5,ECE,1
8.67,2,9,3,0,17,39,159,3,ECE,1
7.96,3,6,1,2,86,59,192,8,CSE,1
6.75,1,8,5,2,78,42,453,1,MECH,1
6.19,5,10,4,2,54,21,412,8,CIVIL,1
8.2,3,2,7,1,3,68,436,4,MECH,1
9.13,0,7,6,0,92,44,117,3,MECH,1
7.1,3,9,7,1,98,90,490,6,CSE,1
7.23,5,10,7,3,64,39,38,7,MECH,1
6.41,5,8,2,2,41,44,243,8,IT,1
6.41,0,8,5,3,48,41,123,4,MECH,1
7.57,2,4,3,3,58,71,366,2,IT,1
9.15,1,4,3,3,41,52,302,1,CSE,1
5.97,2,1,5,2,74,25,164,4,ECE,1
8.41,5,8,7,0,59,4,193,6,MECH,1
6.71,1,8,4,2,65,31,389,6,MECH,1
7.09,1,9,8,3,5,22,331,8,CIVIL,1
6.94,6,0,7,2,72,35,359,3,CIVIL,1
6.64,3,0,7,1,89,48,137,7,ECE,1
5.6,1,5,5,3,44,60,287,3,IT,1
5.55,5,8,1,3,2,60,313,8,CSE,1
9.84,6,9,0,0,50,12,133,8,ECE,1
7.23,0,10,7,1,57,64,413,8,IT,1
8.27,5,1,0,2,93,83,121,1,MECH,1
6.39,3,0,3,2,3,61,268,3,CSE,1
8.8,6,7,6,0,78,48,123,6,MECH,1
7.14,5,8,3,1,53,35,226,2,CIVIL,1
9.33,3,0,8,0,40,46,335,2,IT,1
7.4,1,9,6,3,17,40,343,8,CSE,1
9.36,4,8,1,1,31,90,317,5,ECE,1
8.88,2,4,6,2,33,69,393,1,CSE,1
7.51,1,4,8,1,19,12,157,6,CSE,1
8.36,1,6,1,3,87,29,262,1,ECE,1
8.08,1,3,5,2,3,94,169,6,IT,1
8.62,0,6,3,1,28,24,364,5,CIVIL,1
7.67,0,8,4,0,70,23,340,2,IT,1
7.13,6,6,7,1,11,60,22,7,CSE,1
6.1,2,0,2,0,84,50,378,1,CIVIL,1
8.11,4,9,7,2,42,35,19,2,ECE,1
9.69,6,5,4,2,1,16,42,3,ECE,1
6.33,3,7,7,3,58,69,150,8,CIVIL,1
6.09,3,0,7,3,85,29,37,7,MECH,1
9.93,2,5,5,0,25,61,379,5,ECE,1
5.92,1,4,7,3,5,46,422,2,CIVIL,1
7.18,4,7,1,1,3,97,329,1,MECH,1
9.15,0,7,0,3,74,63,91,3,IT,1
8.37,2,8,3,1,97,99,161,2,CIVIL,1
7.51,5,5,2,0,56,23,250,6,ECE,1
5.92,4,0,8,0,9,85,286,1,CIVIL,1
7.01,3,4,7,2,60,28,439,4,IT,1
8.78,6,0,7,1,46,9,335,8,CSE,1
6.11,6,3,0,1,43,83,216,2,MECH,1
9.07,4,10,1,0,52,6,311,1,CSE,1
7.22,0,9,4,3,21,40,211,7,CIVIL,1
8.65,6,1,3,0,87,8,0,3,CIVIL,1
8.86,5,7,3,1,97,17,326,3,ECE,1
9.24,6,2,0,1,22,12,462,7,MECH,1
7.83,2,5,6,3,98,69,118,1,ECE,1
7.57,4,2,7,3,41,87,357,7,ECE,1
6.86,3,0,2,0,65,28,136,1,CIVIL,1
6.49,4,1,8,1,64,52,157,2,CIVIL,1
6.44,5,9,0,2,7,30,335,1,ECE,1
8.33,2,9,2,2,50,16,41,5,CSE,1
8.1,6,7,8,1,11,40,289,7,CIVIL,1
8.92,0,2,2,2,35,7,412,3,IT,1
8.44,3,2,8,3,11,72,60,5,CIVIL,1
7.23,3,3,5,3,52,27,127,8,ECE,1
6.79,0,2,8,3,79,65,367,4,CIVIL,1
6.47,5,4,1,0,66,13,192,6,IT,1
8.0,2,5,1,2,49,91,141,6,MECH,1
9.09,5,4,2,0,96,71,106,2,CIVIL,1
8.41,3,6,7,0,16,29,48,2,ECE,1
9.98,5,6,4,0,59,29,268,8,ECE,1
9.42,2,0,0,3,99,35,316,1,IT,1
9.77,4,2,8,1,54,6,258,2,ECE,1
6.71,6,1,8,3,37,2,143,4,IT,1
6.52,6,5,2,2,31,17,470,6,IT,1
7.76,0,5,7,1,68,22,174,8,ECE,1
9.86,3,1,3,0,33,23,219,1,CIVIL,1
8.27,4,10,5,0,17,80,167,4,CIVIL,1
8.73,2,6,0,0,80,74,313,4,CIVIL,1
9.34,0,2,5,1,42,51,308,5,CIVIL,1
9.2,5,10,0,3,33,96,375,4,IT,1
6.41,1,4,4,3,64,77,202,5,CIVIL,1
9.09,1,6,5,0,64,91,295,7,CSE,1
8.96,4,3,5,3,5,48,261,3,ECE,1
8.18,4,9,4,0,36,86,170,7,MECH,1
5.84,6,3,4,3,61,28,419,7,ECE,1
8.78,0,1,4,1,35,16,308,5,CIVIL,1
9.08,4,0,0,1,10,10,489,6,MECH,1
6.23,4,2,0,3,91,56,447,3,MECH,1
8.83,0,4,4,2,74,53,118,4,IT,1
8.01,1,3,2,3,33,37,145,7,ECE,1
9.85,2,1,2,1,1,5,135,7,MECH,0
7.37,1,8,3,0,30,58,26,1,MECH,1
6.8,6,1,8,1,65,94,81,1,IT,1
8.06,1,10,6,0,0,56,81,3,IT,1
7.27,5,1,8,1,39,21,277,6,MECH,1
5.61,0,4,6,1,81,79,12,4,MECH,1
9.93,0,9,0,1,76,12,32,4,CIVIL,1
7.83,2,8,7,3,36,100,166,4,CSE,1
5.84,6,9,1,3,19,96,466,2,IT,1
7.32,6,7,0,2,38,85,127,8,IT,1
7.52,0,2,6,0,88,8,405,4,ECE,1
6.39,3,7,0,2,20,54,156,4,CSE,1
9.64,4,6,1,2,94,1,295,4,ECE,1
8.29,4,7,5,1,97,29,26,6,ECE,1
9.48,6,6,6,3,16,88,9,6,CSE,1
8.16,0,1,5,3,83,87,337,4,IT,1
7.84,0,5,7,2,36,19,321,6,ECE,1
6.09,5,8,6,1,70,81,136,8,CSE,1
7.0,4,2,2,2,73,35,369,5,CSE,1
8.16,5,4,3,2,43,88,54,6,IT,1
9.39,3,8,7,3,24,21,138,7,CIVIL,1
8.12,1,2,2,1,87,67,345,6,ECE,1
8.25,5,8,5,2,60,11,344,5,IT,1
9.38,3,0,5,2,83,72,394,4,CSE,1
6.75,2,0,3,0,41,9,175,2,CIVIL,1
9.76,6,1,7,3,88,8,154,1,CSE,1
9.85,6,0,6,1,32,16,425,6,CSE,1
5.56,5,2,6,2,94,16,220,8,CSE,1
9.62,1,0,5,0,74,85,307,8,ECE,1
6.61,6,7,4,3,10,48,287,3,MECH,1
8.48,2,6,3,0,34,18,403,6,MECH,1
5.61,3,7,3,1,18,0,56,5,IT,1
9.26,0,6,7,2,2,7,41,5,MECH,1
9.25,3,6,0,2,6,48,139,1,CIVIL,1
8.04,1,9,3,3,78,72,495,3,MECH,1
5.74,1,6,3,0,8,61,287,3,ECE,1
7.34,3,8,0,3,12,58,176,7,ECE,1
8.44,5,7,5,1,77,2,161,4,IT,1
7.7,4,5,7,1,56,66,160,2,ECE,1
8.69,4,6,6,3,85,89,161,3,CIVIL,1
6.69,3,7,4,1,38,72,418,5,CIVIL,1
6.62,1,0,5,3,0,73,142,1,CIVIL,1
8.26,4,5,4,2,30,71,6,6,CSE,1
5.95,2,7,4,0,64,6,135,2,CIVIL,1
8.13,6,4,8,3,61,56,499,5,ECE,1
9.76,6,8,6,3,9,20,181,5,CSE,1
8.2,0,2,5,1,21,86,65,7,IT,1
7.45,3,9,4,0,27,94,452,8,IT,1
7.62,5,3,6,0,49,14,2,2,CSE,1
8.84,0,0,6,2,60,82,7,2,ECE,1
5.8,0,3,0,2,65,17,161,5,MECH,1
7.02,4,4,0,3,87,44,179,8,MECH,1
7.05,0,6,2,1,95,24,305,4,IT,1
6.98,5,1,6,3,72,6,430,4,ECE,1
8.67,3,6,3,1,37,87,474,5,MECH,1
6.33,1,4,2,3,97,10,133,5,IT,1
7.48,3,8,2,1,10,77,424,3,IT,1
9.67,2,9,5,2,23,100,214,5,CIVIL,1
9.32,4,9,3,0,30,45,267,8,CIVIL,1
5.85,3,0,1,3,70,4,324,5,MECH,1
7.23,1,1,7,2,37,86,185,2,ECE,1
6.1,1,4,5,2,14,13,268,2,MECH,1
6.51,3,3,2,3,39,78,298,6,ECE,1
9.53,6,3,8,1,26,90,63,6,IT,1
5.95,3,9,5,0,65,80,497,3,ECE,1
8.23,2,1,2,0,43,37,10,1,IT,1
6.88,3,5,2,0,8,59,39,2,ECE,1
8.14,4,4,8,1,49,11,50,8,MECH,1
6.99,6,3,5,0,32,86,134,5,ECE,1
7.96,5,9,7,3,63,73,400,5,ECE,1
7.52,2,8,6,1,89,16,457,4,ECE,1
9.0,6,5,8,3,6,99,155,3,CSE,1
7.1,3,0,0,2,49,43,294,2,ECE,1
6.8,2,4,4,3,4,2,464,3,IT,1
8.88,0,3,1,3,64,97,288,4,ECE,1
7.56,3,6,2,3,35,8,328,6,MECH,1
8.86,6,9,8,3,93,39,275,5,MECH,1
5.98,4,0,3,3,74,53,408,4,IT,1
6.03,2,7,4,3,97,57,158,4,IT,1
5.76,3,7,2,2,91,86,107,7,ECE,1
8.5,1,10,6,0,55,43,131,7,IT,1
9.27,4,4,1,0,86,40,457,6,ECE,1
6.82,6,4,4,2,59,42,111,7,IT,1
8.7,6,5,3,0,40,37,166,5,IT,1
8.0,3,2,4,3,68,4,447,2,CIVIL,1
7.14,2,4,1,1,100,8,192,2,CSE,0
8.01,0,1,8,0,9,98,6,5,MECH,1
8.04,3,5,7,1,86,84,424,2,MECH,1
7.81,0,3,4,0,48,75,315,6,ECE,0
6.39,2,4,0,1,88,3,280,2,CIVIL,1
8.1,6,5,1,3,40,15,162,4,CSE,1
7.81,0,1,4,2,39,0,114,3,MECH,1
8.35,6,4,2,3,32,56,297,4,CSE,1
5.62,5,8,7,1,43,30,332,8,MECH,1
7.95,3,10,4,1,35,33,26,3,MECH,1
8.37,6,0,8,2,46,5,277,4,IT,1
8.3,1,10,3,3,33,68,486,6,MECH,1
9.57,1,7,2,0,36,16,314,2,IT,1
6.59,3,5,4,0,55,23,47,4,CSE,0
6.37,5,10,8,1,45,11,472,3,CIVIL,1
9.32,0,5,8,3,75,30,0,5,MECH,1
8.62,4,4,4,3,61,49,459,1,IT,1
9.45,0,1,7,3,91,80,126,7,MECH,1
7.3,1,6,1,1,80,25,114,6,CSE,1
9.63,5,3,6,1,95,87,231,6,IT,1
9.36,5,3,0,1,42,57,218,7,CSE,1
8.74,5,2,1,0,73,36,3,1,MECH,1
6.02,5,9,2,3,73,20,221,4,CSE,1
8.12,2,2,7,0,74,96,341,3,IT,1
6.28,2,4,8,3,19,49,351,6,ECE,1
6.07,2,7,3,1,47,41,267,7,IT,1
9.69,0,4,1,2,48,25,69,4,CSE,1
6.46,2,5,2,2,51,63,301,8,IT,1
9.18,2,0,7,1,61,34,188,3,CIVIL,1
6.78,1,3,3,2,47,75,267,6,ECE,1
7.2,2,7,7,1,6,37,325,7,CIVIL,1
7.98,3,4,8,3,63,12,133,6,IT,1
6.19,2,10,4,2,41,95,174,3,MECH,1
6.66,3,3,3,0,0,81,342,8,CSE,1
9.38,1,7,5,1,33,53,408,1,CSE,1
7.42,0,9,6,2,22,79,88,1,IT,1
7.47,2,8,6,0,35,51,55,5,MECH,1
9.08,1,10,6,0,42,68,175,1,IT,1
8.72,5,4,0,0,69,29,8,4,CSE,1
8.24,0,3,8,0,13,85,147,7,CIVIL,1
8.97,6,2,0,3,51,3,218,7,ECE,1
8.95,2,8,0,3,1,36,68,3,ECE,1
8.49,1,1,3,0,94,86,193,3,CSE,1
7.08,4,4,7,2,48,12,65,2,IT,1
9.08,6,5,5,2,41,11,43,6,IT,1
6.17,4,0,8,3,15,96,195,5,CIVIL,1
9.23,3,5,6,0,33,55,342,3,CIVIL,1
7.22,4,2,0,1,37,24,110,3,IT,1
8.49,1,4,8,2,1,53,327,4,CIVIL,1
7.75,0,10,4,1,98,73,67,6,IT,1
7.19,4,4,7,1,38,92,419,3,CSE,1
9.94,6,0,8,0,64,62,493,1,MECH,1
8.64,5,4,3,2,7,21,204,2,CSE,1
7.11,3,8,6,0,5,38,338,3,CSE,1
6.15,1,4,2,1,5,75,316,8,CSE,1
7.01,5,0,2,2,18,31,128,3,CSE,1
6.59,2,6,1,0,91,21,291,3,ECE,1
8.62,5,9,5,0,7,39,162,3,CSE,1
8.4,6,10,0,0,46,93,285,2,IT,1
6.79,3,10,7,1,67,75,58,7,IT,1
5.82,2,6,4,3,14,5,65,4,CSE,1
8.41,4,0,2,1,70,36,424,6,MECH,1
6.57,0,9,6,0,60,97,12,6,CIVIL,1
9.67,1,1,7,0,14,40,367,5,IT,1
8.3,5,10,4,1,19,62,298,5,CIVIL,1
9.34,5,9,8,3,57,7,74,6,CIVIL,1
9.97,1,8,3,0,10,16,317,1,IT,1
6.39,0,0,8,2,82,73,184,2,IT,1
8.47,0,0,8,0,94,1,118,3,MECH,1
7.48,0,4,4,1,49,98,76,5,ECE,1
6.42,0,7,3,3,40,73,194,5,ECE,1
9.56,1,7,7,3,53,1,385,5,IT,1
8.19,6,4,6,3,16,93,378,8,CIVIL,1
7.93,2,10,4,2,81,12,428,7,CIVIL,1
8.02,4,1,5,2,64,57,125,5,CIVIL,1
7.54,6,7,6,2,53,32,169,2,CIVIL,1
9.21,1,2,2,3,83,44,179,7,CSE,1
5.66,2,4,8,2,74,60,219,5,CSE,1
6.72,6,4,5,1,4,44,115,4,CIVIL,1
6.85,1,0,0,2,27,32,190,5,IT,1
9.04,4,10,0,2,55,4,280,7,ECE,1
7.56,3,10,4,0,0,93,28,1,CSE,1
6.44,1,7,0,2,99,81,230,1,MECH,1
8.81,3,5,4,0,69,90,133,1,CIVIL,1
8.28,3,4,2,0,2,72,249,6,CIVIL,1
9.81,6,5,7,0,33,9,123,4,CIVIL,1
7.58,2,4,1,3,57,61,245,6,ECE,1
7.1,3,1,4,0,33,3,374,2,ECE,1
6.32,3,4,1,1,11,42,40,6,CSE,1
9.01,0,10,7,1,23,97,247,8,CSE,1
6.01,4,9,2,0,92,78,131,5,CSE,1
9.33,1,9,7,3,18,55,420,7,IT,1
6.49,5,7,4,0,44,56,1,2,IT,1
8.23,3,5,5,3,15,81,482,6,MECH,1
9.31,4,1,5,2,50,11,173,6,CSE,1
9.43,2,7,4,0,76,23,475,2,CSE,1
7.61,3,0,2,3,25,69,197,4,CSE,1
9.01,2,10,5,0,79,43,428,4,CSE,1
6.24,0,5,3,1,39,75,3,6,IT,1
9.2,1,5,2,0,92,15,421,4,CSE,1
5.94,5,6,4,0,91,88,463,7,MECH,1
7.01,2,6,2,1,89,93,26,5,MECH,1
6.75,4,7,5,2,97,14,270,6,ECE,1
6.78,3,10,2,0,3,35,298,2,CIVIL,1
6.8,4,10,7,2,32,67,34,6,IT,1
5.56,6,9,0,0,95,75,452,3,IT,1
6.11,1,3,2,0,43,46,96,7,ECE,1
8.73,2,4,5,3,100,84,17,4,CSE,1
5.55,0,10,4,2,92,16,448,7,CIVIL,1
5.98,2,4,1,2,79,77,418,3,IT,1
9.45,2,8,0,3,35,10,123,5,ECE,1
7.67,2,6,2,1,47,28,485,8,MECH,1
6.26,0,1,4,3,1,71,119,8,CIVIL,1
6.6,1,5,5,2,23,65,344,7,CSE,1
6.98,0,2,3,3,28,1,6,4,ECE,1
8.1,6,8,4,2,90,5,118,2,CSE,1
9.18,6,6,8,0,37,5,126,3,MECH,1
9.05,2,0,0,1,7,25,145,8,IT,1
5.92,3,4,3,0,29,82,70,1,CSE,1
7.26,6,7,3,1,93,12,346,6,MECH,1
6.2,6,8,1,2,43,42,196,6,CSE,1
7.15,3,5,2,1,21,5,404,1,CIVIL,1
5.8,3,1,0,0,91,16,175,7,MECH,1
7.05,2,4,0,3,94,29,182,4,ECE,1
7.49,5,10,0,0,36,10,428,8,MECH,1
5.93,6,5,8,0,17,95,177,4,CSE,1
9.57,6,3,1,3,22,47,183,5,IT,1
8.98,3,8,1,3,69,40,166,7,CIVIL,1
9.49,2,0,2,1,2,46,53,4,CIVIL,1
7.52,2,9,2,0,97,65,370,7,IT,1
7.13,4,7,1,1,29,61,231,6,MECH,1
5.67,1,10,0,2,75,70,433,1,CIVIL,1
8.8,5,0,7,0,62,98,123,5,CSE,1
6.32,2,5,6,0,75,31,198,1,MECH,1
8.54,0,8,1,3,5,42,278,7,IT,1
8.54,2,2,3,0,74,67,489,2,CIVIL,1
6.99,0,5,5,0,13,24,485,7,MECH,1
8.31,6,5,5,2,52,51,6,1,CIVIL,1
9.77,1,10,7,2,91,69,54,3,IT,1
8.13,6,0,1,1,41,88,292,6,CSE,1
9.6,3,10,0,2,8,14,13,5,IT,1
8.35,5,7,6,1,80,66,88,5,IT,1
8.74,0,9,0,1,17,44,70,2,ECE,1
6.3,4,6,0,0,41,54,288,8,ECE,1
7.99,6,9,7,3,66,19,28,5,IT,1
7.12,6,3,1,2,34,60,120,5,ECE,1
8.39,5,0,5,1,80,74,260,5,MECH,1
7.43,1,9,5,2,9,30,13,1,MECH,1
6.89,1,9,0,2,72,7,438,8,MECH,1
7.07,1,9,1,2,89,57,116,8,ECE,1
8.86,3,10,4,3,90,8,352,4,MECH,1
7.27,2,2,3,2,0,90,415,3,MECH,1
8.85,4,2,6,1,39,74,331,6,IT,1
5.89,4,3,8,2,96,48,309,3,ECE,1
8.59,5,2,0,2,19,86,323,3,CIVIL,1
7.72,2,6,1,0,81,34,268,4,ECE,1
6.54,4,8,8,0,70,35,311,1,IT,1
8.37,3,2,3,1,13,30,219,6,IT,1
7.48,1,4,1,1,78,1,412,4,IT,1
8.01,2,6,6,1,16,39,43,8,MECH,1
6.02,3,0,0,2,53,75,138,6,ECE,1
8.63,2,9,6,3,1,47,33,2,CIVIL,1
7.4,1,1,2,1,67,7,500,2,CSE,1
5.68,4,9,6,1,73,89,306,7,CSE,1
8.24,2,10,6,1,14,68,499,2,CSE,1
9.83,0,0,6,2,23,42,373,2,CIVIL,1
6.08,3,10,7,3,22,26,7,8,IT,1
9.22,1,4,6,3,53,48,440,8,CIVIL,1
9.13,1,0,8,2,1,72,98,7,ECE,1
6.96,3,4,6,1,16,81,275,3,CIVIL,1
9.96,6,9,1,0,6,87,421,8,CIVIL,1
9.13,5,4,1,0,61,74,267,3,CSE,1
5.78,2,8,5,0,65,77,311,2,CSE,1
6.39,5,7,4,3,1,8,218,5,CIVIL,1
8.17,0,4,7,2,24,14,198,1,CSE,1
8.08,1,7,7,3,76,80,490,1,ECE,1
7.51,1,0,1,2,71,48,159,1,CIVIL,1
6.89,4,1,7,2,35,35,396,1,MECH,1
8.51,4,4,4,0,35,60,174,8,IT,1
9.38,3,3,7,2,82,85,105,8,CSE,1
6.98,6,9,0,3,34,54,328,7,IT,1
9.45,5,4,7,3,40,79,351,2,ECE,1
9.44,6,10,0,0,61,48,407,7,ECE,1
6.93,5,10,0,1,50,78,379,4,IT,1
9.98,5,3,3,2,55,41,27,2,CSE,1
9.68,0,5,7,2,74,23,178,3,ECE,1
7.83,3,3,4,0,49,3,336,5,ECE,1
8.75,5,8,2,1,89,28,119,4,CSE,1
6.66,2,2,6,1,65,20,301,4,MECH,1
8.96,6,2,4,1,78,74,285,4,ECE,1
7.85,1,6,1,0,15,75,355,5,MECH,1
6.37,5,6,4,3,50,98,290,1,ECE,1
7.02,6,10,3,0,51,64,241,8,CSE,1
7.4,4,2,2,3,58,0,163,5,IT,1
7.39,2,10,4,2,37,19,285,1,MECH,1
6.1,3,7,0,0,1,24,382,7,CIVIL,1
8.98,1,9,7,2,31,30,450,3,CIVIL,1
5.77,3,0,0,0,94,55,98,7,MECH,1
6.61,1,9,2,0,65,89,368,5,ECE,1
9.09,0,3,2,0,52,97,449,4,CSE,1
6.37,2,9,2,3,5,73,40,2,MECH,1
9.37,3,8,6,1,94,7,373,4,CSE,1
9.4,6,3,1,0,68,72,221,2,MECH,1
6.6,2,4,8,1,57,10,395,2,CIVIL,1
7.82,2,10,0,0,22,69,191,8,IT,1
9.61,3,9,8,3,96,13,231,7,MECH,1
7.15,0,3,4,1,36,56,132,7,CSE,1
8.9,2,10,6,2,55,70,270,1,IT,1
5.54,1,10,8,2,33,29,247,8,ECE,1
6.61,4,5,8,3,68,3,331,3,CIVIL,1
7.24,4,3,3,1,37,17,324,5,CIVIL,1
9.71,5,0,5,0,41,100,181,8,MECH,1
9.25,5,7,7,1,47,63,93,6,CSE,1
9.1,2,4,8,3,56,90,94,6,MECH,1
9.39,5,7,4,3,44,7,303,2,CIVIL,1
6.69,5,10,1,1,89,85,169,8,CSE,1
8.96,6,8,2,1,21,44,169,7,CSE,1
9.16,2,1,2,0,35,84,263,4,ECE,1
9.03,4,4,8,1,79,91,279,5,ECE,1
7.96,5,1,1,0,49,69,46,4,IT,1
9.92,2,0,8,2,50,7,175,4,ECE,1
6.88,6,5,6,1,59,5,460,5,CIVIL,1
9.47,3,4,6,2,62,8,431,6,MECH,1
9.68,6,4,8,3,43,63,227,1,CSE,1
5.65,3,0,6,2,55,65,145,2,CSE,1
9.52,0,1,0,0,27,16,174,2,ECE,1
9.6,2,3,7,3,91,81,149,7,MECH,1
5.71,1,0,2,3,52,40,478,4,MECH,1
9.78,0,10,1,3,20,71,273,6,ECE,1
6.19,0,7,1,1,59,54,407,2,IT,1
9.6,2,1,1,1,32,11,392,1,ECE,1
6.15,1,6,2,2,43,70,353,4,CSE,1
9.14,4,5,7,0,18,26,424,4,IT,1
6.69,3,5,3,3,60,43,185,8,MECH,1
5.64,1,4,7,2,20,100,79,3,MECH,1
7.32,0,7,1,1,18,21,35,1,IT,1
6.82,5,2,7,0,5,84,452,5,MECH,1
6.94,6,2,4,3,76,75,411,6,CIVIL,1
9.78,0,5,1,0,89,14,288,1,CSE,1
7.17,2,1,2,3,84,92,189,2,ECE,1
8.05,2,7,0,0,43,90,156,1,CSE,1
7.55,4,6,2,0,20,55,271,5,ECE,1
7.76,0,2,4,0,58,47,409,8,ECE,1
9.81,0,5,1,1,17,84,180,7,CSE,1
5.74,1,10,6,1,13,40,348,4,CSE,1
9.85,0,2,1,2,83,88,147,5,CIVIL,1
5.65,3,3,8,0,81,88,240,1,CSE,1
7.75,6,2,1,0,77,67,55,8,CIVIL,1
5.81,2,0,3,1,62,31,296,6,CSE,1
6.77,1,4,0,1,43,84,444,7,MECH,1
6.42,0,0,0,3,76,83,147,7,IT,1
6.24,5,9,0,2,57,52,261,3,CIVIL,1
7.19,5,5,2,3,35,47,496,2,CSE,1
9.59,2,9,6,3,17,16,273,5,CIVIL,1
5.62,4,0,6,0,91,56,12,7,MECH,1
8.32,5,9,2,3,5,33,223,2,MECH,1
6.66,6,4,0,3,95,29,492,8,CSE,1
7.19,1,9,6,2,35,20,21,8,CSE,1
7.36,0,9,6,1,6,36,78,3,CIVIL,1
5.6,0,6,0,3,0,93,425,2,ECE,1
9.11,0,9,7,1,19,49,152,7,IT,1
7.35,1,6,1,1,52,31,62,7,CSE,1
8.66,0,8,6,2,52,73,6,4,MECH,1
7.13,0,4,1,3,98,85,255,5,CIVIL,1
5.54,4,3,3,0,19,24,460,1,ECE,1
6.51,0,3,1,1,4,70,18,3,CIVIL,1
8.45,2,9,5,3,7,78,390,7,CSE,1
7.52,3,10,0,1,37,35,226,8,ECE,1
6.62,4,10,8,0,90,33,344,5,CIVIL,1
6.68,3,2,7,3,27,4,347,5,CSE,1
6.67,3,10,5,1,20,4,293,8,CIVIL,1
6.7,0,4,8,1,87,66,116,1,CIVIL,1
8.05,1,8,7,2,85,27,29,1,CSE,1
6.01,4,8,5,1,41,60,355,2,IT,1
8.74,6,3,0,2,80,4,50,2,CIVIL,1
9.99,6,9,6,2,88,17,26,8,ECE,1
9.45,0,7,8,2,41,96,87,8,IT,1
6.51,2,8,3,3,8,1,278,1,MECH,1
6.14,5,5,0,2,66,54,282,3,ECE,1
7.73,1,0,6,3,37,39,409,7,ECE,1
7.42,4,4,1,0,85,37,136,7,CIVIL,1
9.04,3,4,2,2,5,37,388,8,ECE,1
9.34,0,7,5,2,40,84,365,4,IT,1
7.71,5,9,7,1,86,16,72,6,CSE,1
5.98,6,7,8,1,13,42,155,1,IT,1
9.78,4,5,6,1,81,61,217,6,CIVIL,1
8.02,1,2,7,2,90,34,443,3,CSE,1
9.94,0,0,2,1,36,35,0,4,CSE,1
7.02,0,0,3,3,44,56,496,1,CIVIL,1
7.96,6,2,3,3,28,24,500,1,ECE,1
6.7,5,8,2,1,11,97,202,8,CIVIL,1
7.4,2,1,3,0,34,13,190,2,CIVIL,1
7.65,3,4,5,2,48,26,154,1,CSE,1
6.74,3,2,0,2,8,84,224,6,ECE,1
6.99,0,4,2,3,34,60,297,8,CIVIL,1
9.57,6,3,0,1,57,24,399,3,CIVIL,1
7.32,5,4,4,1,81,34,107,5,MECH,1
9.77,0,7,5,2,8,50,314,1,CIVIL,1
8.38,6,6,2,1,54,45,75,2,ECE,1
5.57,3,3,0,3,92,93,98,4,CSE,0
7.49,2,2,1,2,39,36,70,6,ECE,1
8.41,3,5,6,3,52,13,54,5,IT,1
7.89,2,7,6,3,50,76,441,5,CSE,1
7.27,3,8,4,0,34,4,321,1,ECE,1
8.56,1,7,8,3,84,65,100,6,MECH,1
9.06,2,4,4,0,65,10,260,6,ECE,1
8.14,6,8,6,3,9,49,299,8,CIVIL,1
9.32,2,10,0,2,33,98,88,2,IT,1
6.5,4,9,8,1,99,5,318,5,CSE,1
7.87,0,8,2,0,91,31,437,7,MECH,1
7.03,3,3,2,0,58,92,22,5,MECH,1
5.8,1,6,1,1,99,52,423,3,CIVIL,1
9.78,6,10,3,0,72,91,65,3,IT,1
7.03,2,0,5,2,51,100,102,7,CIVIL,1
8.3,2,2,7,0,47,64,310,3,MECH,1
7.4,4,9,1,2,33,32,7,5,IT,1
8.61,3,0,6,3,1,91,85,5,IT,1
5.95,5,6,5,2,88,31,289,5,ECE,1
5.85,2,5,4,2,22,57,364,3,ECE,1
6.0,3,5,4,0,66,17,493,3,CIVIL,1
6.31,3,6,0,2,11,42,218,5,ECE,1
9.48,5,0,0,2,78,23,141,1,MECH,1
9.67,2,0,6,3,77,48,477,5,IT,1
8.56,4,4,1,0,44,44,241,3,CSE,1
6.34,4,10,7,3,2,0,447,2,CIVIL,1
7.98,2,4,1,2,37,4,448,1,CSE,1
7.85,5,4,8,3,2,95,101,1,ECE,1
5.86,0,9,1,0,24,41,61,7,IT,1
9.04,3,3,6,0,20,93,253,6,CSE,1
9.03,2,4,2,0,41,80,78,7,IT,1
6.66,3,0,6,0,63,28,303,1,ECE,1
6.33,6,6,4,3,99,9,36,7,MECH,1
6.71,2,4,8,1,95,4,414,4,IT,1
7.2,6,1,6,2,38,48,6,6,ECE,1
7.13,2,0,8,1,48,96,430,8,ECE,1
5.81,2,4,0,0,17,2,332,8,IT,1
5.67,0,4,4,1,1,36,182,3,MECH,1
7.37,4,0,8,1,91,38,106,2,CIVIL,1
8.67,1,6,8,3,25,7,322,5,ECE,1
8.89,3,9,1,3,55,11,160,8,CSE,1
5.64,4,6,7,1,81,87,346,8,CSE,1
6.56,1,0,5,2,33,29,135,6,CSE,1
9.45,6,10,4,1,95,20,483,5,CSE,1
6.64,0,8,6,0,22,43,307,8,MECH,1
9.16,2,2,8,0,38,91,173,1,ECE,1
9.47,6,8,7,0,84,31,66,7,MECH,1
5.52,2,6,6,2,31,15,448,6,ECE,1
7.68,6,9,1,3,33,58,248,1,IT,1
7.25,5,1,8,2,25,35,154,6,IT,1
9.68,1,7,8,2,39,9,213,4,CIVIL,1
6.39,2,6,1,1,48,8,236,3,ECE,1
9.01,1,4,0,2,53,0,61,6,IT,1
7.12,1,6,6,0,91,11,48,6,CIVIL,1
7.9,3,4,0,3,61,87,351,7,IT,1
9.63,6,8,3,0,44,21,341,7,CSE,1
8.34,2,9,6,1,74,49,249,2,CIVIL,1
7.53,5,2,4,1,34,28,357,5,CSE,1
7.93,4,9,4,3,72,43,117,3,CSE,1
7.79,6,8,6,0,88,80,142,7,ECE,1
5.7,1,6,5,2,21,5,332,4,MECH,1
9.42,4,7,0,1,88,35,336,1,ECE,1
9.12,3,1,1,2,47,74,267,1,IT,1
8.5,0,1,5,3,36,8,311,6,ECE,1
8.67,1,4,4,2,5,94,122,2,CIVIL,1
8.3,5,4,1,0,61,34,217,5,ECE,1
5.64,0,2,3,3,61,20,6,6,MECH,1
9.21,4,7,2,0,48,13,118,8,CSE,1
9.35,3,1,1,1,71,36,460,2,MECH,1
6.6,0,10,8,0,67,94,209,5,MECH,1
8.06,2,3,1,2,31,66,160,1,CIVIL,1
8.01,0,0,4,2,55,98,356,7,MECH,1
8.44,6,4,4,2,19,97,243,4,CSE,1
5.87,0,6,7,3,40,52,155,3,CSE,1
9.63,1,2,6,2,50,67,447,6,IT,1
7.04,5,10,3,3,36,51,482,3,ECE,1
8.13,1,6,5,1,63,59,260,1,CSE,1
9.35,4,2,8,3,49,96,226,2,CSE,1
8.1,3,7,5,1,33,78,249,2,CSE,1
6.83,3,8,4,3,95,72,456,3,CSE,1
8.4,1,8,0,1,15,82,179,1,ECE,1
9.16,2,3,1,1,31,31,416,7,IT,1
6.97,5,8,8,0,86,38,49,5,CIVIL,1
6.93,5,10,1,0,44,96,399,2,CSE,1
7.73,1,3,3,2,8,85,160,3,IT,1
7.79,0,3,8,0,16,46,117,2,CSE,1
9.28,4,10,8,1,62,4,28,3,CIVIL,1
6.05,6,6,2,0,12,62,399,5,ECE,1
6.29,4,9,1,1,19,6,128,3,MECH,1
5.85,0,1,0,2,88,14,155,1,CIVIL,1
6.81,3,9,8,3,33,61,20,8,CSE,1
8.08,5,10,3,3,78,70,221,3,IT,1
5.97,1,7,7,0,0,61,466,3,MECH,1
6.24,0,3,4,2,63,67,446,1,MECH,1
8.1,3,0,2,1,9,3,311,8,ECE,1
6.51,1,3,1,3,66,72,412,2,CSE,1
7.45,4,8,8,1,24,7,419,1,CSE,1
8.62,1,3,5,0,7,37,263,8,IT,1
5.9,5,2,2,0,95,100,191,2,MECH,1
8.46,0,3,8,3,73,30,0,7,ECE,1
7.61,5,1,7,2,71,87,218,4,CIVIL,1
8.14,4,6,3,2,12,50,194,1,MECH,1
8.78,4,2,1,3,9,25,24,2,ECE,1
7.1,5,9,6,1,32,62,311,2,CSE,1
8.23,5,4,4,0,90,61,269,7,CSE,1
8.09,4,5,8,1,96,6,102,1,CIVIL,1
8.81,4,7,6,3,84,77,392,4,IT,1
8.02,4,3,8,2,91,66,391,2,CIVIL,1
9.2,3,0,6,3,28,1,399,2,MECH,1
6.4,4,4,3,2,38,73,178,7,CSE,1
9.59,0,2,7,3,64,29,246,2,IT,1
7.25,6,10,5,0,28,22,310,2,MECH,1
6.85,0,2,6,1,70,32,384,3,CSE,1
8.73,0,9,1,3,15,49,276,4,CIVIL,1
9.95,3,10,2,0,18,71,464,8,MECH,1
6.21,4,1,3,3,40,6,60,1,CIVIL,1
6.48,2,10,7,2,16,48,65,7,ECE,1
9.73,2,8,8,2,19,94,15,1,CSE,1
7.15,4,3,1,0,65,25,197,3,ECE,1
8.18,3,4,2,2,74,13,134,5,IT,1
9.98,1,10,3,3,94,17,282,7,CSE,1
7.3,1,8,0,2,88,38,131,2,ECE,1
5.77,0,1,0,2,40,28,409,3,ECE,1
7.47,5,6,1,3,66,1,315,2,CIVIL,1
7.89,4,1,1,3,61,42,164,3,CSE,1
6.31,5,8,3,2,26,21,417,6,ECE,1
5.71,5,1,3,1,55,98,415,3,MECH,1
6.89,0,9,7,3,68,60,193,1,MECH,1
8.85,6,9,6,2,72,17,117,5,CSE,1
6.77,0,5,0,2,65,78,328,4,MECH,1
6.24,4,8,8,3,54,61,332,8,ECE,1
8.06,0,4,4,3,1,53,1,5,ECE,1
6.31,4,4,4,1,68,66,396,3,ECE,1
9.13,5,3,4,1,9,41,36,1,IT,1
5.98,0,7,7,1,3,76,386,8,CIVIL,1
7.27,3,0,6,0,30,14,141,8,IT,1
6.37,0,3,5,2,99,32,60,8,MECH,1
7.93,5,8,4,2,89,23,158,2,CSE,1
7.85,0,0,8,1,19,24,396,3,ECE,1
6.22,1,3,3,3,75,89,199,3,CIVIL,1
6.59,5,5,6,1,12,87,302,6,ECE,1
8.8,2,7,4,0,30,82,143,5,ECE,1
7.72,1,0,4,2,55,41,40,7,CSE,1
5.53,2,3,6,1,20,60,441,6,ECE,1
6.26,5,4,3,0,51,38,89,8,IT,1
9.6,6,4,7,3,69,34,395,8,IT,1
8.99,6,5,5,2,22,5,381,2,MECH,1
9.93,4,0,2,1,13,96,403,2,CSE,1
6.61,3,5,4,0,14,1,321,1,MECH,1
9.95,4,9,5,0,17,100,217,6,MECH,1
6.68,6,8,3,3,99,47,231,7,CSE,1
6.74,5,2,5,2,80,14,2,3,IT,1
9.88,0,3,8,3,56,48,413,1,CSE,1
6.45,5,1,3,0,30,67,266,2,CSE,1
7.71,5,2,7,1,60,86,269,1,ECE,1
9.55,3,8,8,1,84,85,154,2,MECH,1
6.19,5,10,6,3,69,83,168,4,MECH,1
8.28,5,6,7,0,78,33,166,7,CIVIL,1
7.56,6,10,0,2,75,38,385,6,ECE,1
5.75,6,3,1,3,88,5,310,4,CSE,1
5.85,2,9,6,0,76,34,218,3,MECH,1
8.31,4,6,7,0,77,98,236,6,CSE,1
6.08,3,3,0,2,56,60,82,8,IT,1
7.29,3,8,8,2,14,16,252,7,CIVIL,1
8.24,4,10,2,0,18,88,425,6,MECH,1
6.51,6,9,0,3,7,49,384,5,MECH,1
8.5,1,2,1,2,31,13,328,3,CIVIL,1
6.75,4,9,3,1,87,10,472,4,ECE,1
9.29,6,2,0,1,86,62,343,3,CIVIL,1
6.89,5,7,8,1,12,47,349,4,CSE,1
9.58,3,6,1,3,31,100,420,2,CIVIL,1
6.69,3,10,5,2,0,98,307,8,CIVIL,1
6.05,2,5,6,2,99,47,131,7,MECH,1
5.52,4,4,4,2,73,26,454,3,MECH,1
9.92,2,6,8,2,52,43,384,6,CSE,1
7.58,3,8,3,2,65,64,226,3,CSE,1
8.24,6,3,2,0,22,78,458,2,MECH,1
8.82,2,6,4,1,87,53,2,1,CSE,1
6.42,5,0,2,1,54,5,87,6,CSE,1
8.6,2,5,2,1,70,85,1,1,CSE,1
7.58,3,1,2,2,69,4,481,7,CIVIL,1
9.93,3,4,2,2,69,87,389,4,ECE,1
6.26,2,4,3,3,96,23,454,8,IT,1
6.43,4,3,7,3,42,1,410,8,CIVIL,1
6.51,0,7,5,0,80,81,498,2,CSE,1
6.67,3,6,6,3,27,81,65,6,CIVIL,1
7.39,2,9,4,0,5,40,95,6,CSE,1
7.68,6,3,4,0,1,76,428,3,MECH,1
6.92,5,4,0,2,23,14,38,2,CSE,1
9.58,4,9,2,0,7,32,291,3,MECH,1
8.41,4,3,5,2,60,27,477,3,ECE,1
7.0,5,9,4,3,25,29,423,1,ECE,1
5.83,3,9,8,3,78,61,236,5,CSE,1
9.06,4,0,8,0,30,55,184,4,ECE,1
8.3,6,5,8,1,81,18,371,5,CSE,1
9.17,1,2,3,0,50,96,436,4,IT,1
9.43,6,1,3,0,49,17,288,7,ECE,1
7.13,2,2,0,0,11,45,14,5,MECH,1
8.27,2,7,1,3,81,92,306,8,IT,1
9.67,4,10,1,3,43,93,261,2,MECH,1
8.99,3,3,0,3,17,90,185,4,IT,1
8.68,6,9,0,1,77,69,466,4,ECE,1
5.82,1,8,1,0,32,75,361,5,MECH,1
6.47,4,6,5,1,32,11,461,3,CSE,1
9.47,3,4,5,0,51,78,288,3,IT,1
6.0,0,2,5,2,93,100,305,8,CIVIL,1
7.7,5,6,2,2,91,34,482,6,MECH,1
7.73,5,7,0,0,68,58,389,5,MECH,1
8.11,1,4,1,2,45,32,222,5,IT,1
7.07,5,3,0,3,7,48,137,4,IT,1
9.36,2,9,1,0,93,89,177,6,CSE,1
5.75,5,10,8,0,99,85,314,2,ECE,1
8.85,0,9,0,3,26,6,275,7,IT,1
9.98,5,3,5,3,66,77,399,3,ECE,1
8.06,4,7,0,3,22,70,377,4,CIVIL,1
9.82,3,9,6,2,27,11,73,5,CSE,1
5.82,1,3,4,2,40,69,442,6,CSE,1
7.41,5,2,2,0,13,84,239,7,CSE,1
8.49,0,2,4,1,77,100,195,7,IT,1
5.6,5,6,1,2,71,47,303,8,CIVIL,1
6.61,5,8,1,1,19,77,342,2,MECH,1
8.06,2,3,8,1,42,44,315,7,ECE,1
8.99,0,7,4,0,95,23,483,4,CSE,1
5.99,3,10,6,1,39,64,69,2,IT,1
5.73,1,7,6,3,56,85,301,1,CSE,1
9.43,5,3,7,1,85,49,474,5,ECE,1
8.59,3,9,8,2,24,22,357,8,CSE,1
7.76,2,5,6,2,28,40,457,5,IT,1
9.25,1,1,2,0,4,96,481,5,CSE,1
9.41,1,7,8,3,74,25,175,5,ECE,1
9.58,2,2,6,3,86,69,178,2,CSE,1
6.24,5,6,0,3,3,61,375,4,CSE,1
6.85,5,2,4,1,8,70,384,1,CSE,1
9.66,4,6,1,3,97,78,83,7,MECH,1
7.91,3,1,0,3,42,89,179,7,ECE,1
7.18,2,5,8,1,96,79,401,6,CIVIL,1
9.01,2,2,4,0,7,10,282,6,CIVIL,1
9.57,6,2,0,2,64,9,379,1,CSE,1
6.25,1,7,5,1,0,90,81,1,CSE,1
6.16,4,3,5,1,100,72,267,5,IT,1
7.47,1,2,8,0,7,66,422,7,CIVIL,1
8.33,2,4,5,1,21,94,260,7,ECE,1
8.84,0,1,6,2,65,27,474,7,ECE,1
7.58,4,6,8,0,32,34,393,3,ECE,1
5.64,4,3,2,0,69,74,435,7,CSE,1
6.45,0,3,3,0,93,46,212,5,ECE,1
8.91,6,7,4,0,57,94,416,3,CIVIL,1
8.54,2,7,3,3,76,15,447,2,MECH,1
8.08,0,9,4,1,56,47,26,3,CSE,1
8.47,2,7,0,3,89,52,440,4,IT,1
7.91,4,5,7,1,87,14,414,6,CSE,1
8.88,6,5,8,2,54,87,225,4,IT,1
8.46,5,3,0,2,61,34,33,8,ECE,1
8.67,3,1,8,2,18,80,377,2,IT,1
8.6,6,2,7,1,5,66,314,4,ECE,1
9.99,5,3,6,3,24,64,339,4,MECH,1
6.64,1,7,4,3,26,35,148,6,MECH,1
9.61,2,0,0,0,51,21,313,3,ECE,1
9.81,3,5,0,0,13,18,438,8,IT,1
7.98,3,6,6,0,77,71,311,7,MECH,1
6.9,4,5,7,1,15,56,390,8,CIVIL,1
6.72,6,3,8,1,87,77,85,8,CSE,1
9.76,0,5,6,0,64,11,325,2,CIVIL,1
6.63,4,8,0,0,93,100,250,2,CSE,1
9.96,6,9,6,1,29,88,243,3,CSE,1
6.53,3,10,6,3,31,13,438,8,IT,1
7.51,4,5,8,1,47,16,175,5,CIVIL,1
6.78,3,8,1,0,42,90,183,1,IT,1
8.27,2,8,4,1,3,10,341,4,CIVIL,1
9.04,5,2,7,1,54,71,366,2,IT,1
6.09,0,1,1,2,76,93,395,4,CIVIL,1
7.38,3,10,8,1,22,25,201,5,CIVIL,1
6.28,5,8,8,1,2,21,315,4,MECH,1
7.09,3,7,6,1,92,99,356,8,CSE,1
9.41,4,10,4,3,56,69,206,4,ECE,1
7.2,3,9,4,2,28,57,421,2,ECE,1
6.84,6,3,6,2,16,83,324,4,CSE,1
5.66,6,8,7,3,20,30,221,3,CSE,1
8.46,1,5,1,3,67,66,214,4,ECE,1
7.6,5,9,4,0,71,92,58,7,CSE,1
5.62,5,3,5,2,31,44,12,1,ECE,1
8.53,5,5,6,3,33,75,204,4,IT,1
7.13,3,3,2,1,5,46,127,5,IT,1
8.18,4,7,6,3,16,67,450,7,MECH,1
6.38,3,5,6,0,75,78,266,7,ECE,1
6.53,0,9,7,0,60,98,314,7,MECH,1
7.57,2,5,1,0,48,52,323,5,CIVIL,1
8.67,1,5,4,0,19,69,320,8,IT,0
7.64,0,5,7,2,35,14,403,4,CIVIL,1
9.47,1,1,5,2,44,29,190,6,ECE,1
8.81,3,0,6,3,33,41,455,6,CIVIL,1
8.74,0,8,6,1,69,64,435,6,MECH,1
7.69,6,2,3,2,5,39,91,1,MECH,1
5.73,1,0,2,1,3,70,221,7,CIVIL,1
6.97,2,9,4,3,65,91,65,4,MECH,1
6.67,3,10,8,0,68,97,172,1,CSE,1
8.67,4,10,7,3,9,52,235,4,ECE,1
5.98,6,2,3,3,49,76,375,8,CIVIL,1
9.01,3,5,4,2,78,22,469,6,MECH,1
9.33,5,2,2,1,52,73,41,1,CSE,1
8.02,4,3,5,0,70,97,190,7,CSE,1
6.96,0,0,6,3,51,55,86,5,MECH,1
7.69,3,7,1,2,53,100,15,7,MECH,1
8.08,6,8,6,0,48,71,453,2,ECE,1
8.19,5,8,1,0,57,74,385,1,MECH,1
6.88,0,8,8,0,17,33,416,1,IT,1
9.43,4,10,0,0,76,77,130,8,ECE,1
9.44,3,8,5,2,31,77,243,5,IT,1
6.67,4,0,5,2,13,64,8,2,ECE,1
7.51,6,4,2,0,60,1,320,5,ECE,1
6.5,5,7,4,1,97,61,468,6,ECE,1
8.75,2,4,8,0,6,86,275,5,CIVIL,1
5.78,2,6,8,0,19,30,154,6,MECH,1
7.7,2,5,1,1,1,51,161,5,CIVIL,1
8.48,1,1,5,2,98,78,22,2,CIVIL,1
7.15,4,7,1,2,0,62,325,5,CSE,1
9.92,5,6,1,0,62,86,485,6,CSE,1
7.08,6,2,5,1,93,73,155,7,ECE,1
9.08,5,1,4,2,1,32,398,6,CSE,1
9.5,5,10,1,3,37,89,218,8,CIVIL,1
6.5,5,4,8,1,32,37,311,1,CSE,1
6.54,1,2,1,2,0,23,374,3,ECE,1
5.88,0,7,4,0,65,93,345,1,MECH,1
8.16,0,4,2,0,66,34,439,1,ECE,1
8.91,4,7,2,0,20,41,93,3,CSE,1
7.35,4,8,6,3,88,27,357,8,CIVIL,1
8.17,0,8,4,0,81,43,187,3,CSE,1
8.17,6,2,3,1,6,95,103,6,MECH,1
8.66,4,0,8,2,57,53,367,3,CIVIL,1
7.85,3,5,4,1,90,33,472,1,IT,1
8.72,0,8,4,1,94,16,113,3,ECE,1
6.46,4,4,5,0,96,80,40,2,CIVIL,1
8.76,4,0,0,1,48,65,133,7,MECH,1
9.85,3,9,8,2,68,45,273,7,ECE,1
6.55,2,3,4,0,28,73,52,5,MECH,1
9.82,3,6,1,1,67,45,205,3,IT,1
9.32,5,9,7,3,95,52,66,1,CIVIL,1
8.73,1,4,6,3,91,76,93,2,CIVIL,1
8.64,2,3,8,3,80,87,317,1,MECH,1
8.82,6,10,7,0,27,93,266,8,MECH,1
5.78,1,0,5,3,63,70,323,1,CSE,1
5.58,4,8,2,2,46,25,131,1,IT,1
7.86,0,0,0,1,80,72,415,7,CSE,1
7.62,3,2,4,2,58,8,262,4,IT,1
6.07,1,9,8,3,81,33,485,8,CSE,1
7.0,3,10,2,2,54,9,412,3,CSE,1
9.08,3,8,4,2,1,68,164,6,MECH,1
8.13,1,6,7,2,100,77,139,3,MECH,1
5.89,1,6,5,1,39,14,344,3,CIVIL,1
5.67,6,8,5,2,11,9,71,7,CIVIL,1
7.26,6,1,1,1,8,45,108,8,IT,1
9.11,5,9,3,2,94,16,347,8,CSE,1
9.85,0,2,7,0,67,75,495,7,IT,1
7.72,4,5,4,1,5,14,350,6,CSE,1
9.04,2,9,0,2,12,23,309,2,CIVIL,1
7.34,2,1,6,3,29,32,375,2,ECE,1
7.81,6,7,6,0,41,15,26,4,CIVIL,1
5.54,4,3,3,1,73,90,375,4,MECH,1
7.96,2,10,7,0,59,27,121,4,MECH,1
9.55,3,4,2,3,98,63,135,8,MECH,1
8.01,2,6,3,2,31,20,0,5,CSE,1
6.53,5,2,4,1,52,3,490,4,ECE,1
6.05,1,6,2,1,2,15,358,6,IT,1
7.63,1,7,7,0,59,87,421,6,IT,1
6.47,4,3,0,3,82,97,35,8,MECH,1
8.43,6,0,0,3,98,82,336,7,CSE,1
9.91,5,2,2,2,12,16,395,2,MECH,1
9.03,0,8,8,2,60,93,86,7,IT,1
7.85,4,1,2,2,82,12,344,4,ECE,1
7.98,5,8,0,0,50,9,206,7,MECH,1
8.94,2,2,2,1,64,25,83,3,CIVIL,1
6.08,6,7,8,1,36,56,435,4,ECE,1
5.83,3,1,7,2,47,18,386,5,IT,1
6.33,4,6,3,0,38,83,189,8,IT,1
8.67,6,9,0,2,83,32,146,1,MECH,1
7.03,6,2,5,3,54,81,340,6,CSE,1
8.47,5,3,2,3,0,70,37,4,IT,1
7.88,1,2,0,0,65,27,268,3,ECE,1
6.68,6,9,8,3,42,45,271,8,MECH,1
8.85,1,3,1,3,93,26,154,5,IT,1
8.61,6,9,2,2,45,46,29,1,CSE,1
9.91,0,7,0,0,17,48,323,5,CIVIL,1
5.56,2,2,0,3,36,30,448,4,CSE,1
6.42,0,0,8,2,51,6,154,3,IT,1
8.87,6,10,4,2,40,22,125,8,ECE,1
8.42,2,4,5,0,60,18,89,1,MECH,1
9.83,1,4,3,2,78,94,134,8,ECE,1
9.01,2,8,4,0,28,40,471,6,IT,1
6.68,2,6,4,3,43,82,153,3,ECE,1
6.62,1,5,7,2,79,69,418,8,ECE,1
7.25,1,2,2,1,86,9,243,7,ECE,1
7.61,0,8,4,2,38,81,70,5,CIVIL,1
9.24,6,7,2,2,81,29,137,2,CSE,1
6.8,3,8,3,1,11,39,499,3,CIVIL,1
6.6,3,9,4,3,84,29,317,7,MECH,1
9.91,6,4,0,3,72,4,241,7,MECH,1
6.36,4,5,2,2,67,94,90,7,MECH,1
8.85,6,0,3,0,51,4,89,5,CIVIL,1
9.37,2,3,7,3,16,40,388,8,CIVIL,0
6.64,2,0,4,1,96,75,141,7,IT,1
7.73,0,4,2,3,76,50,277,1,CSE,1
6.65,6,4,5,0,0,66,262,8,MECH,1
7.06,6,9,8,1,92,85,19,1,IT,1
6.18,2,5,0,1,40,54,155,6,CSE,1
9.27,3,9,4,1,5,74,350,5,IT,1
6.02,1,7,1,3,60,50,469,1,MECH,1
8.57,2,4,3,1,19,16,230,4,IT,1
6.71,5,6,8,2,78,49,254,8,CIVIL,1
8.7,2,9,1,1,24,51,448,1,CIVIL,1
8.0,3,7,7,2,4,24,196,6,IT,1
7.64,6,7,5,0,9,48,59,8,IT,1
7.33,0,6,4,2,3,88,157,7,CIVIL,1
6.09,6,4,7,3,97,78,436,3,CIVIL,1
9.02,1,6,2,0,38,93,264,8,ECE,1
7.2,3,1,0,1,27,49,61,3,CSE,1
9.97,6,6,3,1,34,55,193,3,CSE,1
5.61,5,3,2,3,31,54,182,1,IT,1
6.56,0,5,4,1,85,48,355,5,CIVIL,1
7.32,5,9,0,1,64,44,289,3,IT,1
7.85,1,4,5,1,17,58,211,4,IT,1
7.39,2,7,5,2,10,4,146,8,CIVIL,1
9.6,4,0,1,2,31,100,498,6,ECE,1
9.67,2,1,5,0,91,17,375,2,ECE,1
6.77,5,4,2,1,56,51,244,8,MECH,1
7.5,2,6,7,2,44,23,172,3,IT,1
9.73,6,10,4,0,16,57,177,7,MECH,1
6.06,2,0,7,0,49,40,230,8,MECH,1
8.5,5,9,3,3,24,76,232,1,CSE,1
6.03,3,4,5,3,32,6,18,1,ECE,1
6.09,5,4,4,1,66,64,302,1,ECE,1
6.39,6,5,8,1,57,67,137,2,CIVIL,1
8.64,4,6,1,0,96,97,90,4,CSE,1
7.27,6,3,3,0,19,17,132,6,CIVIL,1
9.73,2,1,0,1,61,70,338,6,IT,1
5.93,1,1,2,0,62,89,44,5,CSE,1
7.03,6,0,4,2,28,15,495,6,MECH,1
6.86,4,0,2,2,41,99,321,1,ECE,1
5.82,6,3,6,2,12,17,469,6,CIVIL,1
5.64,3,6,5,2,49,46,433,6,ECE,1
6.74,0,8,0,1,36,56,237,8,IT,1
6.77,1,9,1,1,48,88,102,5,MECH,1
8.12,2,8,8,3,7,49,349,1,MECH,1
9.31,2,3,8,1,67,37,189,1,CIVIL,1
6.96,2,0,8,1,26,13,179,5,CIVIL,1
7.48,0,9,4,1,67,71,232,7,CSE,1
9.93,1,10,3,2,51,27,459,8,ECE,1
9.53,3,7,4,1,35,16,10,8,ECE,1
9.22,2,8,6,0,60,81,301,8,CSE,1
6.22,0,7,1,2,64,12,280,6,CSE,1
6.01,3,0,1,2,91,10,375,7,CIVIL,1
9.41,2,10,2,1,95,51,75,2,IT,1
8.26,1,3,7,1,31,49,106,2,IT,1
6.17,1,0,7,1,48,30,350,2,CSE,1
7.2,6,0,5,3,57,7,406,8,MECH,1
9.91,1,1,7,3,79,56,480,1,CSE,1
8.35,1,8,7,1,3,32,181,3,CSE,1
7.0,6,1,3,0,89,1,398,5,CIVIL,1
8.99,2,2,3,2,38,47,38,4,MECH,1
9.34,5,2,2,1,23,99,345,7,ECE,1
7.11,1,2,3,0,31,19,239,7,MECH,1
6.68,6,8,1,1,44,79,450,3,MECH,1
5.82,4,6,0,1,68,46,34,8,CIVIL,1
7.06,0,3,2,2,39,21,325,3,MECH,1
8.43,5,2,3,2,29,90,172,3,MECH,1
6.01,2,6,8,0,25,53,437,3,ECE,1
9.62,6,1,1,3,46,51,487,1,ECE,1
6.87,1,1,3,1,73,29,268,3,MECH,1
5.66,6,6,6,3,33,86,75,8,MECH,1
8.13,3,6,7,0,100,70,415,8,IT,1
9.89,1,5,8,1,68,7,212,1,CSE,1
7.13,6,10,5,0,20,82,385,4,MECH,1
8.35,3,2,7,1,18,16,90,2,CIVIL,1
8.56,2,5,6,3,6,3,371,3,MECH,1
9.91,2,3,1,2,65,84,206,8,IT,1
6.04,6,8,6,1,47,14,336,8,ECE,1
7.08,4,7,8,2,12,43,340,6,CIVIL,1
6.38,1,6,0,2,14,55,118,2,CSE,1
5.69,0,8,6,0,59,66,403,6,CIVIL,1
8.83,5,3,4,2,79,32,293,2,ECE,1
8.37,4,7,5,2,72,38,498,3,CSE,1
7.13,0,8,8,0,62,97,15,1,MECH,1
7.7,2,0,8,3,95,29,139,5,MECH,1
6.12,5,1,8,2,94,4,179,4,CSE,1
9.06,0,0,6,2,50,87,2,1,ECE,1
6.45,3,3,3,3,83,28,197,8,MECH,1
7.92,5,1,0,3,82,58,436,2,MECH,1
8.64,0,4,7,2,99,74,28,6,MECH,1
8.1,3,7,0,3,93,87,290,2,MECH,1
5.6,6,5,3,3,92,24,153,7,ECE,1
5.52,6,2,5,1,89,77,1,1,CSE,1
8.31,3,1,7,2,86,64,426,8,CSE,1
6.3,4,3,0,3,62,63,325,4,IT,1
6.72,2,3,3,1,88,31,144,8,MECH,1
8.26,2,5,6,0,1,66,281,1,IT,1
8.94,3,9,5,3,29,33,360,3,ECE,1
7.88,5,9,5,2,18,36,168,3,CIVIL,1
6.34,3,7,8,2,68,23,5,1,IT,1
7.67,6,5,8,0,53,99,371,2,MECH,1
9.75,4,5,5,2,33,16,419,7,ECE,1
8.93,0,8,8,0,9,94,383,4,CSE,1
7.45,1,9,1,1,50,53,234,2,MECH,1
6.89,5,8,5,2,55,45,307,1,ECE,1
6.82,6,1,1,1,99,15,162,2,CIVIL,1
9.44,5,8,4,2,41,31,334,8,ECE,1
9.98,4,6,3,0,89,48,454,1,IT,1
7.1,1,8,1,2,20,53,115,2,ECE,1
7.27,5,8,3,2,12,59,465,5,IT,1
6.24,3,8,5,2,34,41,23,3,IT,1
7.99,5,6,3,0,72,51,123,1,ECE,1
6.03,3,8,6,3,18,18,194,6,IT,1
6.14,4,8,5,3,74,23,82,8,CSE,1
5.85,2,2,0,3,6,77,63,1,CSE,1
8.19,0,5,4,2,47,17,299,5,MECH,1
9.69,6,8,5,2,62,85,275,1,CSE,1
7.48,4,7,4,3,99,54,44,7,MECH,1
7.04,4,0,7,2,11,85,193,8,ECE,1
9.74,1,10,8,0,46,17,124,8,MECH,1
5.65,4,10,2,1,74,27,437,8,CSE,1
7.01,3,5,5,2,100,68,173,6,CIVIL,1
6.63,4,5,4,2,62,27,167,7,CIVIL,1
8.6,1,10,0,1,58,25,111,8,CSE,1
6.89,5,9,7,1,71,15,350,5,MECH,1
7.14,1,7,0,1,30,63,56,4,CSE,1
5.9,5,7,6,2,63,100,329,7,MECH,1
6.92,3,4,8,3,58,8,146,6,MECH,1
7.33,4,3,8,1,50,26,395,6,CIVIL,1
6.92,0,0,7,3,37,89,261,5,ECE,1
5.7,3,8,4,1,82,75,294,6,CSE,1
5.62,1,7,0,0,82,86,332,7,ECE,1
8.28,1,2,2,0,95,20,321,2,ECE,1
6.75,6,2,5,2,22,39,306,8,CIVIL,1
8.94,6,5,2,3,0,43,330,7,CIVIL,1
7.67,2,3,2,2,58,65,31,7,CIVIL,1
5.95,3,4,1,0,82,81,121,3,CSE,1
8.51,3,3,2,0,34,90,273,8,ECE,1
8.48,2,6,5,0,82,20,437,7,CSE,1
7.51,2,9,6,1,14,53,62,8,CSE,1
7.7,4,4,8,0,54,10,212,2,CIVIL,1
6.08,2,0,1,0,22,75,316,7,MECH,1
8.51,5,5,8,3,80,2,448,2,MECH,1
8.25,0,8,8,1,82,53,100,1,IT,1
7.41,3,0,4,2,57,32,61,4,ECE,1
9.91,0,6,4,0,5,83,340,5,ECE,1
6.47,1,5,8,2,30,91,189,2,ECE,1
8.19,2,7,0,0,6,11,344,6,MECH,1
8.07,6,3,2,2,32,80,86,5,CSE,1
7.66,4,8,8,1,69,6,19,1,IT,1
8.92,6,7,4,1,51,7,443,3,MECH,1
9.06,0,6,3,2,96,12,59,8,CSE,1
6.63,6,4,7,3,6,12,35,6,ECE,1
9.31,0,0,4,2,12,30,22,2,CSE,1
7.18,0,5,0,0,28,16,30,2,IT,1
8.19,5,6,5,3,24,43,193,4,CSE,1
5.98,6,6,7,3,56,62,197,4,ECE,1
9.21,6,8,8,3,93,93,299,3,CSE,1
7.3,5,5,8,2,77,23,363,7,MECH,1
7.54,3,0,5,1,74,43,1,2,ECE,1
6.15,4,3,8,2,22,27,46,8,MECH,1
5.7,5,10,2,3,85,23,467,3,ECE,1
6.73,4,0,2,2,23,35,469,3,MECH,0
7.29,4,9,3,3,73,52,86,1,IT,1
7.0,2,10,4,2,15,82,280,6,CIVIL,1
9.77,2,0,7,3,94,2,330,1,ECE,1
8.68,4,8,2,0,63,91,417,8,CIVIL,1
9.97,4,2,3,3,26,30,485,5,MECH,1
6.09,2,8,6,3,1,46,456,6,IT,1
6.89,5,2,8,3,74,55,256,5,MECH,1
5.74,4,1,6,3,44,10,417,5,CSE,1
8.15,6,9,0,1,57,20,119,4,CSE,1
6.25,5,1,6,3,41,33,87,7,ECE,1
7.43,3,2,7,3,46,79,279,5,MECH,1
9.8,0,0,2,3,98,2,75,7,MECH,1
8.57,4,6,1,1,93,99,331,6,IT,1
7.58,3,3,5,2,74,81,149,4,ECE,1
8.52,4,0,2,1,83,82,40,2,MECH,1
9.41,4,1,6,0,0,38,185,7,CSE,1
6.84,1,6,2,3,79,32,434,2,ECE,1
6.14,1,10,4,0,7,28,296,2,MECH,1
8.99,6,3,3,0,31,81,318,7,IT,1
6.09,6,5,5,1,41,49,66,6,MECH,1
8.93,1,4,4,2,94,8,217,3,IT,1
5.62,2,5,1,0,19,72,130,6,ECE,1
8.04,6,7,8,1,27,51,62,6,CSE,1
8.36,1,5,6,2,94,78,376,5,CSE,1
9.35,3,4,1,3,50,34,448,7,MECH,1
8.45,3,5,4,1,15,74,182,2,CIVIL,1
7.1,0,4,7,0,55,61,162,8,CIVIL,1
8.64,4,7,1,0,21,41,39,5,IT,1
9.95,6,4,3,1,97,61,129,2,CIVIL,1
7.84,5,3,7,2,78,48,114,3,ECE,1
6.85,2,7,0,0,100,60,105,4,IT,1
7.79,1,0,5,2,37,67,46,3,CSE,1
6.25,2,6,7,0,39,25,57,2,ECE,1
6.77,6,0,8,2,37,65,161,7,CIVIL,1
6.68,4,3,0,0,99,41,199,7,IT,1
8.11,5,9,2,0,18,3,201,7,ECE,1
7.16,2,5,6,0,37,31,331,5,ECE,1
7.87,6,2,2,0,75,37,223,8,IT,1
7.03,4,1,4,3,65,79,54,5,CSE,1
7.95,6,5,2,2,16,16,296,4,MECH,1
5.98,3,2,3,3,68,11,216,3,IT,1
9.92,0,9,0,2,13,36,18,6,CSE,1
8.47,4,7,4,1,27,51,383,3,CSE,1
8.73,5,8,8,3,22,25,150,5,MECH,1
8.63,1,2,0,1,16,73,192,5,CSE,1
7.04,3,10,0,1,4,92,355,7,CSE,1
7.06,0,2,5,3,23,9,278,1,IT,1
6.31,3,7,2,2,49,83,97,5,CSE,1
7.96,1,0,2,2,21,47,37,5,MECH,1
7.36,6,3,0,3,11,93,0,7,CSE,1
8.39,5,5,2,3,85,58,197,2,IT,1
6.63,2,7,6,3,66,2,335,6,IT,1
6.49,2,6,3,1,0,26,112,5,IT,0
6.85,0,7,2,2,99,55,99,1,CIVIL,1
9.02,0,10,0,0,8,24,369,2,CSE,1
8.46,3,5,6,2,6,93,403,6,CSE,1
7.23,0,3,6,0,21,34,289,5,MECH,1
8.91,2,8,7,2,49,27,285,3,ECE,1
6.31,1,1,1,2,31,75,190,2,CSE,1
9.52,0,0,5,2,65,24,429,5,MECH,1
8.97,2,5,1,3,7,28,269,5,IT,1
7.0,4,5,5,2,16,4,310,8,CSE,1
7.68,4,5,8,0,9,70,45,1,IT,1
8.25,6,8,4,1,45,58,293,4,CIVIL,1
7.43,1,6,7,3,66,23,52,8,ECE,1
6.24,0,0,3,1,97,91,126,8,IT,1
6.05,0,7,4,0,7,8,86,5,IT,1
6.93,4,7,4,2,27,10,86,7,CIVIL,1
8.68,0,1,3,0,73,53,496,3,MECH,1
8.08,4,8,7,2,40,50,422,4,IT,1
7.05,4,3,3,3,82,59,73,3,CSE,1
6.78,1,3,7,2,36,58,377,3,ECE,1
9.24,1,7,8,1,66,23,493,8,CSE,1
6.38,1,10,2,3,90,60,196,3,IT,1
8.82,4,6,7,0,18,29,440,3,IT,1
6.93,5,10,8,1,99,96,431,3,IT,1
9.95,1,10,1,0,16,87,290,3,ECE,1
8.57,1,10,7,0,14,5,291,7,ECE,1
5.65,5,6,5,0,68,45,40,6,ECE,1
9.92,6,1,2,3,3,93,188,3,MECH,1
8.53,4,4,6,2,66,7,13,8,ECE,1
9.35,6,9,1,3,14,77,373,4,ECE,1
9.62,0,0,5,3,45,5,164,7,CIVIL,1
6.39,6,6,4,2,73,67,41,6,IT,1
7.39,1,9,7,0,31,23,151,8,ECE,1
7.06,3,10,0,1,99,81,190,3,IT,1
8.56,3,4,4,0,3,37,460,4,CSE,1
5.61,5,0,4,2,98,83,247,1,MECH,1
9.1,4,0,5,1,44,46,294,5,IT,1
5.93,2,1,4,2,85,52,218,5,IT,1
6.65,4,4,0,2,53,42,286,8,ECE,1
9.41,3,8,5,1,96,85,18,7,CSE,1
8.38,6,7,8,2,78,24,404,3,IT,1
6.98,5,9,7,0,50,90,450,4,CSE,1
9.06,2,0,8,2,63,45,446,2,MECH,1
5.79,1,1,6,3,88,57,295,4,CIVIL,1
7.32,3,8,5,1,99,100,36,4,ECE,1
7.06,3,10,2,2,77,89,467,8,CSE,1
9.5,2,4,8,2,79,16,258,8,CIVIL,1
9.39,6,1,3,2,69,20,386,8,CIVIL,1
8.09,2,8,4,3,20,30,472,3,ECE,1
7.3,2,1,5,0,2,83,459,3,IT,1
5.96,4,1,4,0,16,90,242,3,ECE,1
5.69,2,7,4,2,45,17,296,7,CIVIL,1
7.22,3,9,1,1,31,47,170,6,MECH,1
6.01,3,4,4,2,40,40,321,4,IT,1
7.22,3,9,5,0,81,100,412,5,IT,1
7.47,0,5,1,3,91,29,478,3,CSE,1
9.12,2,1,3,3,43,89,205,1,IT,1
6.45,4,3,1,0,74,92,245,8,CSE,1
9.86,6,1,7,3,62,41,236,7,CSE,1
6.86,5,3,6,3,50,62,34,1,CIVIL,1
6.04,3,2,3,3,88,59,358,2,ECE,1
9.97,1,2,4,2,63,42,108,2,MECH,1
5.99,2,2,7,2,31,96,338,2,IT,1
7.88,3,1,3,2,39,28,142,4,CIVIL,1
8.19,0,5,0,1,73,61,10,4,IT,1
8.67,1,8,5,1,74,56,466,5,IT,1
9.76,6,2,6,1,95,56,266,2,CIVIL,1
9.77,3,2,1,2,23,72,2,6,ECE,1
5.76,5,7,0,1,42,15,335,2,CIVIL,1
7.54,1,9,6,1,3,50,88,8,ECE,1
7.89,0,9,7,2,89,0,255,5,IT,1
7.78,5,2,5,1,5,78,326,5,IT,1
9.59,2,10,8,1,88,28,225,8,CSE,1
7.56,1,1,5,0,74,89,391,2,MECH,1
9.54,5,2,0,2,95,23,422,6,CIVIL,1
9.72,5,1,3,3,8,62,447,6,CIVIL,1
6.38,2,5,2,3,17,56,490,8,CSE,1
8.53,0,7,1,1,21,33,210,4,IT,1
7.85,1,9,0,0,24,88,128,6,ECE,1
7.63,6,10,1,2,88,91,183,1,MECH,1
8.14,1,7,6,1,72,50,287,7,IT,1
7.26,6,5,3,0,2,80,295,1,CIVIL,1
9.88,5,2,6,3,58,64,342,3,IT,1
5.64,0,9,7,2,35,71,11,4,CIVIL,1
7.88,0,4,2,1,52,5,272,5,CIVIL,1
9.94,1,2,7,3,10,17,243,7,CIVIL,1
7.86,3,5,7,3,57,13,375,1,MECH,1
7.22,0,9,0,2,19,33,497,7,ECE,1
8.21,0,8,6,3,95,68,212,1,CSE,1
9.36,4,4,6,3,5,82,253,1,ECE,1
9.53,2,5,7,1,21,66,263,7,CSE,1
8.43,0,2,7,3,9,79,231,2,ECE,1
6.3,6,2,3,1,80,0,197,7,CSE,1
7.88,6,7,2,2,96,39,241,7,CSE,1
7.67,6,8,7,0,10,73,56,3,MECH,1
9.97,5,8,4,2,30,15,262,3,IT,1
5.85,0,7,1,2,97,27,437,6,ECE,1
6.72,6,10,1,0,26,0,459,6,ECE,1
7.23,4,6,3,2,44,15,126,1,CSE,1
7.65,4,6,3,2,78,38,50,4,ECE,1
7.6,3,7,7,3,82,18,373,6,IT,1
6.09,0,5,1,3,59,15,80,7,ECE,1
5.65,0,6,1,2,57,55,271,3,MECH,1
5.71,3,10,4,1,25,95,64,6,CSE,1
8.86,4,1,4,0,4,92,388,6,CIVIL,1
8.27,4,5,8,2,79,20,96,2,MECH,1
8.66,0,10,0,3,77,12,308,3,MECH,1
6.59,5,6,4,0,67,100,472,7,CIVIL,1
8.96,1,5,2,0,58,68,54,4,MECH,1
8.35,2,0,4,1,65,74,427,7,IT,1
9.62,3,4,5,1,97,29,72,6,MECH,1
6.6,2,2,1,0,40,67,396,2,IT,1
9.98,1,2,1,1,29,57,247,6,CIVIL,1
6.99,5,2,3,0,100,4,147,5,ECE,1
5.98,4,1,4,0,63,55,12,4,CIVIL,1
8.95,5,10,1,3,61,29,14,1,IT,1
5.54,1,0,4,2,87,92,325,8,CIVIL,1
6.59,3,3,0,3,34,18,283,5,CIVIL,1
5.57,5,6,7,1,88,30,345,3,CSE,1
8.36,5,7,4,0,100,5,424,5,CSE,1
9.36,1,10,5,0,10,19,197,7,IT,1
5.76,5,3,8,1,55,57,359,6,IT,1
7.38,3,3,2,1,21,12,283,6,ECE,1
9.3,5,7,7,1,54,100,318,5,CSE,1
9.39,6,9,2,0,6,10,236,8,CSE,1
8.96,3,1,6,1,35,88,181,5,CSE,1
6.74,0,1,0,3,12,98,280,2,CIVIL,1
9.73,1,5,7,1,79,95,360,2,IT,1
6.14,0,1,0,1,18,50,221,5,ECE,1
6.36,0,8,7,2,81,41,418,6,CIVIL,1
6.12,2,7,8,0,48,65,162,7,CIVIL,1
9.57,6,6,7,3,22,17,235,6,MECH,1
6.38,0,4,8,3,90,52,240,6,CSE,1
6.87,3,5,1,1,53,31,488,8,CIVIL,1
8.5,3,2,2,0,32,98,9,3,ECE,1
8.17,6,4,7,2,87,76,423,1,CIVIL,1
6.39,6,1,1,3,68,33,370,1,ECE,1
6.84,1,7,3,2,54,25,48,5,IT,1
6.43,0,2,5,0,5,39,235,3,CSE,1
9.05,3,4,3,1,12,68,117,1,IT,1
7.97,4,8,7,3,39,35,121,2,CSE,1
6.75,1,1,5,2,50,57,145,4,CSE,1
6.76,2,2,2,2,92,12,50,7,ECE,1
5.55,1,9,6,0,12,93,100,8,ECE,1
8.65,6,10,1,3,45,69,291,8,CSE,1
9.73,4,9,3,1,66,97,356,2,ECE,1
5.82,1,2,6,3,83,89,75,4,CIVIL,1
5.73,0,6,2,3,48,61,10,4,ECE,1
7.14,0,8,3,0,84,34,243,8,CIVIL,1
8.94,4,2,4,3,37,52,283,5,ECE,1
6.09,5,8,5,0,21,5,241,4,IT,1
5.69,5,2,2,2,25,0,324,6,CSE,1
8.92,4,4,2,1,85,11,462,7,IT,1
8.17,5,8,1,3,76,63,210,8,ECE,1
7.41,4,6,7,2,55,88,331,8,MECH,1
6.73,3,10,7,2,41,98,296,5,IT,1
9.34,3,3,2,3,71,58,302,6,MECH,1
7.99,0,4,7,3,4,44,39,2,CIVIL,1
6.0,2,9,3,0,45,57,71,7,MECH,1
5.62,2,7,4,2,67,5,149,6,ECE,1
6.04,1,9,2,2,19,86,292,2,IT,1
8.88,1,4,4,1,58,35,64,6,IT,1
6.52,3,1,1,0,23,51,236,5,CIVIL,1
7.89,6,5,0,3,30,15,103,6,ECE,1
9.04,4,2,5,1,92,20,319,4,IT,1
7.79,0,6,7,0,43,3,294,5,IT,1
8.3,1,4,0,3,83,60,255,3,ECE,1
8.73,6,1,0,2,11,62,243,4,IT,1
7.3,6,10,0,3,2,14,21,4,MECH,1
8.36,5,2,3,1,31,62,9,4,MECH,1
7.97,2,10,8,3,70,96,373,4,IT,1
9.75,5,0,3,3,9,32,392,6,CIVIL,1
9.31,2,6,7,1,80,91,168,5,MECH,1
7.24,4,9,7,3,70,9,197,4,CSE,1
8.92,0,0,4,2,68,53,416,6,CSE,1
7.15,1,10,5,1,62,78,290,4,CIVIL,1
9.02,6,8,6,3,0,65,257,6,IT,1
8.35,4,8,1,2,48,3,394,2,CSE,1
7.11,4,0,7,3,43,60,324,2,ECE,1
7.37,2,2,1,1,30,4,460,3,IT,1
8.4,3,3,5,3,98,15,43,2,CSE,1
6.19,5,0,7,1,73,7,427,5,MECH,1
6.48,0,6,3,3,99,45,414,7,IT,1
8.51,0,8,5,1,93,51,353,7,CSE,1
6.87,6,5,2,3,56,12,43,3,MECH,1
8.48,0,5,5,0,28,67,441,2,CSE,1
7.19,0,1,5,3,34,13,73,1,CIVIL,1
8.75,0,5,2,0,90,52,158,3,IT,1
6.09,1,5,0,0,90,44,75,4,MECH,1
5.61,0,9,2,1,34,100,377,8,ECE,1
9.48,5,10,3,2,47,48,252,1,CSE,1
9.17,4,2,0,3,2,14,386,7,CIVIL,1
9.6,3,7,8,2,92,9,13,4,CIVIL,1
8.3,5,4,3,2,82,4,280,3,ECE,1
9.67,5,5,0,3,14,25,14,6,IT,1
8.65,5,2,8,3,72,13,70,3,MECH,1
9.71,6,8,5,3,8,76,389,6,IT,1
7.27,4,5,8,0,8,87,120,6,IT,1
9.75,0,2,0,2,43,93,53,3,MECH,1
8.66,3,3,5,1,66,96,482,3,ECE,1
6.82,1,2,7,3,50,15,198,8,IT,1
7.46,1,1,5,3,73,58,328,4,MECH,1
5.65,1,2,6,1,51,50,278,3,MECH,1
9.2,2,3,3,2,32,3,179,3,ECE,1
7.27,6,5,7,1,93,89,206,1,IT,1
6.01,0,3,5,2,17,7,481,5,MECH,1
6.59,6,9,0,0,69,58,230,8,ECE,1
8.67,4,0,4,0,75,41,250,5,ECE,1
9.63,6,3,5,2,71,4,84,8,MECH,1
7.83,2,5,1,2,93,83,396,8,ECE,1
7.63,6,1,8,0,23,15,176,4,CIVIL,1
5.66,3,10,8,3,63,22,176,6,CIVIL,1
9.83,0,9,1,0,21,68,373,2,CIVIL,1
7.23,0,4,2,1,97,95,444,3,ECE,1
9.89,1,2,8,0,40,9,306,8,CIVIL,1
9.23,4,9,4,3,48,30,53,4,ECE,1
9.19,0,4,8,1,73,43,375,6,IT,1
8.18,5,9,8,1,78,52,302,4,CSE,1
7.24,0,6,4,1,93,32,47,2,CSE,1
6.89,4,1,7,0,61,31,215,8,CSE,1
8.04,5,9,3,3,36,51,104,4,CIVIL,1
8.25,0,10,1,2,95,68,433,4,ECE,1
6.97,4,6,3,0,6,52,234,1,IT,1
9.85,3,0,6,0,15,98,408,1,ECE,1
7.17,1,1,5,0,33,65,438,3,CSE,1
9.89,1,4,6,0,93,30,190,3,IT,1
6.73,1,1,8,3,21,0,455,6,IT,1
8.75,0,7,4,2,85,64,337,7,MECH,1
6.46,0,4,5,3,26,18,295,2,CIVIL,1
9.08,5,10,3,2,67,82,199,4,CIVIL,1
7.65,3,5,4,2,7,12,33,6,MECH,1
9.45,6,9,4,2,86,67,94,7,ECE,1
5.54,3,4,7,0,45,2,86,1,ECE,1
6.26,3,9,6,0,18,0,276,8,MECH,0
7.35,4,6,2,1,96,88,405,5,ECE,1
9.2,3,3,1,3,41,48,146,1,CIVIL,1
6.24,0,1,8,1,40,68,155,3,CSE,1
9.01,5,8,6,3,78,37,451,1,CSE,1
9.49,0,6,0,1,85,47,399,2,ECE,0
9.1,1,3,6,0,99,96,291,5,CIVIL,1
7.74,4,5,8,0,77,44,144,5,IT,1
6.64,3,0,1,3,100,77,440,8,MECH,1
9.98,0,7,6,1,92,47,190,5,MECH,1
5.62,1,5,8,0,35,72,140,7,CSE,1
7.1,4,8,5,3,15,29,263,6,CIVIL,1
9.68,6,4,7,3,86,13,167,4,IT,1
6.08,4,0,3,2,47,18,355,3,CSE,1
9.04,1,8,3,2,0,45,286,3,IT,1
7.04,2,6,3,0,52,75,128,8,CIVIL,1
8.44,4,0,1,1,40,9,291,5,CIVIL,1
7.3,4,1,3,1,33,51,495,2,CSE,1
8.2,4,0,1,1,64,47,414,4,MECH,1
9.28,4,8,3,0,85,10,146,4,ECE,1
9.85,1,4,8,3,17,75,359,8,IT,1
7.91,2,2,3,1,33,6,167,4,ECE,1
8.84,1,6,7,0,97,89,374,8,IT,1
8.68,2,2,2,3,10,90,270,7,ECE,1
5.62,6,10,1,0,95,64,71,3,CIVIL,0
9.36,1,5,3,1,38,61,366,7,CIVIL,1
6.13,2,3,4,3,22,61,194,3,ECE,1
9.84,6,6,4,3,70,51,436,3,MECH,1
8.66,1,1,1,1,77,46,351,3,CIVIL,1
9.51,5,5,5,0,73,89,436,6,ECE,1
8.5,6,8,8,2,44,39,51,1,MECH,1
7.4,4,4,1,3,89,37,73,8,MECH,1
8.07,0,0,4,0,6,18,189,7,CSE,1
8.86,1,0,6,0,40,28,81,8,CIVIL,1
9.25,3,10,5,1,46,7,58,8,ECE,1
7.2,2,7,8,0,57,6,478,2,CIVIL,1
8.28,1,10,4,0,91,78,285,8,ECE,1
7.29,1,9,1,1,84,68,67,6,MECH,1
6.39,4,0,7,2,8,26,154,3,CSE,1
8.49,5,1,7,2,61,65,86,5,MECH,1
7.66,5,10,1,1,35,1,22,5,MECH,1
9.57,0,5,7,2,58,34,6,7,ECE,1
6.68,1,2,8,3,17,6,348,4,CIVIL,1
5.94,0,1,1,0,4,42,0,4,ECE,1
7.74,2,10,5,0,82,19,181,3,ECE,1
6.87,1,10,0,3,16,51,433,3,IT,1
8.59,2,2,5,3,13,74,101,8,CSE,1
6.77,3,9,4,2,65,54,367,1,ECE,1
7.79,4,10,8,2,97,18,3,3,IT,1
9.84,4,8,1,3,97,35,447,8,CSE,1
6.71,5,9,7,3,80,64,398,3,CIVIL,1
7.93,5,6,2,3,8,11,26,3,CIVIL,1
6.71,6,9,7,2,56,40,255,2,CSE,1
7.97,6,9,4,2,28,38,37,3,MECH,1
7.62,0,6,4,1,37,43,197,7,MECH,1
5.54,4,2,6,1,21,36,435,2,ECE,1
6.7,6,8,0,1,18,44,262,5,CSE,1
9.91,5,7,3,3,54,57,118,1,CIVIL,1
9.1,0,8,4,3,48,60,134,7,IT,1
7.79,4,5,3,1,13,37,385,8,CIVIL,1
8.47,3,8,3,0,68,84,47,1,MECH,1
6.4,2,6,8,0,96,93,103,3,ECE,1
5.63,4,5,3,2,9,13,268,5,CSE,1
5.63,5,10,1,3,2,36,292,4,MECH,1
9.88,5,2,2,2,81,8,492,6,CSE,1
9.07,2,7,2,3,17,80,138,5,CIVIL,1
6.12,6,10,8,2,71,61,234,3,MECH,1
6.34,2,1,1,2,8,7,481,1,IT,1
9.11,6,7,2,3,56,37,161,5,CSE,1
9.9,0,8,1,1,37,83,314,4,IT,1
9.93,4,0,2,3,58,10,107,6,MECH,1
5.98,4,4,7,3,30,81,329,1,CSE,1
9.83,4,8,8,1,13,91,324,2,CIVIL,1
5.75,3,8,2,2,64,85,78,7,CSE,1
6.36,4,7,6,0,1,45,437,2,IT,1
9.86,2,7,0,0,91,25,216,3,CSE,1
8.54,4,10,1,0,80,87,282,7,MECH,1
8.34,1,6,2,2,65,61,131,3,IT,1
8.56,1,9,5,3,75,22,487,6,IT,1
8.88,2,3,6,0,23,59,61,6,CIVIL,1
6.35,1,10,7,2,46,21,399,6,MECH,1
8.85,0,1,7,2,97,54,434,6,CIVIL,1
8.45,1,8,8,0,26,23,303,6,ECE,1
6.65,2,8,0,1,35,80,398,8,CIVIL,1
8.87,6,7,7,2,63,52,287,7,CSE,1
7.59,1,6,0,2,73,80,225,4,MECH,1
9.23,1,10,0,2,73,91,63,5,CSE,1
7.36,0,2,7,2,3,24,210,6,CIVIL,1
6.18,5,9,7,0,50,22,318,1,CIVIL,1
8.09,0,8,4,3,38,51,63,2,CSE,1
6.15,6,5,0,2,20,63,412,2,IT,1
8.39,1,5,0,3,65,46,277,5,CSE,1
9.86,3,1,7,2,15,75,136,1,CSE,1
6.24,3,10,7,3,70,67,7,5,IT,1
7.47,2,7,1,0,96,6,376,5,ECE,1
9.04,1,4,2,1,69,0,254,7,MECH,1
9.86,6,0,4,0,99,3,273,6,CSE,1
8.39,3,4,7,0,68,15,321,1,ECE,1
7.65,6,9,3,2,26,28,338,1,CIVIL,1
8.97,1,5,2,2,59,29,379,7,IT,1
6.3,4,7,5,2,32,95,402,2,IT,1
7.66,3,5,1,0,65,3,242,3,CIVIL,1
9.69,1,2,6,1,3,15,405,3,CIVIL,1
8.46,1,5,3,0,85,88,459,1,CSE,1
8.35,1,7,2,1,97,80,77,7,CIVIL,1
7.2,4,10,6,1,69,27,285,8,CSE,1
7.36,2,2,6,1,93,29,161,7,CIVIL,1
7.95,0,1,8,3,13,94,452,7,CIVIL,1
6.96,1,3,2,3,35,93,440,8,CIVIL,1
7.29,5,8,6,0,82,81,424,4,MECH,1
9.87,4,8,5,2,73,73,400,4,MECH,1
7.4,4,5,2,0,7,68,347,7,MECH,1
6.69,1,3,2,0,74,63,67,5,CSE,1
8.9,0,0,7,3,8,46,334,2,ECE,1
6.8,4,4,6,1,25,5,46,8,ECE,1
7.47,3,2,8,2,54,1,482,2,MECH,1
9.55,3,2,3,0,60,96,311,6,IT,1
7.47,3,3,6,0,46,35,347,1,IT,1
7.26,0,8,7,1,24,48,298,5,ECE,1
7.47,3,1,8,0,13,69,207,1,ECE,1
6.3,6,9,2,0,47,24,24,8,CIVIL,1
6.48,4,7,7,3,8,59,240,1,IT,1
7.38,1,6,8,2,23,56,199,5,ECE,1
8.63,3,6,3,0,97,30,74,5,MECH,1
7.61,2,2,6,1,36,35,494,8,IT,1
6.95,2,9,0,3,40,71,41,5,CSE,1
5.77,4,4,4,1,93,7,41,7,MECH,1
6.04,6,1,8,0,63,36,299,6,ECE,1
9.99,2,9,5,3,61,58,257,3,CSE,1
6.96,1,3,8,2,43,8,411,4,CIVIL,1
6.53,3,5,5,1,64,36,132,5,IT,1
9.74,4,4,7,2,75,85,259,6,MECH,1
5.52,0,1,3,3,72,43,498,2,ECE,1
7.73,1,0,6,3,55,93,34,4,CSE,1
7.48,3,5,4,0,90,89,121,6,CSE,1
7.0,6,7,8,1,24,19,40,5,IT,1
9.02,1,8,8,0,32,43,289,7,CSE,1
9.61,4,4,0,2,37,26,149,8,ECE,1
9.83,0,7,0,3,74,61,57,3,MECH,1
9.52,3,8,4,3,20,84,378,6,IT,1
9.86,1,2,4,3,99,29,112,8,MECH,1
7.06,0,10,7,1,0,72,45,5,CSE,1
6.33,4,4,1,2,69,9,82,3,CIVIL,1
8.31,0,3,4,0,41,81,55,6,IT,1
8.06,2,3,8,3,49,41,349,5,MECH,1
7.23,3,1,6,2,9,54,323,3,MECH,1
9.98,3,5,1,2,41,11,433,3,IT,1
6.67,5,9,5,3,42,50,275,4,MECH,1
8.48,6,3,8,2,5,61,24,3,CIVIL,1
8.54,6,1,2,1,84,45,67,1,CSE,1
7.96,2,5,6,0,79,95,376,3,CSE,1
8.75,3,1,7,1,66,16,184,6,ECE,1
7.84,4,4,0,0,59,68,270,5,IT,1
6.35,2,9,6,2,91,40,63,8,CIVIL,1
7.75,5,6,5,3,60,14,148,2,CSE,1
6.79,1,6,4,0,13,59,3,2,CSE,1
7.21,1,2,6,0,10,43,60,5,IT,1
6.95,3,5,8,1,26,65,479,7,CIVIL,1
6.46,0,6,8,2,31,7,493,5,ECE,1
7.38,4,6,3,2,69,38,66,1,IT,1
6.91,5,1,4,2,2,25,222,4,MECH,1
8.88,2,9,3,3,16,88,174,3,CIVIL,1
8.27,0,9,8,3,16,84,7,4,ECE,1
8.32,6,3,0,1,0,86,166,6,IT,1
7.02,4,9,5,1,15,73,85,5,CSE,1
9.02,6,10,8,2,69,49,433,6,CIVIL,1
9.94,4,6,1,0,93,53,362,2,ECE,0
6.54,1,3,7,3,20,39,469,6,CIVIL,1
6.92,4,7,0,3,2,64,398,1,IT,1
9.31,0,0,5,2,0,91,367,5,ECE,1
9.99,1,6,8,1,42,8,118,7,IT,1
8.63,3,4,2,1,50,48,395,5,MECH,1
6.34,3,3,0,2,72,80,351,4,IT,1
7.62,3,0,5,3,53,8,443,8,IT,1
5.76,4,7,0,3,86,7,288,5,CSE,1
7.59,0,8,2,2,11,45,214,2,MECH,1
8.14,5,10,7,2,45,71,442,8,IT,1
6.46,2,7,2,3,66,34,166,5,CIVIL,1
5.55,2,3,7,1,46,1,216,3,IT,1
9.06,0,10,3,0,99,96,13,3,ECE,1
7.85,6,9,4,3,52,54,73,6,CSE,1
5.98,5,1,2,0,7,93,412,2,MECH,1
9.02,3,2,0,2,71,21,275,6,CSE,1
7.34,6,6,8,2,40,11,136,2,CIVIL,1
8.03,4,10,1,0,16,59,295,6,IT,1
8.91,1,0,2,1,71,37,332,4,ECE,1
8.48,5,2,5,2,2,32,223,2,CSE,1
8.38,4,4,5,2,41,3,329,4,ECE,1
8.78,4,2,8,2,39,22,397,7,IT,1
8.54,2,8,3,0,56,63,432,4,CIVIL,1
7.82,5,1,5,1,80,34,302,7,IT,1
8.04,5,3,8,1,78,3,334,5,IT,1
6.1,0,2,5,3,46,12,191,5,IT,1
7.59,6,0,6,0,70,51,141,5,MECH,1
5.84,1,1,1,0,27,11,347,3,MECH,1
7.81,0,1,0,1,14,44,61,4,IT,1
8.95,1,4,5,0,46,17,315,1,MECH,1
7.89,6,10,5,3,66,97,443,4,CIVIL,1
6.7,3,4,8,1,88,95,264,8,CIVIL,1
7.14,4,10,1,2,58,73,432,3,CSE,1
6.67,1,3,6,2,67,10,73,6,CIVIL,1
9.51,0,0,2,3,19,18,459,2,CSE,1
8.19,4,9,1,1,10,84,215,2,CIVIL,1
7.5,1,8,0,3,56,37,302,7,CIVIL,1
7.24,4,5,0,0,14,56,159,1,MECH,1
9.94,3,2,8,1,4,72,27,5,CIVIL,1
9.89,5,8,1,2,79,93,332,4,CSE,1
5.74,3,9,8,1,62,68,119,3,MECH,1
9.47,3,7,6,1,61,81,225,4,MECH,1
8.18,5,5,1,0,55,2,411,2,MECH,1
9.88,1,6,0,2,44,9,205,4,ECE,1
8.89,6,7,7,1,90,50,452,2,ECE,1
9.11,6,6,5,1,27,33,76,3,CSE,1
9.72,0,7,1,1,0,21,87,3,ECE,1
8.85,1,9,1,3,18,69,457,4,CIVIL,1
9.7,1,5,0,2,36,62,396,1,CSE,1
6.53,4,0,4,3,78,81,391,4,MECH,1
6.24,3,2,1,3,70,22,87,5,MECH,1
6.39,2,0,5,1,76,65,245,2,ECE,1
7.7,5,2,8,2,58,67,386,3,ECE,1
6.6,3,0,3,1,40,48,280,5,CSE,1
7.06,6,7,5,1,25,93,214,1,IT,1
9.12,2,3,0,2,8,10,374,3,ECE,1
9.3,6,0,7,2,31,96,45,7,CIVIL,1
7.1,4,2,4,1,80,6,127,6,CIVIL,1
7.19,6,7,0,1,56,4,306,3,CIVIL,1
9.01,0,3,2,1,80,26,164,4,CIVIL,1
9.53,5,6,5,0,98,11,224,6,ECE,1
8.37,6,5,1,3,99,63,391,6,ECE,1
6.81,5,6,4,1,11,100,135,3,CIVIL,1
7.27,3,7,5,2,78,96,50,4,CIVIL,1
8.24,3,6,1,0,5,25,464,3,ECE,1
5.72,3,0,0,1,62,84,32,5,CIVIL,1
7.12,6,0,4,0,67,98,483,8,IT,1
6.51,6,3,1,3,49,42,32,6,CIVIL,1
6.18,6,6,3,3,85,19,390,1,IT,1
9.6,4,3,6,3,35,20,413,6,MECH,1
7.52,3,0,5,3,99,81,393,2,MECH,1
8.52,5,2,4,3,3,95,245,5,IT,1
8.23,4,6,6,3,38,62,448,8,IT,1
6.24,5,2,5,0,6,10,478,4,CSE,1
5.77,1,2,4,2,93,50,74,3,ECE,1
6.54,0,6,6,2,78,23,139,2,IT,1
7.73,5,10,6,3,24,69,177,2,ECE,1
5.88,3,3,8,0,89,58,176,2,ECE,1
8.34,2,3,1,2,10,97,456,1,MECH,1
9.15,5,7,5,1,55,72,170,4,CIVIL,1
8.9,3,1,1,0,59,80,354,3,ECE,1
6.67,0,10,1,2,100,14,440,7,IT,1
9.5,1,4,7,1,82,54,125,2,ECE,1
7.39,3,1,7,3,86,10,219,6,CSE,1
6.81,3,10,4,0,16,8,156,7,CSE,1
5.53,1,8,0,3,93,76,302,8,ECE,1
7.02,5,3,5,3,11,24,365,5,CIVIL,1
8.05,1,4,6,1,33,30,31,7,MECH,0
6.43,0,0,0,3,53,78,104,7,CSE,1
9.71,4,4,3,1,47,31,196,5,ECE,1
6.38,5,4,1,2,31,83,320,5,MECH,1
7.31,3,3,0,2,40,75,128,1,ECE,1
5.89,6,7,5,2,3,34,35,6,CIVIL,1
9.39,1,10,6,2,16,36,238,4,CSE,1
9.35,2,9,8,2,1,5,354,5,CSE,1
6.35,6,0,2,2,60,35,114,4,ECE,1
7.6,5,3,8,3,43,0,65,4,CIVIL,1
5.92,4,5,5,3,100,8,384,2,CIVIL,1
6.17,3,7,1,2,87,47,185,3,IT,1
5.55,3,0,4,2,91,59,237,3,MECH,1
9.3,6,5,5,3,9,4,257,5,CSE,1
6.24,6,9,4,2,38,14,313,2,CIVIL,1
9.33,2,10,7,3,50,54,125,2,CSE,1
9.91,5,2,3,1,15,98,157,8,ECE,1
6.96,5,10,3,0,50,60,411,5,CSE,1
6.25,6,9,0,2,4,15,124,3,CIVIL,1
9.36,3,2,3,1,99,0,442,7,IT,1
8.49,2,2,8,2,25,93,221,4,CIVIL,1
7.52,6,0,1,2,71,45,218,2,IT,1
8.69,4,2,3,0,9,80,97,2,CIVIL,1
7.67,2,2,4,0,15,97,377,6,CIVIL,1
7.7,4,3,6,2,27,69,487,7,ECE,1
7.82,6,1,7,1,61,85,190,3,CIVIL,1
9.9,1,7,6,0,59,77,45,8,CIVIL,1
7.03,6,7,7,1,62,43,111,7,CIVIL,1
7.75,3,8,0,1,33,68,30,1,ECE,1
5.92,0,2,2,3,82,97,353,2,CIVIL,1
8.53,6,5,0,1,24,84,154,1,CIVIL,1
7.35,3,6,6,1,32,7,134,6,ECE,1
9.49,2,1,6,2,76,55,488,5,CSE,1
5.75,0,3,3,3,91,8,350,1,IT,1
7.93,4,4,1,2,89,69,310,4,CSE,1
7.36,5,3,6,0,34,27,308,3,IT,1
9.3,3,9,2,2,57,91,471,1,ECE,1
7.16,6,2,1,1,97,75,292,4,CSE,1
5.8,6,8,0,1,82,21,53,5,CIVIL,1
7.72,0,9,8,0,16,72,67,7,CIVIL,1
6.23,0,0,1,1,29,36,137,4,IT,0
8.44,1,6,7,2,94,4,275,4,CIVIL,1
8.51,0,7,6,0,70,79,286,3,CSE,1
5.99,4,8,6,3,2,44,241,5,ECE,1
8.31,5,5,0,3,98,69,426,4,CSE,1
9.3,3,1,6,0,10,7,485,8,ECE,1
8.48,6,0,4,3,43,56,335,1,CSE,1
6.64,3,5,3,0,52,77,30,5,ECE,1
8.02,5,3,2,3,79,98,240,2,CSE,1
6.19,4,1,4,1,95,98,180,3,MECH,1
6.54,0,6,4,3,27,53,18,3,MECH,1
8.75,4,8,1,3,85,19,489,5,ECE,1
6.51,5,0,6,0,49,69,40,2,CSE,1
5.82,4,9,4,2,71,72,396,1,ECE,1
6.53,0,3,8,1,86,46,442,1,ECE,1
6.6,6,8,8,0,84,77,336,1,MECH,1
6.04,4,6,5,3,8,48,392,5,CIVIL,1
7.11,6,5,6,2,13,93,6,7,MECH,1
6.27,0,2,5,0,36,53,342,6,MECH,1
5.82,1,10,7,1,53,67,206,4,CSE,1
9.71,4,2,0,2,3,61,72,4,CIVIL,1
9.45,4,9,7,1,13,70,485,2,IT,1
9.22,3,4,1,2,75,96,243,2,CIVIL,1
6.67,5,1,0,1,60,84,64,5,MECH,1
9.18,1,2,7,1,76,73,209,3,CIVIL,1
5.98,0,3,2,3,60,23,146,4,ECE,1
8.76,0,8,2,1,43,19,308,2,IT,1
6.15,2,3,4,2,5,52,263,4,CIVIL,1
7.45,6,10,8,3,28,84,322,3,CIVIL,1
7.94,4,4,6,1,43,1,360,6,ECE,1
8.35,4,1,3,1,85,40,450,7,MECH,1
7.99,4,5,5,2,43,2,177,2,CIVIL,1
5.86,6,1,6,2,57,49,163,7,ECE,1
8.38,4,6,3,3,71,86,299,1,IT,1
5.52,3,0,2,3,4,11,112,6,CIVIL,1
6.5,5,9,6,0,14,97,103,1,CSE,1
7.91,4,6,3,3,13,85,190,4,ECE,1
8.08,3,7,0,0,35,72,158,8,CSE,1
7.53,0,0,5,2,10,51,440,2,CSE,1
5.62,4,4,7,2,15,71,271,3,CIVIL,1
8.48,3,3,6,1,34,66,212,3,CIVIL,1
8.68,0,9,6,3,39,38,267,5,CSE,1
9.05,6,2,2,2,93,22,157,4,CSE,1
9.25,0,5,0,0,8,10,496,3,ECE,1
6.55,2,7,0,2,100,10,228,7,IT,1
9.72,1,1,5,1,77,96,77,6,CSE,1
8.89,2,7,7,2,73,41,269,6,IT,1
6.4,0,10,0,3,12,63,146,6,MECH,1
9.67,5,7,1,3,77,81,392,5,ECE,1
5.97,2,9,6,1,69,71,251,2,CSE,1
6.34,0,4,3,0,40,7,384,2,ECE,1
8.19,6,6,8,0,8,67,354,1,IT,1
9.15,1,8,5,0,79,68,75,3,IT,1
8.05,1,2,7,1,56,67,436,6,MECH,1
5.9,2,0,8,3,51,35,93,5,MECH,1
6.55,3,10,5,0,91,64,465,6,ECE,1
9.75,6,2,8,1,76,23,270,1,ECE,1
6.87,2,0,3,2,42,100,173,7,MECH,1
8.67,4,2,2,2,26,49,442,1,CIVIL,1
5.94,2,3,6,2,18,1,59,1,MECH,1
6.66,1,10,0,2,36,94,415,4,IT,1
7.3,4,0,1,3,36,35,45,1,CIVIL,1
9.27,2,0,2,1,16,85,94,5,IT,1
8.0,5,1,4,0,54,96,485,7,IT,1
8.95,5,6,1,2,2,57,171,6,IT,1
5.51,1,0,4,1,67,7,473,7,MECH,1
6.27,1,3,3,1,70,57,107,1,MECH,1
9.32,5,6,7,2,6,68,74,2,CIVIL,1
7.45,0,5,8,0,87,52,372,8,IT,1
5.63,2,5,0,1,14,81,46,2,IT,1
8.24,6,2,6,2,97,51,3,1,IT,1
8.16,3,7,2,3,1,47,338,8,CIVIL,1
7.77,1,2,1,3,66,89,431,3,MECH,1
9.34,1,9,8,0,9,35,400,5,CIVIL,1
7.98,4,5,5,1,21,24,186,4,IT,1
8.83,1,9,8,3,74,85,50,5,ECE,1
9.12,1,10,7,3,50,6,437,2,IT,1
6.77,2,9,3,2,41,72,292,7,CIVIL,1
5.63,3,9,0,0,23,93,370,5,MECH,1
8.91,2,0,4,0,36,18,321,5,CSE,1
6.97,0,6,2,2,58,49,78,5,ECE,1
9.52,2,7,6,2,77,55,407,4,MECH,1
7.43,5,3,3,2,34,31,481,5,CSE,1
8.9,6,0,1,2,12,80,327,2,MECH,1
8.43,4,7,0,0,52,54,66,6,CIVIL,1
8.8,1,8,3,1,79,3,372,5,CSE,1
6.88,6,0,3,1,5,39,321,1,MECH,1
6.61,0,8,1,2,4,60,384,1,CIVIL,1
7.19,1,8,4,2,8,41,309,3,CIVIL,1
9.5,5,2,5,2,7,8,218,1,CIVIL,1
6.99,6,8,6,0,50,7,21,3,IT,1
6.0,5,4,4,2,14,61,323,3,IT,1
9.17,4,3,0,0,71,13,429,2,ECE,1
6.22,1,3,8,3,40,94,68,1,CSE,1
5.77,6,2,8,0,46,9,441,2,IT,1
5.57,3,0,2,3,52,97,417,4,ECE,1
8.28,4,1,5,1,16,66,199,3,MECH,1
8.16,1,9,8,2,91,19,18,6,ECE,1
8.7,5,8,0,2,7,73,351,5,IT,1
5.95,5,0,4,2,47,82,276,4,ECE,1
5.61,2,8,1,2,10,71,297,3,IT,1
6.36,1,9,0,1,34,67,196,8,ECE,1
9.65,1,7,1,2,13,47,451,4,CSE,1
6.45,1,9,7,2,0,84,331,2,MECH,1
5.79,0,9,1,1,54,45,22,3,CIVIL,1
5.61,1,6,3,0,76,38,169,3,MECH,1
9.33,3,3,1,0,31,6,431,6,MECH,1
7.34,2,6,2,3,27,4,381,4,CSE,1
6.86,0,7,4,2,24,50,189,3,IT,1
6.71,3,0,7,2,10,30,458,8,CIVIL,1
6.13,3,10,8,1,48,47,207,4,CSE,1
6.81,6,4,0,3,22,43,193,7,MECH,1
6.19,0,2,6,0,94,50,494,2,CIVIL,1
7.63,2,5,4,1,29,9,414,2,IT,1
9.54,5,1,0,3,33,77,125,7,ECE,1
8.39,4,8,5,1,50,4,118,6,MECH,1
9.16,6,3,7,0,90,93,240,8,CSE,1
8.67,0,9,7,1,5,87,105,1,CIVIL,1
7.8,4,3,5,0,18,48,431,2,ECE,1
6.71,3,9,7,2,85,74,489,3,CSE,1
8.49,2,4,5,0,46,44,332,8,ECE,1
7.19,1,7,0,2,99,49,496,4,MECH,1
6.73,6,4,1,1,96,88,452,2,CIVIL,1
8.33,6,5,7,0,94,98,330,2,ECE,1
5.72,2,8,0,2,61,72,97,5,MECH,1
6.08,6,0,4,2,11,88,413,8,MECH,1
8.25,3,9,0,3,16,19,443,5,MECH,1
9.91,6,0,0,1,63,0,189,5,IT,1
6.85,4,9,4,2,80,42,177,5,ECE,1
7.08,0,8,2,0,27,20,397,4,CIVIL,1
6.35,5,3,1,2,3,83,20,4,MECH,1
6.5,6,10,7,0,73,1,273,5,ECE,1
9.16,1,8,8,2,67,77,74,6,ECE,1
9.64,6,7,2,2,68,71,368,8,ECE,1
6.59,2,2,8,1,99,30,301,7,ECE,1
6.27,2,1,7,2,25,18,348,2,CIVIL,1
5.97,1,8,1,2,84,22,147,5,CSE,1
8.99,4,4,8,0,90,59,389,2,MECH,1
6.61,1,3,2,1,69,21,42,2,IT,1
8.05,1,7,6,1,73,72,300,4,CSE,1
7.46,3,8,7,2,53,1,362,1,IT,1
8.07,1,7,2,2,93,48,256,8,CIVIL,1
5.97,6,4,6,0,79,16,308,2,CIVIL,1
7.62,0,1,6,3,14,48,172,2,CSE,1
9.71,1,8,8,2,93,56,187,6,MECH,1
8.62,3,1,7,2,55,9,34,5,IT,1
7.27,0,0,4,0,77,53,61,1,CSE,1
9.74,2,5,6,3,15,80,330,7,CIVIL,1
9.59,0,5,6,3,23,47,467,1,MECH,1
7.62,6,9,2,3,53,59,223,4,ECE,1
8.27,2,10,1,0,37,43,265,4,CIVIL,1
6.94,4,4,1,3,66,11,323,1,ECE,1
7.03,1,1,0,0,80,20,242,4,MECH,1
7.99,4,5,1,2,45,67,374,7,ECE,1
5.61,5,2,2,3,56,9,58,5,CIVIL,1
6.39,5,7,7,3,59,16,97,1,IT,1
5.89,5,8,3,1,1,90,453,2,IT,1
7.49,0,0,6,2,81,64,267,7,MECH,1
6.87,2,10,5,1,31,46,443,1,MECH,1
9.51,5,10,4,2,9,75,456,3,CSE,1
5.6,5,2,8,3,9,100,450,5,CIVIL,1
6.59,6,0,2,1,13,38,412,7,CIVIL,1
8.9,0,10,5,3,12,2,145,1,ECE,1
9.13,4,4,8,2,72,23,2,7,MECH,1
5.6,3,0,7,2,58,5,365,6,IT,1
6.22,6,6,6,3,73,68,359,4,MECH,1
9.2,4,10,3,0,1,76,225,6,CIVIL,1
7.12,5,0,2,1,3,97,275,6,CIVIL,1
8.42,0,1,2,2,43,1,258,8,MECH,0
9.3,2,7,1,0,3,54,73,4,ECE,1
9.89,2,3,4,3,11,1,401,3,CSE,1
8.96,4,3,8,3,3,97,333,7,CIVIL,1
8.24,2,0,3,3,79,69,193,3,IT,1
9.28,4,8,1,0,94,37,73,4,MECH,1
9.15,0,9,0,0,8,92,131,1,ECE,1
8.32,2,7,1,2,38,26,466,1,MECH,1
8.86,1,1,1,1,78,9,371,1,ECE,0
8.48,1,3,8,1,74,60,231,3,MECH,1
8.44,0,8,4,1,70,48,4,2,CIVIL,1
8.71,2,3,7,2,45,51,7,5,MECH,1
7.91,3,6,5,3,23,37,392,1,IT,1
9.71,4,9,3,0,85,28,91,8,CSE,1
6.95,2,2,5,3,84,29,407,6,MECH,1
6.27,2,5,0,1,26,73,69,5,IT,1
8.37,6,7,2,3,30,46,34,4,IT,1
8.63,4,9,1,2,54,87,204,5,MECH,1
7.78,3,5,0,2,1,98,170,3,CIVIL,1
9.11,6,10,0,2,89,72,412,1,CIVIL,1
9.63,3,9,2,3,30,22,386,3,IT,1
8.72,2,9,2,3,31,0,194,7,MECH,1
9.31,6,6,7,1,71,22,498,5,MECH,1
9.33,0,7,5,0,84,59,30,5,ECE,1
6.55,2,5,3,2,37,96,265,5,CSE,1
7.19,0,4,6,1,72,34,116,6,MECH,1
7.34,0,8,0,3,16,50,177,8,CSE,1
5.7,3,9,3,2,23,45,427,4,IT,1
8.81,5,6,8,0,60,28,5,4,MECH,1
8.26,1,0,5,1,4,28,22,7,CSE,1
6.28,3,7,0,2,15,63,240,6,IT,1
9.65,2,0,1,0,60,32,387,7,CSE,1
9.32,4,4,1,1,4,35,79,2,IT,0
7.82,0,4,7,1,91,24,53,7,IT,1
6.9,5,7,7,1,96,19,18,1,ECE,1
8.28,3,3,7,3,96,75,442,7,IT,1
7.92,5,5,0,2,8,82,239,4,MECH,1
6.85,3,1,3,1,23,9,420,4,MECH,1
6.28,5,8,7,2,72,94,418,5,ECE,1
7.57,5,0,6,0,21,100,354,2,MECH,1
5.71,2,10,1,2,7,17,259,4,MECH,1
6.73,4,10,7,3,18,17,15,6,MECH,1
9.14,4,7,5,2,30,91,499,6,CSE,1
8.7,0,0,7,1,38,54,429,4,MECH,1
6.86,5,8,4,1,58,93,270,6,ECE,1
8.36,5,7,7,2,29,63,123,7,ECE,1
9.44,5,6,3,3,34,9,102,5,IT,1
6.42,1,4,7,2,58,1,365,2,MECH,1
5.5,1,8,4,0,4,10,252,8,CSE,1
6.46,1,8,5,0,93,7,187,4,IT,1
8.94,3,7,5,3,46,6,376,2,MECH,1
6.59,3,4,5,0,89,53,187,7,ECE,1
8.83,1,5,3,1,61,70,161,5,CIVIL,1
6.58,2,3,0,3,31,71,277,3,IT,1
7.33,6,4,2,1,43,97,299,2,CSE,1
6.18,3,0,4,0,93,69,436,1,CSE,1
6.28,2,2,6,3,61,70,474,8,CIVIL,1
8.12,5,2,1,1,78,71,174,2,CSE,1
5.65,0,6,8,3,75,6,212,2,MECH,1
9.28,6,5,4,2,76,8,366,4,ECE,1
6.18,1,6,2,0,31,48,88,4,CSE,1
9.67,5,7,5,3,99,61,313,3,ECE,1
5.65,1,4,0,0,34,17,452,2,MECH,1
7.37,2,2,2,1,67,22,205,5,IT,1
6.67,5,4,5,2,52,45,222,5,IT,1
8.44,3,1,3,2,92,59,147,8,IT,1
8.35,4,9,0,0,91,34,341,5,CIVIL,1
8.16,1,2,8,2,52,5,122,1,ECE,1
8.27,1,5,7,3,56,25,2,4,CIVIL,1
7.07,0,7,0,1,51,27,44,5,IT,1
6.68,0,7,1,1,42,37,274,3,IT,1
8.93,1,0,5,3,96,68,258,4,CSE,1
7.03,2,2,3,0,3,46,395,7,MECH,1
8.42,0,4,4,0,82,25,493,3,CSE,1
6.8,1,3,6,3,60,70,334,6,MECH,1
9.12,3,6,6,1,23,1,421,8,IT,1
7.0,5,2,5,0,72,13,258,8,CSE,1
8.94,2,6,8,1,2,33,194,2,CSE,1
7.18,1,3,3,2,34,29,59,6,IT,1
7.53,3,6,3,3,24,36,87,1,ECE,1
7.63,5,6,6,1,79,82,27,7,IT,1
6.61,2,3,0,2,86,74,383,1,CIVIL,1
7.79,6,0,3,1,7,27,275,8,ECE,1
9.97,4,3,7,3,15,60,273,3,MECH,1
8.43,2,3,8,2,26,47,462,4,MECH,1
8.97,6,7,6,0,3,41,423,2,MECH,1
6.82,0,0,8,0,35,24,274,3,MECH,1
7.06,2,1,8,2,79,51,156,7,MECH,1
9.76,1,9,1,1,3,1,415,8,MECH,1
6.66,6,3,3,0,90,59,202,7,IT,1
9.93,1,9,0,3,18,93,336,3,CIVIL,1
9.84,4,7,2,3,98,27,162,8,ECE,1
5.87,2,10,5,2,75,66,361,8,CSE,1
7.24,6,0,2,1,20,23,431,7,MECH,1
8.2,5,1,2,0,82,75,91,3,MECH,1
6.75,4,6,8,2,100,10,332,5,MECH,1
8.04,6,10,0,0,69,79,348,6,CIVIL,1
9.47,3,5,5,3,17,23,239,5,CSE,1
5.98,3,3,6,2,6,30,488,7,CIVIL,1
7.51,0,2,5,2,42,52,394,6,ECE,1
9.12,2,6,4,1,12,56,204,6,ECE,1
6.89,2,4,3,2,98,74,29,2,ECE,1
7.83,6,5,5,2,25,66,298,1,CSE,1
6.73,3,6,7,0,36,9,21,7,CIVIL,1
9.65,1,6,4,1,47,30,464,1,CSE,1
7.77,4,2,2,1,71,78,346,1,MECH,1
7.61,6,4,5,3,80,12,159,5,CSE,1
6.43,4,1,5,0,66,32,88,6,IT,1
5.77,1,1,5,2,48,97,206,8,MECH,1
8.27,0,6,7,1,20,94,306,7,CSE,1
6.4,6,2,7,0,40,56,341,8,MECH,1
8.72,4,10,5,0,79,63,32,2,CSE,1
6.38,4,6,8,0,2,56,241,1,CIVIL,1
8.11,6,6,2,3,59,55,374,1,CSE,1
5.9,5,0,6,0,74,22,267,5,CIVIL,1
7.91,3,3,8,1,65,0,19,8,IT,1
7.99,3,0,2,1,49,97,403,2,CIVIL,1
6.93,1,1,1,0,14,76,99,5,IT,1
7.79,5,3,5,3,35,23,409,4,ECE,1
5.51,1,7,4,3,71,86,305,2,MECH,1
6.96,3,4,0,0,58,52,416,7,ECE,1
8.51,0,8,4,0,15,71,361,7,CIVIL,1
7.03,5,10,7,3,94,29,175,5,ECE,1
6.18,6,3,0,0,61,67,143,6,MECH,1
8.19,0,0,6,3,91,17,408,2,ECE,1
8.88,3,3,6,1,27,99,445,7,CIVIL,1
8.7,2,1,6,2,67,17,27,8,ECE,1
6.0,6,7,8,3,33,45,54,7,ECE,1
9.73,5,5,3,0,5,5,178,3,IT,1
6.05,2,8,3,3,50,56,324,4,ECE,1
6.95,5,10,6,2,69,42,13,3,CIVIL,1
9.72,0,9,3,0,10,8,267,3,CIVIL,1
6.52,4,1,0,2,67,76,172,1,ECE,1
7.17,5,1,2,2,82,57,87,6,ECE,1
7.23,4,6,8,3,30,61,365,5,CIVIL,1
7.57,6,5,2,3,33,70,18,6,MECH,1
8.83,5,1,4,1,5,53,298,3,CIVIL,1
7.72,2,8,6,0,21,20,68,8,MECH,1
7.95,6,10,7,3,26,8,481,3,ECE,1
9.02,5,4,4,2,51,96,189,8,ECE,1
9.59,0,1,2,1,25,59,289,7,IT,1
9.14,0,10,1,3,23,18,28,2,MECH,1
6.18,5,10,2,2,68,95,370,5,CIVIL,1
7.52,2,3,2,1,95,87,31,2,CIVIL,1
9.74,5,6,2,0,91,88,204,3,CIVIL,1
6.06,3,4,6,0,54,21,446,7,ECE,1
7.57,4,4,1,2,90,73,29,8,CIVIL,1
7.96,2,7,8,0,49,37,211,4,MECH,1
6.67,4,4,4,1,90,53,27,3,ECE,1
8.97,1,4,1,3,77,30,43,3,MECH,1
6.41,0,2,4,1,3,37,495,8,ECE,1
8.52,3,8,8,3,54,83,302,3,CSE,1
8.99,5,7,7,0,78,13,87,3,CSE,1
7.59,4,2,1,1,24,15,459,3,CSE,1
8.07,4,0,8,3,0,81,302,6,IT,1
9.43,6,4,5,2,6,49,82,3,CIVIL,1
8.95,2,8,2,1,95,74,425,8,IT,1
6.77,4,5,8,0,2,90,156,3,IT,1
9.32,4,5,3,3,89,76,436,4,CIVIL,1
9.33,3,9,5,1,28,72,176,5,CSE,1
8.64,6,0,4,3,33,0,6,2,ECE,1
9.44,4,7,6,3,80,80,115,1,MECH,1
9.76,4,10,1,3,29,1,34,1,IT,1
9.05,1,10,7,2,32,64,495,5,CIVIL,1
9.52,3,3,4,3,73,25,179,2,IT,1
5.89,0,7,8,2,24,8,331,1,MECH,1
9.24,1,4,1,1,39,79,468,1,CIVIL,1
8.13,0,9,8,1,38,57,237,5,CSE,1
7.32,2,9,5,3,76,91,435,1,CSE,1
6.6,4,3,8,1,81,86,207,4,ECE,1
6.57,4,1,0,3,33,15,271,3,MECH,1
9.68,5,7,5,1,97,22,74,5,ECE,1
5.64,1,10,0,3,40,73,309,4,CIVIL,1
6.73,4,5,6,3,72,64,98,7,MECH,1
8.19,2,8,0,3,83,95,59,7,MECH,1
9.4,1,2,2,3,2,66,201,1,ECE,1
5.58,5,2,6,2,4,57,321,8,CIVIL,1
8.6,1,0,3,2,23,11,12,7,CIVIL,1
9.94,3,8,5,2,12,42,169,8,ECE,1
7.57,6,1,1,1,55,10,297,7,CSE,1
8.32,2,1,1,1,0,37,363,4,MECH,1
9.19,3,6,1,0,6,45,169,4,CSE,1
7.84,2,2,4,2,89,87,391,7,MECH,1
5.92,3,4,1,2,97,69,6,5,ECE,1
6.53,6,2,4,0,63,31,162,8,IT,1
9.35,2,2,8,0,66,9,167,2,ECE,1
9.31,3,8,5,0,36,11,349,1,CSE,1
8.14,2,3,1,0,79,93,314,4,ECE,1
9.96,2,1,8,0,54,8,426,7,MECH,1
6.54,3,1,6,1,59,87,365,2,CSE,1
9.28,1,8,2,0,35,93,0,4,CIVIL,1
6.99,2,3,7,3,72,57,477,8,CSE,1
8.78,2,10,4,0,57,54,291,2,MECH,1
5.79,2,1,5,3,62,23,346,3,CIVIL,1
8.84,2,1,0,3,85,36,51,4,ECE,1
7.5,4,1,5,1,76,71,405,4,MECH,1
9.07,0,2,7,2,42,51,214,2,ECE,1
6.95,4,3,8,1,82,9,370,7,IT,1
6.16,6,4,6,3,76,10,422,4,CIVIL,1
6.97,3,9,1,2,4,53,127,6,ECE,1
8.64,5,8,0,1,76,49,417,2,MECH,1
6.93,3,0,3,2,84,12,394,8,CIVIL,1
7.04,0,10,7,2,51,26,493,2,ECE,1
6.21,0,9,4,1,73,38,286,5,IT,1
9.83,3,6,7,3,80,69,411,5,CSE,1
6.28,5,7,4,1,4,93,66,6,ECE,1
7.64,2,4,5,1,39,6,477,6,CIVIL,1
6.11,6,7,4,1,84,98,442,6,MECH,1
7.6,3,3,6,3,40,84,84,8,ECE,1
9.87,5,3,1,2,25,59,198,3,IT,1
5.75,1,8,4,2,18,56,96,4,CIVIL,1
6.93,4,8,2,1,91,87,232,5,CSE,1
9.64,2,3,4,3,11,6,336,7,IT,1
8.42,6,9,7,0,34,88,399,4,MECH,1
8.97,1,0,0,3,16,80,91,3,CSE,1
9.05,4,8,0,3,41,29,292,3,CSE,1
6.74,4,10,1,1,91,39,247,2,ECE,1
6.17,3,0,4,1,12,71,164,1,MECH,1
6.86,5,1,0,3,40,3,295,2,ECE,1
9.75,3,10,3,1,41,86,160,4,ECE,1
6.71,6,8,6,2,82,99,389,5,IT,1
9.53,5,3,5,1,93,26,141,5,CIVIL,1
6.3,1,7,3,1,61,29,37,5,IT,1
9.98,6,0,6,2,80,55,283,2,CSE,1
6.06,3,1,2,1,46,24,321,3,CSE,1
8.47,1,3,4,1,75,54,226,1,CIVIL,1
5.76,3,1,7,3,24,70,70,7,IT,1
8.66,5,2,2,1,23,86,260,3,IT,1
6.57,3,9,2,2,92,94,23,3,CIVIL,1
6.03,6,8,8,1,27,53,130,7,ECE,1
7.29,5,4,2,2,75,79,270,1,CSE,1
9.36,1,5,2,3,48,49,50,5,MECH,1
9.02,5,9,0,0,26,64,144,5,IT,1
7.59,2,7,5,2,99,40,3,7,ECE,1
7.14,3,3,5,2,4,81,160,8,CIVIL,1
8.7,6,2,3,0,98,3,66,2,CSE,1
7.59,5,1,7,2,89,80,169,3,IT,1
7.38,0,6,6,3,9,92,356,3,CIVIL,1
8.08,0,0,7,1,54,54,236,1,MECH,1
6.49,4,7,1,0,30,99,57,1,CSE,1
6.07,4,3,6,1,3,12,248,5,IT,1
7.25,6,3,1,1,3,52,103,6,MECH,0
9.57,4,6,1,1,7,31,216,4,CIVIL,1
5.58,2,4,5,0,3,80,367,7,ECE,1
8.28,2,6,6,3,93,69,168,2,IT,1
9.7,1,9,1,0,51,25,399,8,MECH,1
8.56,3,5,2,0,46,51,237,5,CSE,1
8.34,1,0,0,3,96,37,24,3,IT,1
8.06,0,3,1,2,20,18,224,2,MECH,1
7.95,1,8,8,1,13,28,244,7,CIVIL,1
8.41,1,8,3,1,2,19,169,2,ECE,1
7.3,2,1,4,1,48,35,215,2,CSE,1
6.83,2,2,8,3,30,20,351,8,CSE,1
9.06,6,1,2,0,57,93,436,7,IT,1
8.4,4,9,1,3,19,39,45,6,CSE,1
6.57,4,3,7,1,96,21,298,5,ECE,1
9.9,2,10,1,3,48,30,422,1,CSE,1
7.97,6,6,6,2,55,86,413,8,CIVIL,1
5.99,2,1,5,3,28,65,478,8,MECH,1
8.55,2,1,6,2,54,59,105,3,MECH,1
7.99,0,3,1,0,70,29,410,5,ECE,1
7.53,4,7,8,3,3,41,112,4,CIVIL,1
9.19,0,4,1,0,87,45,205,6,CIVIL,1
6.39,6,0,6,0,76,92,203,4,IT,1
6.26,5,10,8,3,78,62,294,1,MECH,1
6.8,2,3,4,0,28,64,330,1,CIVIL,1
9.03,4,7,1,1,88,66,260,2,ECE,1
5.79,1,1,8,1,87,100,298,8,MECH,1
8.97,1,1,4,1,77,21,474,1,MECH,1
8.91,2,3,7,3,89,7,224,6,CSE,1
5.85,1,0,2,0,69,90,255,3,MECH,1
6.58,2,0,0,3,27,13,85,5,CIVIL,1
9.69,5,2,0,1,66,8,279,7,IT,1
8.21,4,3,5,1,36,78,314,5,CIVIL,1
6.8,2,3,1,3,25,85,81,4,ECE,1
7.63,0,7,6,1,95,47,415,8,CIVIL,1
9.8,4,5,5,3,77,4,372,3,MECH,1
7.11,3,3,2,0,4,49,224,1,CIVIL,1
9.15,6,6,4,0,60,63,230,4,MECH,1
7.82,6,3,6,1,73,10,336,4,CIVIL,0
6.68,2,4,2,1,42,64,36,2,ECE,1
8.92,5,9,6,2,30,56,382,6,ECE,1
7.5,4,2,3,3,84,3,123,8,CIVIL,1
9.99,0,7,7,1,64,1,263,4,IT,1
6.5,2,1,7,0,12,36,263,7,CIVIL,1
5.76,0,5,4,1,97,61,51,8,ECE,1
6.16,0,3,3,0,46,94,240,8,IT,1
9.72,1,4,7,1,62,98,487,6,MECH,1
8.03,2,5,3,0,12,71,115,8,MECH,1
9.86,4,4,6,3,52,67,95,7,IT,1
6.43,0,0,7,1,34,27,320,2,IT,1
8.1,5,1,2,0,86,62,323,4,MECH,1
8.87,2,6,4,0,0,92,496,4,CSE,1
6.26,5,7,2,3,10,18,177,1,CIVIL,1
8.96,0,0,8,3,29,72,426,4,IT,1
8.93,1,5,8,0,77,2,188,8,MECH,1
5.57,5,0,7,0,39,51,192,2,ECE,1
6.67,2,4,8,2,84,22,252,4,CIVIL,1
7.68,2,0,8,0,3,16,31,3,MECH,1
9.56,5,2,6,3,40,29,338,7,ECE,1
9.03,4,8,7,2,11,22,452,3,CSE,1
9.45,5,10,6,3,54,80,67,2,CSE,1
9.92,2,9,7,1,95,80,284,7,ECE,1
6.22,0,10,7,2,14,63,400,4,CIVIL,1
9.54,2,8,2,1,21,39,219,2,IT,1
6.71,4,7,4,0,78,10,453,2,MECH,1
9.6,4,0,7,0,34,64,446,5,CIVIL,1
8.46,0,8,2,0,61,18,442,5,CIVIL,1
9.69,3,8,8,2,38,48,240,2,CSE,1
9.9,6,4,8,1,93,55,6,6,CIVIL,1
6.53,3,6,8,3,30,21,31,8,MECH,1
8.99,6,7,8,3,97,50,176,1,CSE,1
5.6,1,5,0,2,67,32,117,5,IT,1
8.83,4,7,7,2,28,60,373,3,CSE,1
6.04,2,6,6,0,14,44,492,8,IT,1
5.91,4,5,4,0,82,54,94,5,MECH,1
9.61,2,4,5,0,66,72,166,5,MECH,1
9.27,6,5,7,3,99,92,160,3,MECH,1
9.78,4,4,0,1,22,91,323,3,CIVIL,1
5.59,6,9,6,0,98,22,383,4,MECH,1
8.99,2,9,3,2,69,91,366,2,IT,1
9.1,1,3,5,2,39,98,150,8,CIVIL,1
7.03,1,9,0,2,24,75,88,3,IT,1
6.94,0,6,2,1,6,18,373,6,CSE,1
7.71,4,4,0,1,65,70,438,4,CSE,1
8.32,0,5,4,3,1,52,485,4,IT,1
7.6,4,1,0,0,19,77,240,5,IT,1
7.8,6,6,6,1,4,37,297,5,CIVIL,1
6.06,4,3,0,0,18,68,218,8,CSE,1
9.4,4,9,4,3,49,78,389,4,CIVIL,1
9.89,5,0,4,2,58,33,104,3,IT,1
8.99,6,2,0,2,98,35,289,7,ECE,1
7.47,1,6,3,1,3,15,245,4,CIVIL,1
7.86,4,3,0,1,45,92,33,3,MECH,1
9.67,4,2,0,0,47,56,398,3,ECE,1
8.89,2,5,4,2,29,25,259,1,CIVIL,1
5.95,5,7,6,2,68,55,207,8,ECE,1
5.7,4,2,0,3,69,25,95,2,ECE,1
6.22,0,4,5,2,4,39,65,2,CSE,1
6.4,0,3,3,2,92,24,222,5,ECE,1
9.23,6,2,0,0,14,65,391,5,ECE,1
7.2,3,1,1,0,99,97,10,1,MECH,1
8.09,6,2,7,2,75,39,143,4,MECH,1
9.4,0,5,5,1,85,78,35,4,ECE,1
6.57,4,4,5,0,48,51,5,7,IT,1
8.2,1,4,7,2,57,61,168,7,IT,1
6.7,6,2,5,3,89,37,494,7,CIVIL,1
6.55,2,9,6,3,10,57,51,8,CIVIL,1
7.69,3,0,8,3,3,1,254,2,CSE,1
8.79,1,8,2,2,65,57,261,5,CIVIL,1
8.41,0,5,0,0,17,86,491,8,ECE,1
7.87,0,2,6,1,36,52,187,3,MECH,1
9.49,1,4,6,1,29,26,48,8,CSE,1
6.48,6,1,3,0,99,84,189,2,ECE,1
5.71,0,2,7,1,10,88,244,3,MECH,1
6.83,6,10,8,0,13,92,12,8,CSE,1
7.5,4,3,6,0,29,23,290,1,CIVIL,1
8.78,5,3,6,0,57,6,199,6,ECE,1
8.84,3,9,4,1,89,89,365,4,MECH,1
7.92,4,8,7,2,62,75,45,6,ECE,1
7.84,6,0,4,2,25,22,54,1,ECE,1
7.77,5,4,0,3,94,65,382,4,CSE,1
9.37,5,6,7,2,45,36,456,1,CIVIL,1
9.81,1,9,7,3,86,41,385,2,MECH,1
8.95,0,2,2,3,72,26,160,2,ECE,1
8.96,3,2,2,2,13,10,298,5,CIVIL,1
9.76,1,5,7,0,9,29,125,7,CIVIL,1
7.1,3,7,7,0,23,9,17,6,MECH,1
7.37,5,6,0,3,82,23,59,1,MECH,1
8.43,2,4,4,0,31,16,489,1,ECE,1
6.54,2,4,4,2,23,12,375,7,CIVIL,1
6.19,6,8,1,1,51,23,51,4,CSE,1
8.08,3,4,1,1,25,1,84,1,ECE,1
7.06,3,5,2,1,63,23,125,2,MECH,1
9.81,5,0,0,2,2,1,260,4,MECH,1
8.45,1,5,6,3,26,1,116,5,MECH,1
9.44,3,1,8,1,12,98,234,2,MECH,0
5.67,6,4,7,2,9,10,267,7,ECE,1
7.97,1,10,6,1,71,60,243,2,CIVIL,1
7.84,5,3,0,1,56,30,247,1,CIVIL,1
8.86,3,1,8,2,80,11,276,6,ECE,1
8.72,5,4,0,3,47,69,120,3,IT,1
9.28,5,1,1,3,29,19,304,8,IT,1
6.95,4,3,8,3,56,67,422,7,IT,1
5.54,5,8,8,1,49,71,211,7,CSE,1
7.29,2,0,3,0,75,75,79,2,ECE,1
6.85,3,6,8,2,25,44,447,4,IT,1
5.62,5,9,3,2,64,23,314,4,ECE,1
8.93,3,1,7,0,57,47,161,8,ECE,1
5.95,2,6,7,2,17,22,288,3,CIVIL,1
9.5,5,10,4,0,98,86,236,6,CIVIL,1
9.46,5,8,3,2,55,84,465,5,IT,1
8.82,3,0,6,0,96,99,424,4,IT,1
8.67,1,3,6,1,59,60,324,5,IT,1
9.91,0,4,8,2,53,43,39,5,CIVIL,1
9.95,4,0,6,0,67,7,455,1,MECH,1
9.2,3,1,5,0,74,44,281,1,CSE,1
6.34,1,0,3,1,68,39,7,3,IT,1
6.75,5,2,7,0,23,5,190,5,CIVIL,0
8.96,1,7,2,1,77,38,238,2,CSE,1
5.98,1,4,6,2,98,25,238,2,ECE,1
6.67,6,3,0,1,47,90,272,6,ECE,1
6.95,2,1,1,3,60,32,445,4,ECE,1
9.3,2,7,6,2,2,85,146,5,CIVIL,1
9.07,4,4,5,2,3,75,387,6,IT,1
9.78,1,5,2,1,81,96,459,6,CIVIL,1
8.3,0,7,4,1,100,70,303,6,CSE,1
7.42,4,2,6,0,73,45,414,4,CIVIL,1
9.58,1,7,6,1,86,19,78,8,CSE,1
7.78,3,10,2,3,69,93,373,2,MECH,1
7.55,5,0,7,2,89,2,494,7,IT,1
7.16,6,4,6,1,27,30,310,5,IT,1
5.92,3,6,0,0,39,96,475,4,ECE,1
5.94,0,2,8,1,15,8,335,5,CIVIL,1
9.31,6,2,2,3,84,19,79,7,CIVIL,1
6.08,3,10,3,3,56,70,361,8,ECE,1
7.92,2,0,7,1,5,32,394,6,IT,1
6.41,5,9,4,3,16,60,99,5,CSE,1
5.53,3,3,5,3,100,3,176,1,MECH,1
6.08,0,5,6,1,43,54,470,3,CSE,1
8.59,2,5,1,1,90,38,132,5,CIVIL,1
6.35,3,5,0,0,85,98,405,4,IT,1
7.08,1,10,4,1,72,87,74,5,ECE,1
8.98,6,4,6,0,53,12,133,2,CSE,1
9.16,5,10,2,0,48,73,385,4,CIVIL,1
8.08,0,6,8,1,2,58,92,1,IT,1
9.17,4,3,7,2,76,17,282,3,IT,1
7.1,2,3,1,0,61,60,8,4,CSE,1
6.93,0,8,2,0,41,98,381,7,CIVIL,1
6.03,1,0,3,0,22,50,478,8,ECE,1
5.6,5,7,3,0,7,64,141,2,CSE,1
7.19,0,5,1,0,50,44,18,8,IT,1
9.63,0,1,0,2,47,17,468,8,IT,1
5.91,6,6,0,3,47,27,128,2,ECE,1
7.83,4,1,6,0,0,14,257,5,ECE,1
8.36,6,5,4,3,73,78,332,6,CIVIL,1
6.54,3,7,4,1,20,93,21,8,ECE,1
9.77,4,10,4,1,18,0,17,4,MECH,1
9.93,0,0,3,3,56,55,371,5,IT,1
9.52,6,9,8,1,21,45,142,4,IT,1
7.75,6,3,5,1,39,9,56,2,IT,1
7.66,4,10,6,1,38,36,167,3,CIVIL,1
7.33,2,7,0,3,53,11,111,2,MECH,1
6.09,6,5,8,2,90,0,243,8,CSE,1
9.21,2,6,5,0,77,75,22,6,MECH,1
9.45,4,6,5,1,17,23,303,4,IT,1
7.31,3,5,5,2,19,70,337,5,MECH,1
6.71,6,10,3,2,47,33,333,8,CSE,1
7.09,0,2,3,2,52,58,105,5,CSE,1
7.78,6,3,8,1,50,96,71,4,IT,1
7.09,4,2,0,1,63,4,171,3,CSE,1
7.78,5,4,5,1,97,20,77,7,MECH,1
9.7,6,0,5,3,31,91,326,4,ECE,1
7.59,3,3,4,1,26,28,111,6,IT,1
7.17,0,10,5,0,5,61,234,4,ECE,1
8.84,1,5,2,3,46,15,185,1,MECH,1
9.21,0,10,5,1,2,95,153,5,CIVIL,1
6.98,4,6,6,3,38,19,95,1,MECH,1
9.23,5,2,5,0,52,38,373,8,CIVIL,1
7.14,4,7,4,2,17,79,493,1,MECH,1
8.68,2,4,6,2,27,56,111,6,ECE,1
9.9,6,2,0,2,32,20,13,2,CSE,1
8.53,4,1,4,2,100,27,232,7,IT,1
5.68,3,3,5,0,84,23,393,4,CIVIL,1
5.94,1,2,8,0,36,99,454,3,IT,1
9.06,2,8,7,0,84,72,498,5,CIVIL,1
6.02,1,9,6,2,37,100,75,7,CIVIL,1
9.29,5,1,1,3,77,17,53,4,CIVIL,1
6.12,0,5,8,2,85,92,115,1,IT,1
7.46,1,7,6,3,55,100,443,5,CSE,1
7.58,6,6,2,2,96,26,166,3,MECH,1
8.56,5,5,1,2,54,42,310,5,CIVIL,1
9.27,0,6,8,2,12,76,60,5,CIVIL,1
8.0,1,9,0,3,36,18,130,7,ECE,1
8.84,1,4,2,1,15,75,296,3,IT,1
5.85,1,9,6,1,76,94,476,4,IT,1
8.83,3,0,2,3,82,69,318,7,IT,1
8.42,6,10,0,3,22,63,312,3,CIVIL,1
8.77,5,2,1,3,12,28,425,6,CSE,1
8.35,4,4,0,1,95,54,308,1,IT,1
7.69,4,0,2,1,51,80,356,4,ECE,1
5.99,2,8,6,3,85,16,85,7,ECE,1
8.38,4,5,0,3,73,36,146,5,MECH,1
7.62,6,0,2,3,53,94,243,3,CSE,1
5.63,3,5,6,3,4,61,233,3,MECH,0
6.92,6,1,5,0,39,77,492,1,ECE,1
6.81,4,8,3,1,55,39,321,2,ECE,1
6.69,5,2,8,1,13,89,281,4,IT,1
5.83,2,6,2,3,1,87,211,6,MECH,1
8.51,4,10,1,1,68,22,253,1,CSE,1
7.62,4,1,1,1,76,42,276,8,MECH,1
7.37,1,4,0,0,4,50,120,8,IT,1
6.95,1,0,0,1,4,44,86,7,CIVIL,1
8.76,5,5,4,0,3,5,387,5,MECH,1
6.62,4,3,2,0,10,69,39,8,CSE,1
8.36,0,6,4,2,39,45,322,3,ECE,1
5.85,0,4,8,0,55,46,203,3,CIVIL,1
9.57,4,7,6,3,3,38,11,1,IT,1
7.09,5,3,0,0,7,74,138,2,CIVIL,1
8.12,2,4,1,0,36,68,246,1,IT,1
9.15,0,10,1,1,86,40,348,7,ECE,1
7.25,0,7,5,2,63,12,105,3,MECH,1
5.8,3,9,6,1,61,84,387,5,IT,1
6.58,1,9,2,1,64,67,454,1,ECE,1
6.06,4,1,0,1,89,78,78,5,CIVIL,1
8.68,0,6,3,1,25,65,47,7,CSE,1
9.42,5,7,4,1,94,14,144,7,CIVIL,1
8.45,2,6,2,1,74,91,217,8,ECE,1
8.56,1,2,6,3,6,72,274,1,MECH,1
7.25,1,2,7,1,22,17,492,2,CIVIL,1
7.77,3,4,0,1,78,11,47,5,ECE,1
7.61,0,3,1,3,53,84,495,7,ECE,1
5.59,6,0,6,1,71,74,337,3,CSE,1
7.37,4,3,6,1,40,49,489,1,MECH,1
7.61,2,9,3,1,13,67,489,5,CIVIL,1
6.81,2,4,0,1,95,20,407,6,CIVIL,1
8.21,2,7,8,3,80,14,147,3,CIVIL,1
7.96,1,0,5,0,23,49,231,1,CIVIL,1
7.55,5,10,1,2,43,63,414,4,ECE,1
7.89,6,2,2,2,92,38,309,1,ECE,1
9.31,1,5,0,1,76,94,279,5,ECE,1
6.8,0,5,8,2,100,81,125,8,IT,1
8.48,3,2,7,1,100,63,424,5,IT,1
6.32,0,8,2,3,70,38,60,3,CIVIL,1
8.99,4,9,0,0,23,14,274,2,CSE,1
7.45,6,1,4,1,50,88,307,6,CSE,1
6.99,5,8,4,1,44,74,425,6,IT,1
9.04,3,1,5,2,41,53,133,8,CSE,1
5.9,0,6,5,1,76,86,334,6,IT,1
5.52,6,0,4,2,94,24,82,8,MECH,1
7.45,5,1,5,3,79,46,446,3,MECH,1
6.12,2,1,0,0,29,80,248,4,ECE,1
9.05,4,1,0,3,50,56,340,5,MECH,1
8.65,2,4,1,2,24,93,126,7,MECH,1
6.15,1,10,8,1,8,72,253,1,CSE,1
5.9,0,5,2,1,43,54,157,6,IT,1
7.46,4,10,2,0,93,34,455,5,IT,1
9.48,0,8,4,0,58,39,276,8,CSE,1
9.57,2,3,4,3,57,67,29,7,CIVIL,1
5.51,5,4,7,2,37,77,92,4,CIVIL,1
7.01,4,3,6,0,18,92,308,3,CSE,1
6.8,1,3,7,3,29,44,321,3,ECE,1
8.44,5,0,6,3,85,76,324,6,IT,1
8.01,4,6,3,3,76,36,446,6,MECH,1
8.83,2,0,0,1,2,60,279,5,CSE,1
7.15,1,0,5,2,52,49,233,3,MECH,1
5.52,0,0,8,3,73,32,225,3,IT,1
5.96,4,5,6,0,52,66,469,3,IT,1
6.79,4,1,3,1,98,33,50,4,CSE,1
6.48,5,8,7,0,0,59,36,4,CIVIL,1
8.03,5,7,7,0,66,9,43,7,CSE,1
8.67,3,10,2,1,91,37,153,5,CIVIL,1
6.74,1,7,7,0,16,72,455,7,CIVIL,1
8.69,4,10,8,1,69,100,269,3,ECE,1
5.52,0,7,3,3,50,78,130,2,MECH,1
5.9,0,3,8,3,78,70,97,2,CIVIL,1
9.25,0,8,7,2,90,49,497,6,ECE,1
7.62,5,7,4,1,93,6,217,2,ECE,1
5.59,4,8,2,3,96,22,267,5,CIVIL,1
6.13,0,9,2,1,64,64,57,7,CIVIL,1
9.04,1,5,5,1,64,16,297,3,MECH,1
6.33,3,9,0,2,70,16,275,1,ECE,1
9.95,5,3,8,3,96,9,51,7,CSE,1
9.24,0,1,3,2,74,23,270,4,CIVIL,1
6.09,6,9,0,0,65,84,109,2,ECE,1
9.64,0,5,1,3,16,65,373,4,CSE,1
9.55,2,5,0,1,13,60,189,3,IT,1
9.43,4,6,2,1,81,8,168,3,ECE,1
7.81,5,8,6,0,80,75,167,6,ECE,1
6.02,6,1,8,3,3,87,321,1,ECE,1
9.81,6,10,4,1,63,76,30,8,CSE,1
7.61,1,0,0,1,59,0,427,3,CSE,1
9.02,6,6,0,3,88,97,54,8,CSE,1
5.57,3,3,6,3,0,92,428,6,IT,1
9.79,1,9,8,1,73,54,182,1,CSE,1
5.67,1,9,3,1,4,11,33,4,CSE,1
9.29,2,2,4,1,20,29,68,6,CIVIL,1
9.38,4,10,2,3,63,47,165,6,CSE,1
9.21,6,2,1,0,87,81,229,7,CSE,1
6.04,2,9,3,1,28,30,230,2,IT,1
8.25,6,7,6,3,37,28,419,1,MECH,1
7.89,6,4,0,2,82,44,392,6,ECE,1
9.63,3,9,4,3,32,79,227,4,CSE,1
9.12,5,5,5,2,33,7,16,1,MECH,1
6.17,2,1,2,2,74,63,360,8,MECH,1
6.11,6,4,6,1,44,16,263,4,MECH,1
6.98,3,6,3,2,86,61,399,4,IT,1
7.35,5,6,1,1,83,81,67,3,ECE,1
7.68,1,8,2,3,21,31,331,1,ECE,1
8.83,4,2,7,0,9,9,147,8,CIVIL,1
6.31,4,1,7,1,68,86,133,8,CSE,1
8.1,1,0,7,3,11,20,46,2,CIVIL,1
8.36,5,9,2,3,33,51,441,2,ECE,1
6.47,3,2,3,0,0,40,49,1,CSE,1
5.75,4,5,8,1,62,23,454,3,CSE,1
6.35,6,2,7,0,49,22,301,4,IT,1
9.14,6,6,2,3,28,97,106,8,MECH,1
6.6,2,3,8,2,12,36,240,1,CIVIL,1
8.66,4,1,1,3,87,46,259,6,CSE,1
8.4,5,10,1,3,15,58,365,6,IT,1
9.97,2,9,3,3,28,87,439,5,ECE,1
6.28,1,7,5,3,52,44,344,5,MECH,1
5.96,3,9,8,0,40,13,474,2,CIVIL,1
9.63,5,2,6,3,9,74,387,3,IT,1
9.37,4,8,5,3,13,96,444,1,MECH,1
9.53,6,6,4,2,79,98,77,4,CIVIL,1
9.6,2,7,7,2,14,46,261,6,ECE,1
8.21,2,4,2,2,24,67,383,7,IT,1
9.8,6,3,4,0,67,41,46,4,IT,1
9.33,5,5,2,3,63,81,415,4,CSE,1
7.96,3,7,6,1,10,6,147,5,CIVIL,1
8.9,0,6,6,1,97,21,351,1,CSE,1
8.06,1,6,1,2,34,42,361,4,MECH,1
5.57,4,10,4,2,65,52,210,1,MECH,1
7.16,6,0,0,1,92,92,390,1,ECE,1
7.64,1,4,4,2,17,40,499,4,CSE,1
6.29,6,2,1,3,12,9,400,3,MECH,1
6.06,5,3,3,3,30,84,369,6,MECH,1
9.37,4,9,1,0,29,83,468,8,MECH,1
7.97,4,3,6,1,5,87,446,8,MECH,1
5.97,5,2,5,2,64,85,240,5,CSE,1
5.86,2,10,5,0,16,80,221,2,MECH,1
9.87,4,10,8,3,95,97,94,5,ECE,1
9.12,0,7,4,1,47,99,209,5,MECH,1
8.72,0,4,7,2,23,69,345,1,CIVIL,1
7.67,0,2,7,3,45,69,461,4,MECH,1
7.99,2,9,1,2,14,41,449,6,IT,1
6.54,0,9,1,1,80,36,310,4,CSE,1
8.04,1,10,0,3,45,98,301,2,IT,1
7.56,1,1,6,0,26,90,317,4,MECH,1
5.66,0,9,7,1,86,58,464,6,IT,1
6.3,5,6,0,0,56,27,319,6,MECH,1
5.86,5,9,0,0,36,51,313,3,CIVIL,1
9.14,3,1,6,1,73,69,289,7,MECH,1
6.06,6,10,4,3,38,53,214,2,CIVIL,1
5.7,6,10,4,1,82,32,371,1,CSE,1
7.88,0,4,8,1,56,9,436,3,IT,1
7.0,6,2,1,1,8,88,111,8,CSE,1
6.33,6,5,3,0,64,28,139,3,CSE,1
9.42,3,6,4,3,29,79,292,7,IT,1
9.04,4,6,8,3,84,98,371,2,ECE,1
6.15,1,10,7,3,66,64,149,6,CSE,1
8.49,1,7,7,3,47,98,16,7,CSE,1
7.34,6,2,2,2,67,10,246,6,IT,1
8.52,0,1,6,3,26,13,64,1,IT,1
9.21,1,0,0,3,100,52,245,5,CIVIL,1
6.32,4,1,6,0,6,86,404,2,CIVIL,1
8.7,4,0,2,3,31,91,423,5,IT,1
8.09,2,5,0,0,17,78,160,6,ECE,1
5.99,2,10,2,3,18,71,231,4,IT,1
5.85,1,4,6,3,79,66,475,7,CSE,1
8.71,4,7,2,3,13,85,136,8,CIVIL,1
9.58,0,10,6,0,90,44,3,1,MECH,1
9.06,0,10,3,3,0,53,124,4,CIVIL,1
7.85,0,4,5,3,56,75,355,4,ECE,1
7.75,6,0,6,2,13,39,461,2,CSE,1
6.62,6,1,6,1,44,23,284,5,CSE,1
9.38,4,7,8,0,44,35,85,8,CSE,1
9.28,3,0,3,3,51,14,457,5,ECE,1
7.58,1,4,3,1,67,14,481,8,CIVIL,1
6.92,1,10,3,1,1,63,183,2,MECH,1
7.42,3,1,6,0,20,45,313,8,CIVIL,1
9.41,2,3,4,2,74,66,254,8,MECH,1
6.25,2,9,2,3,24,76,41,6,CSE,1
6.61,0,6,3,3,66,49,370,3,MECH,1
8.93,0,4,2,1,76,92,154,3,CIVIL,1
8.99,2,1,6,2,79,82,392,6,ECE,1
9.7,0,4,7,1,68,54,205,1,MECH,1
8.53,1,8,2,2,48,71,320,2,CIVIL,1
8.98,3,8,4,3,4,90,244,4,CSE,1
9.85,0,3,0,2,84,17,138,5,MECH,1
7.77,1,0,6,1,33,76,16,8,IT,1
6.46,3,6,3,0,74,39,316,6,IT,1
8.62,3,1,0,1,30,59,476,7,ECE,1
6.95,6,2,3,0,54,12,138,6,CIVIL,1
5.74,3,10,5,1,40,37,230,6,IT,1
7.22,1,3,6,3,9,62,42,7,MECH,1
7.64,2,7,5,2,30,97,148,2,CIVIL,1
8.89,1,9,3,1,28,24,336,8,IT,1
7.08,4,3,7,3,40,58,301,6,CIVIL,1
8.62,2,2,3,0,91,98,390,8,MECH,1
6.61,6,1,1,0,11,72,437,5,CSE,1
8.2,1,3,4,1,71,31,199,5,ECE,1
8.96,0,0,4,0,9,65,106,2,ECE,1
9.79,6,2,6,2,13,15,331,7,ECE,1
6.22,6,10,4,0,52,81,142,8,CIVIL,1
8.66,2,3,8,0,21,80,51,1,MECH,1
8.6,6,8,6,2,37,26,286,6,CSE,1
8.77,2,2,3,2,18,72,437,2,MECH,1
6.89,6,0,5,0,16,100,132,8,MECH,1
8.19,3,6,3,0,85,72,322,8,IT,1
8.34,6,4,0,0,47,40,109,5,CSE,1
5.94,1,2,6,3,72,14,73,1,ECE,1
5.8,3,8,2,2,55,54,230,6,IT,1
9.45,1,9,1,2,21,67,129,1,IT,1
7.69,3,5,4,1,9,17,199,3,CIVIL,1
5.87,0,9,8,1,31,75,181,2,ECE,1
6.9,5,0,4,3,57,34,268,6,IT,1
9.53,3,6,0,1,12,12,369,2,IT,1
8.03,5,5,4,1,6,2,186,6,ECE,1
7.77,4,4,1,3,78,33,437,5,ECE,1
7.4,0,7,5,1,92,50,421,5,CIVIL,1
9.98,4,9,1,2,72,77,134,2,ECE,1
6.47,4,5,7,2,84,5,187,3,ECE,1
8.7,6,3,2,3,83,13,178,7,IT,1
6.81,0,9,8,3,8,71,16,2,CIVIL,1
7.6,1,7,8,2,23,34,294,7,IT,1
6.65,1,9,4,2,13,29,29,1,IT,1
9.56,1,1,8,2,56,58,465,7,MECH,1
8.51,2,8,1,2,53,60,296,6,CSE,1
6.84,0,0,7,1,17,6,269,7,ECE,1
7.08,6,1,8,1,43,66,261,5,IT,1
7.94,4,10,8,1,73,41,82,5,MECH,1
8.2,5,5,0,2,7,52,219,2,ECE,1
7.26,5,6,5,0,61,60,201,2,ECE,1
6.72,5,10,3,1,96,46,355,5,MECH,1
8.24,3,0,1,1,12,97,102,5,IT,1
6.16,6,0,5,1,79,53,191,5,CIVIL,1
8.28,6,0,1,1,85,63,206,3,IT,1
7.37,4,6,7,0,43,12,343,3,MECH,1
9.81,6,2,7,2,32,3,128,1,MECH,1
7.65,5,7,6,1,57,28,194,7,ECE,1
5.62,0,10,6,1,83,5,7,2,ECE,1
5.59,1,4,4,0,98,18,187,4,CIVIL,1
6.39,4,5,2,3,36,89,208,1,ECE,1
8.08,5,8,8,1,67,2,174,4,ECE,1
8.52,0,10,4,3,73,56,133,7,MECH,1
8.86,5,7,4,0,79,82,113,4,CIVIL,1
6.76,3,10,8,0,64,72,200,5,IT,1
6.93,1,6,1,0,75,2,139,5,MECH,1
9.55,2,9,8,0,4,33,31,7,CSE,1
6.46,1,6,7,0,30,27,425,8,IT,1
8.81,3,4,4,2,32,12,386,6,CIVIL,1
8.83,3,6,0,0,95,64,490,1,CSE,1
9.29,2,7,2,2,65,21,191,2,IT,1
5.78,5,0,0,2,39,51,310,8,IT,1
7.12,5,1,4,1,49,81,357,4,IT,1
6.98,3,5,4,0,19,5,444,4,IT,1
5.72,1,7,2,2,15,40,223,8,ECE,1
9.92,0,2,5,0,79,75,4,6,CIVIL,1
8.96,3,0,4,1,22,77,220,7,CIVIL,1
7.37,0,10,7,2,83,0,184,6,CIVIL,1
7.29,3,10,0,1,24,14,227,2,ECE,1
6.2,4,5,6,1,79,11,275,1,ECE,1
8.78,0,3,0,0,80,47,436,1,IT,1
9.25,5,1,7,0,93,77,206,4,CIVIL,1
8.3,2,1,1,1,17,64,343,7,ECE,1
5.54,6,10,0,2,53,8,109,4,ECE,1
7.98,3,7,3,1,76,20,308,5,MECH,1
9.01,2,10,7,1,91,0,417,7,CSE,1
9.33,3,0,8,2,40,51,90,7,ECE,1
8.82,5,0,1,2,31,25,459,7,CSE,1
9.75,1,5,0,3,33,42,177,1,CIVIL,1
5.99,3,6,4,2,70,38,491,1,ECE,1
7.72,0,3,1,0,7,30,319,8,CSE,1
5.51,4,1,1,0,27,81,371,2,CIVIL,1
5.81,6,3,1,2,91,2,329,8,ECE,1
8.6,2,8,3,2,74,46,485,2,CSE,1
9.06,0,2,7,0,26,71,496,1,IT,1
6.55,5,1,3,1,45,54,248,6,MECH,1
6.0,1,3,0,2,26,27,206,6,MECH,0
6.66,6,1,3,0,60,31,214,4,CIVIL,1
9.63,5,4,1,1,17,34,152,3,CSE,1
9.42,3,2,6,2,62,94,277,4,MECH,1
8.29,1,3,3,0,82,23,439,7,MECH,1
6.55,0,2,6,1,27,24,420,1,MECH,1
9.8,6,1,8,0,44,41,276,2,MECH,1
7.84,1,7,1,3,17,40,38,3,ECE,1
8.35,1,10,8,3,85,16,197,4,MECH,1
6.99,4,10,6,3,70,67,13,7,IT,1
7.2,1,9,6,1,67,88,244,5,MECH,1
7.87,3,9,3,2,39,51,398,2,MECH,1
5.61,2,9,1,3,12,78,300,6,ECE,1
8.34,0,1,7,3,92,44,498,6,ECE,1
5.69,5,9,7,0,71,86,10,1,CSE,1
7.63,5,7,8,0,12,16,8,3,ECE,1
6.63,3,3,5,3,40,71,51,7,CSE,1
7.62,3,0,0,0,19,33,240,3,CIVIL,1
6.32,2,1,7,3,18,69,188,5,CIVIL,1
8.06,5,9,3,3,22,66,229,5,IT,1
7.66,4,10,3,2,75,24,176,2,MECH,1
6.99,4,4,4,2,29,90,342,4,CIVIL,1
7.83,5,4,4,3,63,32,315,5,ECE,1
6.56,5,0,7,1,1,45,289,3,ECE,1
8.24,3,7,0,1,54,17,446,5,CIVIL,1
7.66,6,6,6,3,60,11,6,5,IT,1
8.88,6,5,2,0,80,95,382,3,ECE,1
9.93,1,4,2,0,43,83,497,2,MECH,1
9.4,5,10,6,3,99,96,147,3,CSE,1
7.08,6,5,6,3,13,12,0,4,ECE,1
9.11,1,7,7,2,59,49,387,1,CSE,1
8.87,6,1,3,0,18,95,334,8,MECH,1
9.71,6,9,7,2,4,67,170,6,ECE,1
9.05,4,6,3,0,32,92,480,6,ECE,1
5.57,5,3,1,0,74,60,51,8,ECE,1
6.89,1,9,6,2,34,39,280,8,CIVIL,1
8.02,2,5,3,2,60,29,466,7,CIVIL,1
8.91,5,6,6,1,77,34,178,6,CIVIL,1
6.11,0,2,6,1,33,35,240,5,IT,1
5.72,3,1,5,2,42,67,315,3,MECH,1
6.48,6,4,2,2,19,20,241,8,MECH,1
7.2,0,10,6,1,17,59,245,3,CSE,1
7.63,4,0,1,2,50,44,485,2,CSE,1
7.72,5,7,8,0,15,50,242,4,ECE,1
8.57,6,9,6,2,74,74,393,2,CIVIL,1
9.87,1,8,4,3,27,52,427,3,CSE,1
7.42,2,8,3,3,29,100,100,1,CIVIL,1
7.19,2,3,4,0,52,42,248,2,IT,1
9.22,4,6,8,2,86,29,239,6,CIVIL,1
7.13,0,0,5,1,38,60,318,3,ECE,1
9.7,2,1,6,2,46,16,40,6,IT,1
9.62,3,7,0,0,36,64,497,4,CIVIL,1
6.91,0,1,2,2,76,86,298,6,MECH,1
8.09,5,7,4,2,12,9,441,8,ECE,1
7.01,3,10,6,2,52,0,320,5,CIVIL,1
7.81,5,7,4,3,26,80,114,7,MECH,1
6.36,1,0,6,0,89,68,74,2,CSE,1
6.34,1,4,6,3,11,65,229,1,CSE,1
9.03,2,5,3,2,39,59,18,3,MECH,1
9.35,4,9,7,0,17,84,487,2,CIVIL,1
8.98,2,5,2,2,42,65,104,5,MECH,1
6.75,4,1,5,3,20,40,461,7,IT,1
8.05,5,1,1,2,65,77,459,2,MECH,1
7.56,0,6,0,0,39,10,356,7,CIVIL,1
9.85,1,8,1,2,95,12,411,2,MECH,1
6.85,4,8,1,3,20,97,324,2,IT,1
9.73,2,3,5,3,13,48,261,7,MECH,1
5.69,2,8,0,2,0,15,400,6,MECH,1
9.02,6,4,7,3,39,50,78,3,ECE,1
9.12,4,5,1,0,92,56,323,3,MECH,1
6.77,1,0,8,1,18,62,402,4,ECE,1
6.19,2,6,2,0,68,19,129,5,ECE,1
5.63,1,2,5,2,65,59,411,6,CIVIL,1
9.09,4,10,3,1,94,45,469,2,CSE,1
6.37,2,6,8,3,52,43,486,5,MECH,1
7.02,2,0,3,3,40,33,488,8,ECE,1
7.0,1,5,5,1,24,43,104,7,CIVIL,1
9.89,2,6,7,0,3,74,126,2,CSE,1
6.28,4,8,8,3,70,21,269,2,CIVIL,1
7.71,6,8,5,1,97,40,116,7,CIVIL,1
8.4,2,4,7,1,39,76,379,6,MECH,1
7.84,4,7,0,3,0,44,456,5,ECE,1
9.77,0,0,8,3,90,27,263,6,CIVIL,1
5.63,2,8,0,3,46,2,164,3,MECH,1
9.6,1,9,1,1,40,13,77,1,MECH,1
8.85,6,2,8,2,61,17,15,3,ECE,1
6.46,5,1,8,2,77,93,98,3,IT,1
8.21,3,8,6,2,12,94,457,3,CIVIL,1
8.14,2,3,8,2,19,53,223,7,ECE,1
6.13,3,3,8,1,21,45,418,7,ECE,1
6.28,5,4,1,0,70,41,386,3,IT,1
6.61,6,1,7,0,29,30,275,2,IT,1
7.9,3,4,0,3,3,9,0,6,MECH,1
7.87,2,9,8,0,82,39,79,4,ECE,1
9.63,6,6,8,3,98,77,89,3,MECH,1
9.9,4,5,8,1,62,90,494,4,IT,1
9.18,3,6,3,1,20,21,187,3,CSE,1
8.41,4,6,1,3,89,84,66,8,MECH,1
8.23,5,5,7,1,59,87,89,6,CIVIL,1
9.91,5,9,7,1,0,12,404,1,IT,1
8.96,2,7,7,2,94,44,387,3,ECE,1
8.13,0,10,6,3,11,6,443,6,CIVIL,1
7.52,4,0,1,1,13,50,348,2,CSE,0
6.06,2,8,6,3,37,55,454,5,IT,1
9.35,6,1,8,3,70,20,451,3,CSE,1
7.04,2,4,4,3,91,29,213,1,MECH,1
7.61,4,2,0,2,43,40,259,6,ECE,1
6.23,4,9,6,3,23,78,403,7,CIVIL,1
9.48,3,6,1,3,51,47,41,5,CIVIL,1
8.93,0,3,5,1,99,11,231,8,IT,1
8.27,5,8,6,0,22,83,302,8,MECH,1
9.72,1,4,4,0,99,96,94,3,CSE,1
8.79,0,0,6,2,41,90,431,7,ECE,1
6.54,3,6,3,1,61,10,472,7,ECE,1
9.34,3,5,3,0,81,55,332,3,MECH,1
9.74,5,10,1,2,0,71,395,1,IT,1
7.26,4,4,1,1,57,95,219,7,CSE,1
5.53,3,8,1,2,11,18,289,3,CSE,1
6.04,1,6,6,0,4,37,24,2,CSE,1
8.8,0,8,6,0,65,60,259,2,IT,1
9.92,3,6,1,1,63,6,123,6,MECH,1
9.69,2,7,0,2,27,0,6,6,CIVIL,1
7.55,4,3,3,3,15,95,185,1,CSE,1
6.97,2,6,6,0,56,83,495,6,ECE,1
9.09,1,8,0,3,91,33,8,2,ECE,1
6.23,3,2,6,0,6,43,31,3,CIVIL,1
9.1,5,9,1,0,16,66,420,5,IT,1
8.16,0,1,8,0,33,0,440,3,ECE,1
7.47,6,3,5,1,73,66,187,4,CSE,1
8.55,2,9,2,1,57,2,164,2,ECE,1
8.71,5,6,4,1,44,60,412,3,CSE,1
6.61,3,6,5,1,34,79,357,8,IT,1
9.65,0,4,1,2,29,73,463,8,IT,1
9.48,3,3,6,3,62,40,354,3,ECE,1
9.12,2,0,0,2,41,48,266,7,CSE,1
6.84,1,7,1,1,83,54,323,3,CSE,1
5.75,3,9,7,2,24,83,414,2,ECE,1
8.29,5,3,6,1,20,99,410,7,CSE,1
9.53,1,10,2,1,53,40,441,1,ECE,1
6.08,5,9,5,2,13,68,313,5,IT,1
9.54,3,6,2,0,43,83,222,5,IT,1
8.95,2,4,5,3,92,20,48,3,MECH,1
8.02,1,4,1,1,17,10,298,2,CSE,1
8.25,5,6,5,3,86,16,455,8,MECH,1
6.87,3,4,5,1,72,96,31,8,CSE,1
8.05,5,7,8,3,55,46,277,5,CIVIL,1
6.44,4,6,1,1,39,5,213,1,CIVIL,1
5.67,1,8,4,0,49,38,315,8,CIVIL,1
8.57,6,0,2,3,33,68,34,1,ECE,1
5.75,4,3,4,2,68,76,126,6,IT,1
8.25,6,1,6,2,95,13,151,8,ECE,1
7.56,5,9,8,1,73,33,430,7,CIVIL,1
6.02,4,9,8,3,41,73,2,6,IT,1
6.42,1,8,8,2,95,48,354,4,MECH,1
7.45,6,8,5,3,93,42,179,6,CSE,1
9.22,2,3,4,3,22,1,381,8,ECE,1
5.93,4,9,5,2,19,58,137,1,IT,1
7.26,5,9,0,3,21,83,399,7,CSE,1
8.86,3,2,1,1,23,24,193,8,CSE,1
6.0,3,2,0,2,32,53,52,4,MECH,1
5.65,5,6,8,0,17,5,287,8,IT,1
7.37,1,8,0,1,73,61,349,6,ECE,1
6.01,1,10,3,0,91,71,252,4,IT,1
7.36,2,7,2,2,13,2,460,4,CIVIL,1
6.63,0,6,7,0,28,68,207,5,CSE,1
7.15,0,1,0,2,54,78,345,4,ECE,1
9.55,3,4,4,1,79,6,476,1,MECH,1
7.12,5,8,6,0,8,73,275,6,IT,1
9.03,4,8,3,0,100,63,460,2,IT,1
5.72,4,6,3,0,55,16,308,2,CIVIL,1
6.04,2,2,4,1,45,20,351,8,CSE,1
7.13,6,2,6,3,67,22,121,4,ECE,1
9.0,4,1,1,3,47,53,464,6,MECH,1
7.5,5,5,1,2,48,88,436,2,ECE,1
9.28,4,1,8,0,20,49,382,8,ECE,1
6.26,3,9,1,1,6,96,84,6,IT,1
7.02,4,1,1,1,25,49,59,7,MECH,1
8.36,1,6,8,1,31,30,383,2,CIVIL,1
8.22,0,2,0,0,29,55,475,8,CIVIL,1
5.9,4,7,7,1,67,24,45,5,CIVIL,1
7.36,4,8,0,3,71,66,238,1,CIVIL,1
8.04,0,5,1,3,0,74,11,5,IT,1
8.36,5,3,5,2,22,27,277,7,CIVIL,1
8.59,1,0,4,2,61,2,108,7,IT,1
9.7,2,10,5,1,21,12,266,7,MECH,1
5.52,2,7,1,2,3,44,128,4,ECE,1
7.46,1,4,1,0,76,72,268,4,ECE,1
8.13,4,7,4,2,94,90,279,5,ECE,1
6.14,3,9,1,2,45,24,159,6,CIVIL,1
6.53,2,9,5,0,26,12,209,7,ECE,1
6.12,4,0,8,0,61,23,155,1,ECE,1
8.68,2,5,6,0,20,30,126,4,ECE,1
9.26,3,9,3,2,55,41,423,7,MECH,1
9.85,5,9,4,1,37,8,434,6,IT,1
7.27,2,3,5,1,98,97,7,5,MECH,1
8.74,1,1,2,1,33,6,415,2,IT,1
5.76,0,0,7,2,87,10,184,3,CSE,1
6.99,5,6,1,2,16,4,365,4,CIVIL,1
8.28,0,8,6,1,62,17,43,3,IT,1
7.06,4,1,7,3,86,26,70,7,CIVIL,1
6.42,4,5,3,3,52,51,314,6,IT,1
6.94,5,10,7,0,77,39,56,5,MECH,1
9.55,0,0,1,1,19,80,120,2,CSE,1
6.44,1,7,0,1,64,39,2,7,ECE,1
5.75,1,7,5,0,74,51,44,5,MECH,1
5.82,1,1,4,1,46,78,223,2,IT,1
8.71,4,8,2,0,17,74,33,2,CIVIL,1
8.11,4,4,3,2,24,91,28,7,CSE,1
7.8,6,5,7,0,98,25,286,6,IT,1
7.89,4,2,6,0,34,12,210,8,CIVIL,1
8.56,2,4,3,2,84,60,490,8,IT,1
8.98,0,0,1,2,2,45,167,3,IT,1
10.0,4,2,0,2,24,61,78,8,ECE,1
9.56,3,10,4,3,92,17,279,7,CSE,1
8.85,2,10,6,2,22,33,317,1,CIVIL,1
9.55,2,9,7,3,49,100,425,4,CSE,1
8.81,2,10,4,2,6,79,229,7,IT,1
8.69,4,5,2,2,84,67,151,2,ECE,1
6.26,5,3,4,2,68,50,71,6,IT,1
8.48,2,6,4,3,83,99,332,8,IT,1
8.13,0,1,2,2,2,42,492,5,ECE,1
7.72,1,6,1,3,47,6,407,4,ECE,1
9.07,5,6,7,2,97,82,14,8,CIVIL,1
9.35,0,5,2,3,93,33,177,6,ECE,1
7.98,1,0,1,1,49,19,138,8,ECE,1
9.01,0,1,7,1,98,20,352,3,IT,1
8.21,5,2,1,0,59,51,65,1,IT,1
8.36,2,7,8,3,44,65,234,1,CSE,1
9.29,3,4,7,3,86,13,484,2,MECH,1
9.88,2,0,3,3,95,61,252,7,MECH,1
7.49,3,1,5,0,99,88,163,4,IT,1
9.06,0,0,3,1,18,16,161,4,CIVIL,1
5.62,2,8,1,1,50,96,369,6,CSE,1
7.77,1,10,4,0,19,64,276,8,ECE,1
8.58,6,9,1,3,86,9,446,2,MECH,1
9.51,0,7,2,2,96,68,174,5,CIVIL,1
9.61,3,1,5,1,67,9,446,5,MECH,1
7.3,2,10,7,0,82,37,286,8,MECH,1
8.77,1,5,4,3,93,53,475,1,MECH,1
8.04,3,1,6,2,27,55,303,5,CIVIL,1
7.87,4,9,1,2,61,58,238,5,CIVIL,1
9.54,0,1,3,2,67,48,385,4,ECE,1
8.43,5,5,8,2,35,77,148,8,CSE,1
9.42,6,0,2,3,92,82,134,2,CIVIL,1
6.72,0,0,7,0,37,35,318,8,ECE,1
9.28,1,8,5,2,25,25,18,4,ECE,1
6.72,3,5,1,1,54,2,21,1,CSE,1
5.95,3,10,5,0,87,5,399,4,CIVIL,1
9.78,4,2,0,1,77,53,443,4,CIVIL,1
8.18,4,5,0,3,25,24,282,4,IT,1
7.21,2,0,0,3,96,32,194,6,ECE,1
6.17,5,7,5,0,85,25,303,2,IT,1
6.42,2,0,5,0,10,59,331,6,ECE,1
9.27,0,4,5,1,97,99,21,3,CSE,1
7.06,0,5,8,3,67,81,268,6,IT,1
7.47,5,6,2,1,8,50,383,5,MECH,1
9.52,5,1,7,0,79,77,499,3,CSE,1
9.92,4,0,2,0,66,47,434,2,ECE,1
8.39,4,6,8,3,82,84,58,7,CSE,1
8.57,6,5,6,0,45,71,461,6,ECE,1
5.59,0,3,4,3,92,30,148,1,ECE,1
8.88,6,5,6,1,61,100,10,5,CIVIL,1
6.63,3,5,6,3,22,11,339,7,CSE,1
8.73,6,1,4,1,95,32,135,5,IT,1
9.87,6,7,0,1,54,45,358,6,CSE,1
7.81,3,10,1,1,86,80,477,7,CSE,1
6.04,1,10,5,2,25,80,436,8,MECH,1
8.9,3,0,0,1,80,64,178,4,CIVIL,1
6.68,5,8,8,1,49,87,158,8,ECE,1
6.22,6,3,0,1,76,33,441,5,CSE,1
9.41,4,2,6,2,19,12,222,5,CSE,1
9.22,4,8,8,3,100,67,385,4,ECE,1
7.82,3,2,8,3,87,79,66,2,CSE,1
8.07,2,0,0,2,56,68,7,4,CIVIL,1
9.07,2,3,6,3,58,30,458,7,CSE,1
6.53,4,4,1,3,7,29,255,2,IT,1
7.23,2,8,6,0,47,52,371,1,IT,1
6.2,4,9,2,3,88,74,431,8,ECE,1
9.09,5,0,2,1,61,74,268,3,CIVIL,1
6.74,2,10,1,0,78,79,354,6,CIVIL,1
5.92,1,5,3,3,42,2,361,3,MECH,1
6.75,6,0,7,2,92,60,256,6,MECH,1
6.6,2,4,4,0,17,75,468,1,MECH,1
7.82,6,8,4,2,85,86,477,6,IT,1
9.57,3,1,8,0,21,80,212,6,MECH,1
9.19,0,7,0,2,54,20,316,8,MECH,1
6.19,0,5,7,2,42,68,47,8,CSE,1
9.25,2,5,7,1,63,63,426,6,MECH,1
8.7,0,2,6,0,20,78,163,6,CIVIL,1
5.81,1,9,8,3,33,30,260,5,IT,1
8.46,3,9,4,3,11,96,419,5,MECH,1
6.44,1,1,0,2,30,32,184,7,CSE,1
8.15,4,2,7,1,29,5,73,8,MECH,1
6.88,1,4,3,3,18,48,166,2,IT,1
8.57,3,6,8,2,34,41,141,3,IT,1
5.85,3,1,8,1,64,26,367,5,MECH,1
8.26,2,3,6,3,33,95,255,3,IT,1
6.06,1,1,5,3,33,54,93,4,IT,1
8.88,1,0,3,0,38,86,431,8,MECH,1
9.02,0,3,1,1,9,65,197,2,CIVIL,1
5.99,5,7,5,2,26,53,24,8,MECH,1
5.53,2,1,8,1,100,11,24,8,CIVIL,1
9.8,4,5,1,2,52,9,277,1,MECH,1
8.16,3,4,8,1,80,31,14,4,IT,1
6.13,0,5,5,0,93,90,294,5,ECE,1
8.11,4,4,3,2,43,40,489,3,CIVIL,1
9.69,6,9,0,1,18,61,158,5,CSE,1
8.02,5,7,5,0,49,41,173,6,CSE,1
8.59,3,0,1,0,17,53,159,4,CSE,1
8.97,2,7,4,3,80,49,145,1,IT,1
8.45,6,3,3,2,58,68,48,1,MECH,1
8.84,1,4,3,1,53,39,301,1,ECE,1
8.61,1,2,4,1,98,77,456,7,CSE,1
9.73,4,10,3,3,59,37,37,2,CIVIL,1
9.99,3,3,4,1,23,1,341,6,IT,1
8.19,1,7,3,3,17,72,392,6,MECH,1
9.53,3,2,8,0,46,81,482,1,CSE,1
8.77,3,8,4,1,1,80,88,2,CSE,1
6.28,1,6,0,1,7,69,310,8,MECH,1
9.58,5,10,1,3,20,87,365,4,CSE,1
9.62,3,1,0,1,20,52,126,1,IT,1
6.94,5,5,6,3,26,82,177,4,ECE,1
6.71,0,6,4,2,65,75,324,4,IT,1
7.67,6,7,8,0,39,54,168,4,CSE,1
9.39,4,6,5,0,54,37,422,8,IT,1
6.69,2,10,1,0,43,42,36,5,IT,1
9.42,1,4,8,0,15,95,112,7,CSE,1
5.98,1,4,7,0,71,88,415,6,IT,1
8.43,0,2,6,3,24,78,418,8,IT,1
8.55,6,10,7,0,25,100,195,3,CIVIL,1
9.34,6,4,3,3,15,5,454,8,ECE,1
9.54,5,1,4,2,53,0,435,5,CSE,1
9.94,1,1,8,3,89,10,240,2,IT,1
6.62,6,7,2,1,94,49,373,3,ECE,1
6.23,0,2,0,1,47,40,207,2,ECE,1
9.96,5,0,0,0,100,42,432,7,CIVIL,1
8.85,3,3,4,1,49,13,96,8,MECH,1
8.96,2,1,7,2,16,96,227,4,MECH,1
9.66,2,10,2,1,19,5,415,2,IT,1
9.14,2,4,8,3,41,20,96,7,ECE,1
9.63,6,8,6,3,9,48,270,5,MECH,1
7.89,1,10,5,2,72,100,218,2,MECH,1
9.78,2,9,7,2,65,80,497,8,IT,1
7.71,1,9,1,2,49,81,308,3,IT,1
6.89,5,5,6,3,19,56,136,3,IT,1
6.07,1,9,8,1,65,100,120,2,MECH,1
6.84,2,9,4,0,58,70,263,5,IT,1
7.02,2,6,5,2,73,68,118,5,CIVIL,1
8.86,5,8,6,2,97,83,168,8,IT,1
9.09,5,2,3,2,94,96,4,6,MECH,1
5.86,0,3,6,2,38,95,185,6,CIVIL,1
6.25,1,5,1,0,9,12,492,1,ECE,1
9.1,6,2,1,2,79,30,401,4,MECH,1
7.29,0,7,4,1,79,24,11,8,ECE,1
6.5,5,3,2,1,68,27,9,6,CSE,1
9.01,2,1,7,1,47,0,42,5,MECH,1
5.62,4,10,1,2,23,92,266,8,IT,1
5.67,5,3,5,0,87,26,357,5,CSE,1
8.96,4,0,6,1,98,11,16,3,CSE,1
7.35,3,9,0,3,26,18,408,1,IT,1
6.06,0,4,6,0,14,59,92,6,IT,1
9.19,0,7,6,3,58,40,70,5,CSE,1
6.05,4,6,1,1,45,33,452,7,CIVIL,1
8.36,3,7,1,2,0,90,171,7,MECH,1
7.78,6,10,3,2,27,14,146,4,CSE,1
5.89,6,1,4,3,87,75,284,2,CSE,1
7.32,5,2,0,0,63,38,104,4,IT,1
8.34,0,1,4,0,30,24,498,3,IT,1
7.67,6,3,6,3,70,97,23,1,IT,1
8.02,4,7,5,3,86,49,313,8,MECH,1
5.74,2,8,8,2,66,25,218,7,CIVIL,1
9.77,6,10,3,3,48,92,82,7,CSE,1
5.88,1,2,1,3,58,62,338,7,IT,1
9.45,1,8,8,3,57,54,489,6,CSE,1
8.66,2,7,7,2,63,80,73,8,CSE,1
6.35,1,3,6,3,4,45,295,3,CSE,1
9.35,6,5,2,1,60,10,419,4,MECH,1
7.85,5,9,0,3,74,55,187,8,ECE,1
9.73,1,5,1,0,76,60,396,5,ECE,1
9.64,3,5,6,3,7,82,413,3,IT,1
6.69,1,2,7,0,72,2,492,3,ECE,1
7.45,4,9,0,2,4,93,139,2,CIVIL,1
7.82,0,9,6,0,94,60,242,4,CSE,1
7.28,4,5,0,3,24,4,96,1,CIVIL,1
6.98,0,10,1,3,4,28,342,7,CIVIL,1
8.73,1,3,6,3,95,90,231,5,ECE,1
8.3,4,6,2,3,94,95,353,7,MECH,1
5.83,2,9,5,2,59,14,300,4,ECE,1
9.31,6,9,4,1,57,76,268,1,MECH,1
8.27,6,5,4,3,41,34,345,8,MECH,1
6.06,2,7,1,3,80,52,98,6,ECE,1
8.21,3,2,8,1,54,43,404,8,MECH,1
5.7,2,4,0,1,11,8,171,4,MECH,1
7.26,3,2,1,3,2,52,272,5,CIVIL,1
8.74,4,10,8,3,48,56,283,8,ECE,1
6.93,6,0,0,1,32,52,46,6,IT,1
6.04,0,6,5,2,67,26,420,1,MECH,1
8.24,1,9,5,3,65,19,459,6,IT,1
5.7,2,5,8,1,85,64,464,6,CSE,1
7.52,5,10,0,1,35,32,154,1,CIVIL,1
7.58,2,4,2,3,8,30,313,3,CIVIL,1
8.48,4,6,4,3,78,20,139,4,CIVIL,1
9.36,1,9,2,0,7,61,271,7,IT,1
8.47,2,10,3,2,41,57,310,2,ECE,1
5.73,0,2,0,2,85,20,269,2,CSE,1
6.05,0,5,6,1,19,42,224,1,IT,1
9.3,2,5,8,0,72,44,142,2,CSE,1
7.04,3,4,1,0,61,74,350,3,MECH,1
9.17,6,3,2,3,86,10,427,7,IT,1
6.69,1,9,6,3,83,14,417,1,MECH,1
9.21,5,9,1,2,92,92,106,2,CIVIL,1
8.81,1,7,5,2,24,11,22,6,IT,1
8.38,1,2,2,3,49,37,305,1,CIVIL,1
6.83,2,7,3,1,93,84,348,1,IT,1
5.81,1,7,1,3,18,75,383,4,CSE,1
8.13,3,7,0,2,58,18,74,2,IT,1
8.25,6,6,3,2,88,92,380,7,CIVIL,1
6.19,4,6,8,1,25,43,359,3,ECE,1
6.52,6,9,4,3,4,75,208,1,CSE,1
5.94,1,7,4,2,42,14,423,1,IT,1
9.18,4,9,8,0,24,81,345,2,IT,1
8.02,3,4,0,2,32,53,434,1,MECH,1
8.23,4,0,2,1,98,39,330,3,IT,1
8.34,0,6,1,0,77,43,39,3,ECE,1
8.23,3,8,1,3,10,92,462,6,IT,1
7.71,1,1,7,1,83,54,145,3,ECE,1
6.46,4,10,1,0,56,58,374,5,MECH,1
8.14,4,0,4,0,29,7,408,5,ECE,1
7.7,2,2,2,1,72,72,15,1,IT,1
9.1,3,2,2,0,63,90,16,4,CSE,1
7.31,2,4,6,1,84,53,460,4,CSE,1
8.96,6,1,8,1,26,68,251,7,IT,1
7.03,5,0,0,3,60,32,384,2,CSE,1
9.58,0,10,0,0,7,80,291,5,ECE,1
9.01,1,2,0,2,23,85,322,4,IT,1
6.37,0,8,7,3,42,2,419,7,CIVIL,1
9.18,6,10,2,0,7,78,65,2,ECE,1
8.22,1,9,7,0,81,20,334,1,CSE,1
8.15,1,8,7,0,22,91,393,3,MECH,1
6.03,3,2,8,2,97,56,170,2,MECH,1
8.7,5,2,2,3,63,61,368,6,IT,1
9.99,5,7,4,1,99,23,101,2,CSE,1
8.63,6,1,8,2,6,15,434,1,ECE,1
5.95,2,6,6,3,61,52,46,5,IT,1
6.18,5,5,5,2,26,98,200,4,MECH,1
9.99,0,0,4,2,52,29,250,3,CSE,1
9.33,4,1,2,1,80,56,466,4,CIVIL,0
7.93,1,3,2,0,26,20,8,3,ECE,1
7.73,4,0,8,1,64,38,282,2,ECE,1
9.05,3,5,1,3,90,58,78,5,IT,1
8.01,6,6,6,1,3,72,456,4,ECE,1
8.89,6,1,2,0,99,46,400,1,IT,1
7.14,5,7,7,1,85,56,381,6,CSE,1
7.34,5,2,2,3,42,31,63,5,MECH,1
7.81,4,1,1,3,53,74,281,2,CIVIL,1
6.77,3,4,8,3,49,75,387,7,IT,1
7.58,6,6,3,2,89,95,445,2,CSE,1
9.59,6,5,7,3,23,28,446,4,CIVIL,1
7.5,0,0,3,2,33,87,350,4,IT,1
9.38,4,7,3,1,78,75,181,3,CSE,1
7.46,2,0,0,3,99,13,500,3,CIVIL,1
7.69,1,2,7,0,18,23,45,1,IT,1
5.78,5,10,7,3,29,20,145,7,MECH,1
8.59,1,2,2,3,43,64,481,3,IT,1
7.15,6,0,6,1,69,70,88,2,IT,1
7.75,5,4,0,3,59,48,33,3,ECE,1
5.87,0,9,6,2,82,43,111,1,IT,1
6.99,3,5,6,0,8,33,36,6,MECH,1
9.16,2,2,6,1,72,2,221,8,CSE,1
7.07,1,2,4,2,89,43,405,8,CIVIL,0
8.58,6,0,5,3,51,17,67,2,MECH,1
6.9,6,7,7,1,27,32,49,5,IT,1
8.22,0,2,2,1,42,58,314,8,CIVIL,1
8.53,4,2,7,3,72,76,122,3,CSE,1
8.79,3,2,6,3,23,3,14,8,MECH,1
9.82,5,3,4,1,93,17,67,5,ECE,1
7.35,4,2,5,1,9,88,479,1,MECH,1
8.31,3,7,1,3,56,92,265,6,CSE,1
5.64,4,4,1,1,34,98,458,7,ECE,1
7.49,5,4,7,2,35,21,481,4,IT,1
6.72,4,10,1,1,96,98,315,4,CSE,1
6.19,4,10,0,3,72,37,120,7,MECH,1
7.52,1,5,6,2,84,57,355,3,CIVIL,1
7.28,0,10,1,3,6,23,26,7,IT,1
9.65,4,3,2,3,6,68,238,6,CIVIL,1
9.13,5,10,4,0,29,7,354,1,ECE,1
9.77,4,9,8,1,76,86,80,3,MECH,1
8.5,5,0,7,2,6,47,456,8,ECE,1
8.08,5,6,8,3,44,66,306,1,CIVIL,1
8.04,1,0,3,3,49,92,189,7,IT,1
5.8,0,6,0,1,36,45,373,8,IT,1
8.54,2,5,8,1,63,46,243,7,CIVIL,1
9.92,0,0,5,1,15,67,45,2,MECH,1
6.92,3,7,4,1,15,7,352,1,CIVIL,1
5.65,1,8,2,1,34,82,52,2,MECH,1
8.84,1,9,0,1,30,94,389,8,CIVIL,1
9.06,4,2,1,0,79,95,61,4,IT,1
7.77,4,6,2,3,83,88,336,4,CIVIL,1
6.16,0,0,5,1,66,71,352,2,CSE,1
7.69,0,8,6,0,32,80,292,6,IT,1
6.36,4,9,8,2,95,7,495,6,CIVIL,1
5.85,5,0,7,1,40,66,249,2,CSE,1
8.65,0,3,0,3,22,22,200,2,IT,1
7.57,3,1,7,3,8,31,326,2,CIVIL,1
8.1,6,2,8,3,88,34,284,2,ECE,1
8.76,5,0,1,2,70,88,427,7,CIVIL,1
8.93,0,0,7,2,63,50,247,7,IT,1
7.76,3,7,6,3,84,57,259,4,MECH,1
6.14,2,7,4,0,36,0,120,1,MECH,1
8.72,1,4,5,0,99,38,282,8,ECE,1
7.12,6,3,8,0,7,84,405,3,MECH,1
8.47,1,6,1,1,53,76,227,3,MECH,1
7.51,1,0,1,0,41,1,186,7,IT,0
8.71,1,8,2,3,52,54,446,2,ECE,1
6.12,1,5,4,3,13,50,293,7,MECH,1
9.92,2,8,3,1,88,37,380,6,IT,1
9.0,6,2,0,2,34,19,294,8,ECE,1
9.56,4,4,0,0,22,53,174,8,CIVIL,1
7.26,1,7,5,0,94,58,94,7,ECE,1
6.23,3,3,7,1,75,89,341,7,CIVIL,1
6.8,2,7,6,0,69,79,79,2,CSE,1
7.8,1,4,3,3,8,40,378,2,IT,1
8.38,4,5,1,2,5,64,154,6,ECE,1
7.56,2,5,8,1,75,57,479,3,ECE,1
9.63,6,6,1,1,1,0,161,8,IT,1
9.18,3,8,2,1,76,50,233,2,IT,1
6.68,0,10,6,2,75,88,119,3,ECE,1
8.98,6,7,5,0,25,59,195,1,IT,1
7.73,5,10,1,0,24,73,97,2,CSE,1
6.95,0,0,6,0,19,93,470,4,MECH,1
6.52,1,7,7,1,47,85,258,4,ECE,1
8.78,4,7,7,1,8,66,101,6,IT,1
6.3,1,3,4,3,84,51,482,7,CIVIL,1
7.61,6,4,1,2,16,67,348,5,CIVIL,1
6.46,2,1,3,2,44,61,17,8,CSE,1
5.56,6,3,7,2,94,2,148,4,CSE,1
9.64,5,6,6,0,51,77,91,7,CSE,1
5.95,1,10,2,1,73,66,185,3,CSE,1
5.82,0,6,2,2,14,56,330,4,CIVIL,1
7.33,0,9,7,3,100,54,18,1,CIVIL,1
7.66,4,9,3,0,15,9,67,5,IT,1
5.5,1,2,6,1,98,69,210,6,CSE,1
6.42,5,1,4,3,76,97,171,4,ECE,1
9.45,4,4,8,3,69,56,344,5,MECH,1
8.43,1,10,2,0,52,70,495,3,MECH,1
8.45,2,3,4,2,56,68,430,5,CSE,1
9.9,1,10,4,1,94,23,67,5,MECH,1
6.45,3,4,8,3,58,81,9,7,CIVIL,1
6.28,2,7,0,1,68,3,485,3,CIVIL,1
9.77,2,5,8,0,13,58,254,1,CSE,1
5.73,3,7,6,3,38,40,355,5,IT,1
6.93,0,10,3,3,73,13,9,3,ECE,1
9.03,5,2,4,1,79,2,124,2,CIVIL,1
8.57,1,8,8,0,55,90,349,4,CIVIL,1
6.54,2,5,8,1,67,92,267,5,ECE,1
5.54,2,6,3,3,96,15,220,5,CIVIL,1
9.76,4,9,6,1,66,73,486,3,ECE,1
8.61,4,4,7,2,87,69,145,6,ECE,1
9.15,4,2,6,1,34,98,455,5,CIVIL,1
7.53,3,9,6,3,78,36,148,7,CIVIL,1
7.54,4,6,5,0,24,14,378,3,ECE,1
8.13,6,9,8,0,90,28,399,1,ECE,1
9.54,3,0,1,2,38,86,422,2,ECE,1
8.84,4,0,2,1,67,68,468,4,IT,1
9.27,1,8,4,2,50,47,375,4,IT,1
6.43,4,6,4,0,65,89,420,7,CSE,1
7.73,5,1,1,0,94,3,472,2,CIVIL,1
8.23,4,8,0,2,57,89,442,2,MECH,1
6.13,6,6,6,1,56,47,93,7,ECE,1
7.44,3,6,2,2,80,76,131,4,CIVIL,1
8.14,4,3,4,3,84,61,491,3,ECE,1
5.53,5,3,6,0,40,2,368,7,IT,1
8.27,2,8,7,3,12,76,78,2,MECH,1
8.0,0,5,8,0,52,71,340,4,IT,1
9.76,1,0,7,3,96,95,48,8,MECH,1
8.39,5,8,1,1,85,3,190,8,MECH,1
9.56,2,5,2,0,100,92,276,2,IT,1
9.82,4,2,5,3,64,11,99,1,IT,1
8.13,4,8,0,1,100,79,126,6,CIVIL,1
8.72,3,10,8,1,46,12,99,2,CIVIL,1
8.29,0,2,4,3,18,6,279,6,CIVIL,1
8.83,5,3,6,2,36,38,301,2,ECE,1
6.03,3,6,4,2,24,62,131,3,CSE,1
5.88,5,9,3,3,74,81,193,2,IT,1
5.95,2,7,4,2,14,8,387,1,MECH,1
6.31,3,8,2,1,92,73,357,2,ECE,1
9.3,1,8,3,0,68,41,119,3,CIVIL,1
5.57,6,7,2,0,68,80,14,5,ECE,1
6.41,1,2,0,2,45,75,129,7,IT,1
6.86,6,3,3,0,23,34,317,3,ECE,1
9.08,4,9,1,1,49,78,46,3,MECH,1
5.62,1,2,8,0,44,25,8,5,CSE,1
9.35,5,6,1,3,77,82,265,4,ECE,1
5.51,6,10,3,3,12,65,14,5,CIVIL,1
7.06,6,0,5,3,89,22,249,7,ECE,1
6.39,4,2,2,0,48,23,293,8,CSE,1
7.28,1,4,5,3,54,69,97,1,CIVIL,1
6.38,5,8,7,1,50,92,415,3,IT,1
8.31,3,4,3,3,0,98,443,1,CIVIL,1
7.36,0,9,7,3,17,63,476,6,CIVIL,1
9.77,2,1,7,3,27,93,171,3,MECH,1
8.66,4,4,4,3,96,97,158,5,CIVIL,1
9.95,6,8,6,1,63,23,460,4,CSE,1
6.92,3,6,5,2,99,35,204,5,IT,1
7.67,0,6,8,3,82,53,176,4,MECH,1
9.08,2,3,6,0,62,44,453,7,MECH,1
8.61,4,7,2,3,45,63,122,6,CIVIL,1
6.33,6,4,2,2,8,83,88,6,IT,1
7.72,3,5,6,0,60,88,476,5,CSE,1
8.85,1,7,5,2,11,27,83,3,ECE,1
6.83,4,4,7,1,89,11,72,5,MECH,1
7.07,0,6,0,0,41,81,212,6,CIVIL,1
6.24,5,2,8,3,73,94,161,3,IT,1
6.02,1,5,1,1,41,34,342,1,ECE,1
6.51,5,0,0,2,40,83,386,1,ECE,1
7.57,1,2,0,3,90,54,102,2,CSE,1
7.55,1,8,2,2,47,52,458,6,MECH,1
6.93,1,5,6,0,0,5,2,4,ECE,1
5.99,3,6,0,2,54,1,358,4,ECE,1
9.3,0,8,8,2,55,90,474,5,CIVIL,1
8.44,3,10,8,2,3,93,461,6,CIVIL,1
7.8,0,9,1,2,67,90,20,3,CSE,1
5.76,6,1,4,1,96,36,81,8,MECH,1
9.28,5,1,6,0,65,70,150,1,ECE,1
9.68,2,3,2,3,8,67,132,5,ECE,1
7.33,3,6,0,2,66,82,201,8,MECH,1
9.77,2,1,4,3,67,13,260,8,IT,1
7.5,3,4,5,3,100,20,316,5,IT,1
9.96,3,3,5,1,78,100,197,7,IT,1
8.95,2,9,2,3,68,85,302,8,CSE,1
9.38,5,7,7,0,89,16,191,3,CSE,1
6.87,1,0,2,0,85,93,204,4,MECH,1
7.08,5,9,7,3,5,56,66,4,CSE,1
8.54,1,4,6,3,71,72,35,2,IT,1
7.74,6,10,0,1,13,92,499,2,CIVIL,1
8.2,2,2,2,3,5,33,54,6,CSE,1
8.37,3,7,2,2,61,75,56,3,MECH,1
7.62,3,3,4,2,10,39,102,5,CSE,1
7.87,2,3,7,0,59,43,240,6,CIVIL,1
6.72,6,7,2,2,29,49,156,5,MECH,1
8.4,6,7,8,0,9,5,491,4,MECH,1
7.52,2,9,8,2,51,81,442,3,ECE,1
9.41,2,10,6,1,68,60,247,7,ECE,1
7.69,6,7,1,2,31,2,493,5,CIVIL,1
7.84,1,6,7,3,37,82,419,1,MECH,1
8.19,6,8,0,3,94,52,233,3,ECE,1
9.55,6,3,7,0,20,100,20,3,CSE,1
8.07,0,6,0,2,32,3,327,4,CIVIL,1
9.05,6,10,2,2,52,84,376,3,ECE,1
8.07,4,10,1,3,31,46,441,4,IT,1
9.81,2,7,4,1,75,59,1,2,ECE,1
6.05,4,7,4,3,43,65,62,4,MECH,1
6.98,3,6,1,3,32,60,324,8,CSE,1
9.23,6,4,8,3,8,46,282,5,CIVIL,1
6.37,2,1,1,0,86,59,313,2,CSE,1
8.71,3,4,8,3,92,3,41,6,ECE,1
8.9,1,3,0,1,51,56,204,1,MECH,1
6.87,3,7,1,0,40,10,112,5,ECE,1
9.83,5,10,7,1,79,96,131,6,CIVIL,1
9.36,3,0,8,0,76,2,374,1,ECE,1
8.4,6,5,4,0,11,57,59,1,CSE,1
6.75,2,0,0,1,99,66,171,1,MECH,1
9.42,3,8,2,1,40,37,66,7,CSE,0
8.0,6,9,6,0,38,90,226,6,CSE,1
8.98,4,5,5,3,37,4,306,7,ECE,1
9.05,0,6,8,2,45,18,313,1,CIVIL,1
7.15,6,4,7,2,87,19,152,1,IT,1
9.25,2,4,4,1,28,97,408,8,ECE,1
6.56,5,0,8,1,11,78,56,1,MECH,1
6.08,1,10,4,0,77,12,472,4,CIVIL,1
9.85,4,8,0,1,55,96,187,2,IT,1
6.13,5,1,7,2,76,11,390,1,MECH,1
7.06,3,7,5,1,55,67,116,1,MECH,1
6.59,2,9,7,3,43,42,484,7,MECH,1
8.68,5,7,0,1,69,73,277,4,IT,1
9.7,2,4,0,3,80,32,447,4,CSE,1
8.43,2,9,4,3,43,13,171,7,ECE,1
5.6,5,10,1,1,18,34,358,3,MECH,1
7.87,3,5,3,0,46,63,460,1,MECH,1
9.83,6,4,0,0,82,21,423,8,IT,1
7.3,2,3,7,0,85,35,70,3,ECE,1
7.6,2,2,3,2,97,4,396,3,CIVIL,1
7.5,2,10,1,1,22,42,177,5,CSE,1
7.07,1,6,3,2,23,31,21,8,CIVIL,1
9.17,0,5,6,1,98,93,330,7,CSE,1
7.13,5,9,1,0,25,91,457,4,CIVIL,1
5.63,3,6,5,0,84,29,346,6,IT,1
9.37,5,4,5,3,65,17,248,1,IT,1
6.12,6,1,0,1,46,33,267,2,ECE,0
9.01,6,4,0,0,37,25,453,1,MECH,1
8.58,6,0,8,2,90,64,459,7,CIVIL,1
8.79,1,5,6,2,52,98,200,2,ECE,1
8.6,6,8,8,1,53,58,5,3,CIVIL,1
8.96,3,8,1,2,75,83,241,8,IT,1
7.82,3,0,2,0,99,8,319,3,IT,1
7.63,1,4,5,1,81,89,404,2,CSE,1
6.96,0,9,1,3,88,56,155,6,ECE,0
8.34,5,1,3,0,16,10,318,1,ECE,1
7.61,2,7,1,0,52,55,497,2,CIVIL,1
9.92,3,1,7,3,42,37,97,8,ECE,1
8.22,3,10,4,0,50,35,279,1,MECH,1
9.1,5,1,2,2,24,46,192,1,CIVIL,1
7.74,2,5,4,3,15,35,89,8,IT,1
6.43,2,3,2,3,38,38,101,2,IT,1
9.9,0,6,5,0,30,91,493,2,CSE,1
9.09,4,4,2,2,24,100,393,3,CIVIL,1
9.63,1,3,6,1,34,12,342,2,MECH,1
8.92,1,2,6,3,0,72,155,1,IT,1
8.33,1,4,0,3,91,36,452,1,IT,1
6.58,5,2,4,2,75,28,163,6,ECE,1
8.57,2,0,3,0,83,83,15,1,MECH,1
6.84,1,8,3,0,74,57,1,5,CIVIL,1
9.18,4,2,5,0,9,31,43,3,ECE,1
9.78,3,8,8,3,79,48,314,6,IT,1
9.07,2,5,8,2,80,23,487,6,CSE,1
6.03,5,3,5,1,72,27,377,2,ECE,1
9.48,4,0,1,0,59,0,108,4,CIVIL,1
8.77,4,8,1,3,8,21,264,5,ECE,1
7.7,2,2,1,3,19,31,14,3,CSE,1
5.54,3,3,4,0,79,90,265,6,ECE,1
6.13,4,2,0,0,98,65,41,5,IT,1
7.9,2,0,2,1,15,66,127,6,CIVIL,1
5.7,6,8,4,3,6,99,60,3,IT,1
7.96,5,9,6,0,71,94,319,1,ECE,1
8.76,4,2,8,0,60,95,127,5,IT,1
9.88,3,3,3,0,50,68,60,7,IT,1
8.58,1,8,3,2,13,28,400,2,CSE,0
8.36,0,2,3,1,51,5,209,7,CIVIL,1
8.41,0,4,4,2,87,37,23,7,IT,1
7.69,0,4,2,2,58,11,252,1,CIVIL,1
5.64,4,4,4,0,80,56,148,4,MECH,1
8.94,4,5,8,2,11,39,390,5,ECE,1
9.1,1,1,1,2,43,52,294,2,IT,1
6.7,3,8,0,1,49,4,245,8,CSE,1
9.38,5,1,5,1,91,78,28,1,ECE,1
8.53,1,9,8,3,59,43,283,1,CIVIL,1
9.47,0,9,4,1,90,37,381,5,CIVIL,1
9.19,1,2,6,0,6,53,420,4,IT,1
6.33,1,7,6,3,27,87,475,2,CSE,1
9.11,1,4,0,2,42,25,245,1,ECE,1
7.31,6,6,1,3,40,4,467,1,MECH,1
5.68,3,2,7,1,11,42,38,7,CIVIL,1
8.41,5,3,5,0,17,84,68,5,CIVIL,1
6.03,0,4,5,3,46,90,105,7,MECH,1
7.45,5,10,6,3,83,90,424,6,IT,1
8.65,4,9,6,2,62,60,287,5,CIVIL,1
9.21,1,0,8,1,69,48,177,5,IT,1
5.93,6,5,1,2,94,51,55,5,MECH,1
8.79,3,1,5,0,24,50,481,6,CIVIL,1
8.45,0,1,7,2,50,47,314,6,IT,1
6.76,3,8,0,2,67,88,34,3,ECE,1
9.8,6,1,6,1,48,6,37,3,MECH,1
9.09,4,4,7,2,15,5,125,1,CSE,1
8.45,0,0,4,1,3,41,393,7,CIVIL,1
7.19,6,9,4,1,64,44,449,5,CSE,1
8.48,4,8,8,2,47,56,314,5,ECE,1
9.87,3,6,6,2,95,46,473,7,IT,1
9.39,5,3,6,3,34,73,304,5,MECH,1
7.86,0,9,5,0,80,66,398,3,CSE,1
5.88,6,1,0,3,40,26,16,3,IT,1
5.78,0,3,1,2,70,0,125,6,ECE,1
7.6,0,3,6,3,76,56,41,3,CSE,1
7.11,5,6,1,0,16,38,156,5,CIVIL,1
9.89,0,7,2,1,96,17,491,7,MECH,1
8.8,3,5,5,1,58,65,162,4,MECH,1
7.02,0,0,3,1,46,26,348,5,CSE,1
7.36,2,0,1,2,26,23,51,1,ECE,1
6.03,5,1,0,1,2,46,78,1,MECH,1
7.49,0,5,8,0,92,91,217,4,CIVIL,1
6.07,0,5,4,1,88,69,31,2,CIVIL,1
8.06,6,1,2,2,97,56,234,7,IT,1
7.96,6,4,0,1,27,94,420,8,CSE,1
8.05,2,3,7,2,72,69,155,3,CIVIL,1
7.73,5,9,1,3,14,78,118,1,CSE,1
6.76,6,10,5,2,66,0,251,6,ECE,1
9.69,2,3,5,0,88,23,441,2,CIVIL,1
7.08,3,4,5,0,58,57,216,2,CIVIL,1
9.08,3,3,3,1,15,93,187,7,MECH,1
7.6,3,10,0,2,8,68,64,7,CSE,1
7.45,3,6,4,2,37,100,209,5,ECE,1
9.78,1,0,7,3,39,5,262,5,MECH,1
9.56,3,5,7,0,58,96,55,7,CIVIL,1
7.75,2,7,0,2,80,100,31,1,MECH,1
9.8,0,5,0,1,74,31,444,2,CSE,1
5.91,1,8,3,1,44,82,294,1,CSE,1
9.24,1,0,1,3,40,39,330,6,CIVIL,1
9.49,2,5,1,2,27,77,386,1,CSE,1
5.97,6,0,6,1,21,78,190,5,CSE,1
9.14,0,0,8,3,0,73,222,4,IT,1
7.27,6,5,1,3,44,51,194,1,MECH,1
6.41,0,0,1,1,55,64,448,2,CSE,1
8.51,3,5,0,1,38,98,199,3,ECE,1
9.34,4,9,0,1,28,82,212,4,IT,1
6.34,1,3,5,0,45,50,369,1,ECE,1
9.71,0,4,2,3,86,52,154,6,ECE,1
9.88,0,10,1,0,50,46,33,8,IT,1
9.48,6,4,4,1,91,44,461,2,CSE,1
9.73,5,10,6,2,21,92,98,2,IT,1
6.29,3,1,6,0,89,22,225,6,IT,1
6.17,3,9,7,1,22,7,394,7,ECE,1
5.77,2,1,5,2,74,45,275,5,ECE,1
7.19,1,2,1,3,51,65,135,1,ECE,1
6.14,3,0,5,0,68,43,385,4,MECH,1
7.08,4,0,7,0,76,100,146,5,CIVIL,1
7.27,0,9,6,0,18,67,476,3,ECE,1
8.45,3,5,5,3,68,53,489,6,CSE,1
6.58,0,8,0,0,84,92,158,8,IT,1
6.82,4,3,2,3,79,23,247,5,CSE,1
8.67,5,8,4,2,65,87,134,7,CSE,1
6.82,3,8,0,3,92,72,416,4,CSE,1
9.76,4,0,8,2,2,0,230,5,IT,1
6.25,2,1,6,2,19,72,496,5,MECH,1
8.55,0,2,7,0,87,89,213,3,IT,1
8.14,3,7,6,3,88,79,209,4,ECE,1
7.32,0,5,8,2,68,61,131,7,CSE,1
9.15,3,6,2,1,100,87,85,2,CIVIL,1
8.4,2,7,7,2,5,52,78,3,MECH,1
8.6,5,10,5,0,88,17,33,2,CSE,1
7.26,3,1,3,3,66,24,295,5,IT,1
8.6,0,6,4,0,41,89,90,5,IT,1
8.28,0,10,0,0,4,56,365,3,ECE,1
8.55,4,5,8,0,8,34,47,2,IT,1
8.12,3,10,0,3,27,61,295,5,CIVIL,1
7.82,5,2,5,0,92,31,433,4,IT,1
6.69,0,6,8,1,18,33,256,1,MECH,1
7.01,3,9,1,2,11,36,372,6,ECE,0
5.81,6,4,7,2,60,22,399,1,ECE,1
8.23,4,9,8,1,97,62,276,2,ECE,1
7.09,6,2,4,3,74,26,194,5,IT,1
8.12,2,1,7,0,4,36,40,1,ECE,1
8.77,0,1,4,3,51,23,53,5,CIVIL,1
9.34,2,4,3,1,39,50,106,1,CSE,1
8.67,2,5,7,3,58,16,114,6,MECH,1
8.34,6,3,5,1,96,52,132,7,IT,1
8.61,5,4,5,3,20,61,160,3,CIVIL,1
6.27,6,6,8,0,83,65,299,4,ECE,1
8.92,2,7,7,3,87,2,371,1,CIVIL,1
9.98,0,1,2,0,63,87,375,8,CIVIL,1
7.51,4,8,3,0,79,85,306,3,CSE,1
9.45,3,1,6,3,43,41,186,6,CSE,1
5.56,0,0,8,2,89,76,0,6,CSE,1
5.69,1,9,7,3,9,65,267,4,ECE,1
9.25,0,5,3,2,83,27,463,5,CIVIL,1
8.91,4,0,4,2,54,17,120,2,CSE,1
9.25,0,4,8,1,51,0,311,4,MECH,1
6.02,4,3,2,3,50,65,135,1,CSE,1
5.94,1,5,2,0,77,8,146,8,IT,1
7.79,0,4,3,2,74,51,322,6,CSE,1
5.76,1,5,3,2,15,24,195,5,CIVIL,1
7.25,4,8,4,3,3,7,68,2,CIVIL,1
5.53,4,4,2,0,29,27,138,1,CIVIL,1
7.18,0,1,7,2,86,29,225,5,ECE,1
7.18,1,9,6,3,31,76,136,6,CIVIL,1
6.68,2,2,4,1,97,72,169,2,MECH,1
7.04,2,4,0,3,97,86,126,8,IT,1
5.76,2,4,7,1,47,5,176,4,IT,1
7.81,1,0,6,3,21,28,278,3,CIVIL,1
8.27,0,3,3,2,45,89,482,7,MECH,1
7.84,6,6,2,3,18,41,138,6,IT,1
5.55,1,7,8,2,51,47,207,5,IT,1
7.65,5,0,2,1,16,63,84,8,CIVIL,1
5.98,1,1,4,2,25,70,287,8,IT,0
6.38,0,8,8,3,6,45,20,8,CIVIL,1
8.57,5,9,3,3,87,19,489,7,ECE,1
7.31,3,8,2,2,73,67,318,7,IT,1
9.3,2,5,1,0,11,5,143,3,IT,1
7.83,0,1,0,3,6,42,476,1,CSE,1
8.08,3,3,1,3,78,30,67,4,MECH,1
6.53,5,6,6,2,47,53,373,4,IT,1
9.97,6,7,3,0,44,82,491,6,ECE,1
8.43,1,6,0,1,29,51,74,2,ECE,1
7.9,0,8,1,0,16,57,411,3,IT,1
9.11,0,4,3,2,8,90,190,5,CIVIL,1
7.36,4,10,8,1,69,57,211,1,MECH,1
8.61,6,9,1,0,59,27,290,2,MECH,1
9.22,0,8,3,0,53,62,458,3,ECE,1
9.43,2,0,8,1,34,63,274,4,ECE,1
6.38,2,6,7,0,56,92,109,8,ECE,1
9.82,1,1,2,3,18,55,461,2,IT,1
6.34,1,7,1,2,60,7,300,5,ECE,1
5.97,1,8,2,0,78,52,113,5,CIVIL,1
6.57,2,8,5,0,4,93,286,2,CIVIL,1
9.73,4,3,8,0,24,28,412,3,CIVIL,1
8.7,5,4,8,1,68,8,433,5,CIVIL,1
6.55,6,3,4,3,79,94,78,8,ECE,1
7.99,0,2,7,1,94,26,108,7,IT,1
9.77,0,6,6,3,88,59,116,4,CSE,1
9.31,2,9,7,0,27,56,7,5,IT,1
9.79,2,5,8,2,76,13,173,1,ECE,1
6.18,3,2,1,0,75,67,181,1,IT,1
9.92,3,0,5,2,17,16,269,4,CIVIL,1
9.51,5,4,2,2,66,11,365,7,IT,1
7.13,0,6,2,3,50,31,492,5,MECH,1
6.5,6,5,6,1,86,14,430,3,IT,1
6.01,1,8,0,0,40,90,154,8,IT,1
9.03,0,7,1,3,26,30,104,3,ECE,1
7.36,1,7,8,1,76,16,329,5,ECE,1
9.59,5,6,8,3,21,21,169,1,CSE,1
9.09,5,0,8,3,3,11,210,8,CIVIL,1
8.6,2,3,8,3,57,25,98,7,MECH,1
6.58,2,2,8,0,32,53,160,3,ECE,1
9.31,5,10,2,0,25,8,236,4,ECE,1
7.49,2,2,3,1,28,63,106,3,MECH,1
8.3,4,3,3,0,81,11,435,6,CIVIL,1
9.04,5,8,8,3,16,71,230,5,CSE,1
6.2,1,8,7,1,14,72,7,1,CIVIL,1
8.53,5,9,5,2,7,42,301,3,ECE,1
8.02,4,7,6,2,77,11,111,5,IT,1
9.1,4,10,0,3,82,49,246,4,MECH,1
6.13,3,3,0,0,80,12,324,6,MECH,1
8.58,5,10,5,2,41,79,470,6,IT,1
8.32,2,4,8,2,12,14,249,1,ECE,1
9.27,6,3,3,0,85,65,464,8,ECE,1
6.02,2,7,3,0,66,33,202,4,CSE,1
9.72,0,1,0,0,24,24,43,8,IT,0
8.63,1,7,4,1,58,54,293,3,CSE,1
7.26,4,9,5,2,4,21,133,8,IT,1
6.93,6,0,8,0,32,12,160,5,CIVIL,1
9.46,1,2,5,2,64,85,194,4,CSE,1
7.0,1,0,6,0,14,94,329,8,ECE,1
8.64,2,5,3,3,27,4,184,1,CIVIL,1
7.45,1,7,4,2,25,89,231,7,ECE,1
7.65,3,9,0,3,70,89,291,7,MECH,1
9.07,3,0,0,3,79,24,363,8,IT,1
6.24,4,10,0,1,65,4,150,7,IT,1
6.06,2,2,5,0,22,79,77,3,CIVIL,1
9.39,4,10,1,0,54,23,44,6,ECE,1
8.74,6,2,5,0,98,63,281,5,IT,1
5.85,1,1,4,2,54,82,70,6,CSE,1
9.74,0,3,5,2,39,55,60,3,CSE,1
8.21,3,0,8,0,83,71,175,8,CIVIL,1
7.45,1,3,0,0,45,41,442,5,CSE,1
9.21,1,2,1,1,89,84,150,5,CSE,1
7.33,5,7,7,3,31,89,75,3,CIVIL,1
8.66,1,10,0,0,38,98,207,3,ECE,1
6.79,1,7,0,0,16,46,88,8,MECH,1
8.45,1,10,8,3,71,47,58,8,IT,1
8.07,0,4,4,3,11,51,14,2,ECE,1
8.38,5,5,1,2,19,80,390,8,MECH,1
9.14,4,5,5,1,2,45,257,1,CSE,1
7.89,3,1,6,0,62,74,270,6,MECH,1
6.81,3,5,0,3,66,62,175,7,ECE,1
9.74,3,5,3,3,34,63,159,5,CIVIL,1
6.97,2,1,6,1,39,80,12,3,CIVIL,1
9.04,0,10,0,2,54,12,443,4,IT,1
5.8,1,3,3,1,59,20,71,8,ECE,1
6.62,0,8,0,2,26,41,268,3,MECH,1
9.1,1,6,3,3,91,25,202,4,IT,1
7.54,0,1,3,3,70,63,223,6,ECE,1
8.7,4,1,8,1,89,86,312,5,IT,1
8.79,4,6,5,2,8,96,471,5,CSE,1
7.38,5,6,0,1,1,33,453,4,ECE,1
9.38,1,4,3,2,69,45,17,2,ECE,1
6.24,3,9,1,0,82,52,232,6,CIVIL,1
6.26,3,8,2,1,13,65,412,4,CSE,1
6.12,0,7,4,0,10,48,497,1,MECH,1
7.8,0,3,3,3,57,5,272,8,ECE,1
6.54,5,8,5,0,81,2,54,6,CIVIL,1
9.04,1,1,1,1,54,18,417,5,ECE,1
9.46,5,2,6,0,89,87,60,3,CIVIL,1
6.58,2,0,0,3,92,69,79,4,CIVIL,1
8.3,4,4,1,1,64,67,456,4,CIVIL,1
6.89,3,2,4,0,36,80,393,6,IT,1
9.68,5,4,8,1,76,40,13,2,CIVIL,1
8.31,0,3,4,3,18,66,352,2,CSE,1
9.26,3,10,0,2,49,16,276,1,ECE,1
8.72,6,2,6,0,43,97,102,7,IT,1
7.95,2,9,8,2,17,77,369,5,IT,1
7.95,5,10,6,0,12,76,87,4,IT,1
6.6,4,9,0,0,27,56,338,4,ECE,1
8.2,4,3,7,1,83,21,346,2,CIVIL,1
8.85,5,6,2,2,56,14,478,1,IT,1
6.5,0,3,0,0,88,41,434,4,CIVIL,1
7.39,0,8,2,0,24,25,424,3,ECE,1
8.53,5,3,3,1,6,34,77,3,CIVIL,1
9.81,5,0,5,1,49,96,457,7,IT,1
8.31,2,5,8,1,60,77,468,7,CSE,1
5.62,6,10,3,0,33,54,160,4,MECH,1
8.32,1,5,6,3,15,6,154,7,CSE,1
8.7,4,6,4,3,14,53,488,5,CSE,1
9.85,5,7,8,0,75,64,330,7,ECE,1
6.08,3,5,8,0,97,61,102,1,CIVIL,1
6.45,1,0,6,0,60,63,199,5,CSE,1
8.7,4,5,2,0,44,31,125,1,ECE,1
8.98,6,9,2,2,86,38,252,5,IT,1
9.95,1,1,0,1,59,90,366,3,CIVIL,1
8.99,2,6,3,3,41,91,9,2,ECE,1
7.09,5,2,8,0,95,40,72,6,MECH,1
8.18,6,2,7,1,15,92,282,3,CSE,1
7.05,0,4,6,3,76,19,113,3,CIVIL,1
7.35,1,3,4,1,23,30,497,6,CSE,1
6.75,5,0,3,2,19,55,190,1,MECH,1
8.84,2,7,6,2,23,11,26,4,ECE,1
7.17,2,6,4,3,60,40,163,6,IT,1
9.61,3,5,5,2,30,94,174,8,IT,1
8.84,1,3,6,3,45,1,226,7,CIVIL,1
6.24,0,3,4,0,25,44,91,8,MECH,1
8.8,1,2,2,3,100,23,193,7,IT,1
9.34,2,1,1,3,72,15,373,3,CIVIL,1
9.49,6,1,8,0,77,68,95,2,MECH,1
8.75,1,0,2,0,22,69,45,4,IT,0
7.76,0,2,1,0,0,7,479,3,MECH,1
8.75,5,2,5,2,89,77,466,6,ECE,1
7.6,6,0,1,0,42,94,245,4,ECE,1
7.94,6,8,3,0,52,59,422,6,CIVIL,1
8.01,6,7,4,3,62,27,34,2,CSE,1
9.57,0,5,4,0,5,83,331,2,CIVIL,1
9.9,6,4,5,2,81,71,23,8,IT,1
8.04,0,3,7,3,24,19,305,7,ECE,1
9.36,3,4,6,3,26,76,475,8,ECE,1
9.27,4,0,1,0,5,94,337,3,CSE,1
6.82,3,4,5,2,86,81,433,6,CIVIL,1
8.89,0,0,0,2,89,12,338,2,MECH,1
8.82,6,8,8,3,97,24,217,5,CIVIL,1
8.45,5,2,4,3,74,99,368,1,IT,1
7.15,3,1,0,0,76,2,64,4,CSE,1
6.86,4,1,5,2,31,86,114,2,IT,1
9.46,6,7,3,3,76,79,241,1,ECE,1
9.39,2,8,3,2,52,17,150,7,CSE,1
7.1,3,1,2,3,12,77,362,7,MECH,1
7.67,5,4,1,1,64,95,213,3,IT,1
9.3,6,6,3,3,35,51,359,8,CIVIL,1
8.11,3,3,2,3,47,89,422,1,ECE,1
9.97,1,0,5,1,50,14,350,6,CIVIL,1
7.65,0,6,8,0,96,16,48,1,MECH,1
8.47,3,5,4,3,48,46,362,3,ECE,1
9.55,0,1,2,3,28,100,499,8,CIVIL,1
9.14,1,6,3,1,90,19,447,8,CSE,1
7.22,1,1,5,1,3,75,423,3,MECH,1
8.96,2,3,3,2,76,30,146,7,CSE,1
6.51,5,7,8,2,84,68,224,8,CIVIL,1
8.95,2,10,5,2,33,77,245,1,CIVIL,1
7.32,0,4,4,1,5,78,220,3,CSE,1
7.7,0,4,1,3,53,57,143,8,MECH,1
9.2,3,6,4,3,23,59,400,4,IT,1
8.39,3,4,6,0,79,44,222,3,CSE,1
5.64,0,5,8,1,79,87,494,5,MECH,1
7.49,1,8,4,0,84,74,305,5,IT,1
9.87,2,6,8,3,41,81,260,3,MECH,1
6.98,6,4,5,1,84,64,370,4,MECH,1
9.92,0,9,6,0,36,34,66,6,CIVIL,1
9.67,3,3,2,3,54,41,87,3,CIVIL,1
9.53,2,6,2,3,20,85,99,3,CIVIL,1
9.77,0,4,7,1,55,55,81,7,CSE,1
9.67,6,1,1,0,55,30,378,2,IT,1
7.67,4,1,8,2,7,63,135,7,CSE,1
8.36,4,10,0,2,31,51,397,2,ECE,1
7.28,0,5,3,1,62,100,488,5,IT,1
9.7,4,1,6,0,24,0,288,2,IT,1
7.72,4,6,0,1,82,37,495,7,MECH,1
7.54,5,1,1,0,53,86,50,5,IT,1
6.44,6,1,6,1,66,54,50,4,IT,1
9.84,6,6,7,1,82,70,442,5,CSE,1
7.21,6,2,4,2,96,6,146,1,CIVIL,1
7.05,0,6,4,1,96,6,109,5,CSE,1
7.58,4,7,8,2,34,82,101,3,CIVIL,1
6.19,3,4,6,2,33,86,284,8,MECH,1
7.89,3,1,2,0,63,61,207,1,MECH,1
6.65,2,5,7,0,77,80,221,3,CSE,1
8.8,1,5,3,1,40,82,109,1,MECH,1
5.57,3,9,5,2,55,77,165,2,CSE,1
7.62,5,6,0,3,85,12,437,7,CSE,1
7.95,3,4,7,0,26,99,129,1,CSE,1
9.6,3,6,3,0,31,53,396,2,IT,1
5.74,0,1,2,1,3,93,474,8,ECE,1
8.66,5,2,5,1,16,8,431,6,IT,1
5.81,0,5,2,3,22,0,399,7,ECE,1
6.41,2,6,1,3,33,13,434,6,IT,1
8.45,4,8,7,1,66,48,156,1,CIVIL,1
8.37,0,0,8,1,97,13,4,8,CSE,1
9.8,5,2,1,3,92,28,30,3,ECE,1
8.3,1,0,5,3,81,48,146,8,CSE,1
9.71,5,1,5,2,88,62,375,5,ECE,1
6.02,6,1,5,2,15,57,49,4,CSE,1
7.29,0,8,0,1,45,95,147,2,IT,1
8.9,3,5,7,1,67,89,83,4,CSE,1
8.9,2,10,8,0,0,13,157,7,ECE,1
9.08,5,4,6,0,89,19,434,8,MECH,1
9.67,5,2,6,0,93,98,86,8,MECH,1
5.53,4,5,8,0,78,88,124,1,CIVIL,1
6.7,2,3,6,1,92,31,296,3,CSE,1
9.0,1,1,6,3,97,28,385,2,CIVIL,1
6.61,0,2,7,0,20,94,418,4,CSE,1
7.19,5,4,4,3,80,3,255,6,CIVIL,1
6.06,1,4,8,2,90,19,473,4,ECE,1
6.51,2,10,5,3,88,13,172,1,CIVIL,1
9.35,4,2,0,2,3,51,106,5,CIVIL,1
7.52,1,5,2,1,72,53,299,4,ECE,1
5.82,0,5,1,3,26,55,133,1,MECH,1
7.56,2,9,1,1,2,0,282,7,ECE,1
8.24,5,10,1,0,53,8,442,6,MECH,1
8.74,1,7,1,2,73,65,313,7,CSE,1
9.8,4,2,8,2,58,17,264,6,ECE,1
8.43,4,7,1,3,75,42,294,4,ECE,1
7.17,2,6,2,0,88,9,77,4,CSE,1
8.07,1,5,7,2,33,62,259,1,CSE,1
7.69,1,9,2,0,12,92,43,6,CIVIL,1
8.68,4,9,1,2,51,78,168,8,ECE,1
7.46,5,7,1,2,32,15,95,2,CSE,1
7.39,3,0,4,0,40,0,171,7,CIVIL,1
9.08,1,3,5,2,8,50,444,1,CIVIL,1
8.05,0,0,6,2,20,83,255,4,CSE,1
5.77,5,5,0,2,98,91,225,1,CIVIL,1
8.96,2,8,0,2,64,13,17,5,MECH,1
7.15,6,4,8,0,73,64,448,4,CIVIL,1
9.4,3,2,5,1,19,66,197,3,ECE,1
7.81,2,3,3,3,11,35,492,2,CSE,1
7.1,2,4,7,2,2,80,167,7,ECE,1
7.92,5,10,5,0,44,48,316,1,CSE,1
5.73,5,2,7,3,81,56,163,6,MECH,1
8.9,5,6,2,2,7,63,106,4,CSE,1
9.99,2,8,8,2,99,7,467,3,MECH,1
7.02,6,5,2,3,29,24,408,8,IT,1
9.96,4,8,8,0,14,61,315,2,IT,1
8.38,4,2,3,3,37,8,325,5,MECH,1
6.68,2,10,6,3,31,51,457,2,ECE,1
8.75,0,6,6,2,27,84,354,4,MECH,1
7.39,1,3,8,1,68,100,440,4,MECH,1
7.08,5,1,6,2,82,94,461,7,CSE,1
6.85,2,4,5,3,31,71,234,5,CIVIL,1
7.22,6,3,6,0,100,98,51,1,CIVIL,1
6.14,2,0,2,0,15,56,250,2,IT,1
5.82,5,7,5,0,53,39,479,2,IT,1
7.45,2,5,4,2,24,59,255,3,IT,1
7.8,3,1,3,0,69,98,329,3,MECH,1
9.88,3,9,0,3,92,73,55,7,CIVIL,1
7.9,3,3,1,0,24,24,0,2,MECH,1
6.14,2,9,5,0,11,36,239,7,CSE,1
8.91,5,5,6,1,36,84,402,4,CIVIL,1
6.55,0,6,8,3,93,90,44,6,CSE,1
6.94,4,10,6,0,2,76,192,7,CSE,1
8.98,3,0,2,3,95,69,236,8,IT,1
9.3,1,0,4,2,56,10,187,6,ECE,1
8.74,5,0,5,1,5,69,420,4,IT,1
5.84,2,4,0,1,93,46,404,6,ECE,1
6.25,3,0,8,2,50,18,28,6,CIVIL,1
5.81,2,0,6,3,67,52,153,4,CIVIL,1
8.98,2,3,4,2,60,91,206,7,CIVIL,1
9.32,0,8,7,2,67,61,393,8,ECE,1
7.69,2,6,7,0,31,2,327,8,CSE,1
9.6,5,5,1,3,86,13,381,2,CIVIL,1
8.27,2,10,6,3,73,5,72,4,IT,1
5.84,0,7,4,1,64,44,371,8,CIVIL,1
9.68,4,10,5,1,86,62,387,8,CIVIL,1
8.21,1,4,2,3,24,54,230,2,ECE,1
6.7,5,7,3,1,48,97,267,8,MECH,1
5.78,4,1,0,0,78,0,141,4,ECE,0
6.03,2,3,7,3,24,85,216,8,MECH,1
8.9,0,5,0,2,51,67,339,1,ECE,1
9.44,4,6,7,1,0,19,182,5,MECH,1
6.39,1,4,2,1,7,89,75,8,CSE,1
7.33,5,2,2,2,66,96,98,4,IT,1
6.63,5,9,7,0,100,29,323,1,IT,1
7.8,5,0,2,2,6,95,164,6,CIVIL,1
7.41,6,10,6,2,66,2,47,2,CIVIL,1
5.82,3,0,1,0,51,98,223,8,IT,1
6.66,0,8,5,1,5,72,364,6,CIVIL,1
6.14,2,6,2,1,50,76,310,3,MECH,1
6.6,2,5,6,0,65,41,196,5,MECH,1
6.53,3,5,7,2,43,91,493,3,CIVIL,1
5.52,6,10,4,3,63,48,353,2,ECE,1
9.34,1,9,1,1,62,91,48,7,IT,1
7.45,1,7,7,2,56,100,21,7,MECH,1
6.06,4,1,4,0,15,52,72,3,CIVIL,1
6.03,4,6,4,2,29,20,283,6,CIVIL,1
7.32,1,5,2,1,72,1,50,6,IT,1
9.56,4,2,4,3,43,75,44,3,CIVIL,1
8.08,0,8,2,3,71,59,341,5,CIVIL,1
9.65,6,8,0,3,29,61,396,5,IT,1
6.23,2,9,0,0,8,19,449,5,CIVIL,1
8.38,2,7,6,1,29,63,345,4,MECH,1
6.67,2,9,4,2,64,5,204,2,CSE,1
7.2,0,6,1,3,29,93,66,6,IT,1
5.8,0,7,5,3,1,76,47,5,IT,1
8.38,6,8,1,3,25,16,119,5,IT,1
9.76,3,4,2,0,13,5,162,7,CSE,1
8.29,0,10,3,2,49,19,499,8,CSE,1
5.92,3,2,0,0,27,18,352,4,ECE,1
8.83,6,0,1,0,61,77,403,1,IT,1
8.96,5,7,6,1,59,59,203,5,MECH,1
6.31,5,4,4,1,48,41,226,4,IT,1
9.05,0,1,7,0,52,80,296,6,CSE,1
7.68,3,4,4,1,36,18,260,6,CSE,1
6.03,6,5,6,2,35,65,402,7,CIVIL,1
5.61,1,2,7,0,64,2,384,4,IT,1
9.89,2,5,7,0,46,24,268,2,MECH,1
7.84,6,7,2,3,98,64,78,3,MECH,1
5.67,6,8,3,2,40,68,87,2,CIVIL,1
9.58,2,6,2,1,71,73,269,3,MECH,1
6.72,3,7,3,2,20,10,261,2,IT,1
9.02,4,9,1,1,10,89,147,8,ECE,1
7.88,1,0,6,1,37,83,88,8,IT,1
9.78,2,5,2,1,37,78,80,1,ECE,1
8.63,1,9,5,2,18,31,379,4,ECE,1
7.38,3,6,6,0,100,91,92,8,CIVIL,1
5.52,2,7,7,1,1,55,358,4,IT,1
5.67,5,0,4,2,20,68,170,4,CIVIL,1
5.8,6,8,5,3,35,42,97,3,CIVIL,1
6.83,4,3,0,1,3,94,84,2,ECE,1
8.51,6,0,3,3,79,24,393,4,IT,1
8.26,2,8,5,2,82,91,132,7,ECE,1
7.52,2,10,0,2,45,41,65,4,CSE,1
6.74,4,5,4,1,81,4,28,8,MECH,1
6.65,4,9,6,2,95,99,93,3,IT,1
6.5,4,10,4,0,66,76,213,8,ECE,1
9.18,2,5,6,3,0,11,481,1,IT,1
6.68,2,7,1,0,75,38,436,5,MECH,1
8.08,5,2,8,2,83,16,144,4,CIVIL,1
7.72,0,8,4,0,84,70,294,3,IT,1
9.1,4,1,0,1,25,36,100,6,IT,1
8.46,4,3,5,0,47,39,181,7,MECH,1
6.47,0,2,5,3,86,23,234,2,CIVIL,1
6.25,2,8,0,2,2,25,396,8,CSE,1
6.54,2,2,4,3,46,97,262,3,IT,1
6.63,4,4,5,1,65,43,87,7,ECE,1
9.67,6,0,8,2,42,77,182,3,IT,1
7.35,3,9,8,3,39,19,243,8,CSE,1
7.59,4,0,5,0,25,70,491,6,CSE,1
8.14,1,7,2,0,91,16,418,7,IT,1
5.64,0,8,3,3,91,52,222,5,CIVIL,1
8.96,4,10,0,0,28,42,357,6,MECH,1
6.61,5,2,8,0,96,77,187,2,CIVIL,1
6.85,3,10,7,1,70,67,141,3,CIVIL,1
9.89,6,2,0,0,57,84,411,7,CIVIL,1
9.01,2,6,0,2,28,20,335,4,MECH,1
8.81,3,3,2,2,5,35,114,5,IT,1
7.19,4,7,1,1,67,39,411,2,IT,1
8.14,0,1,7,2,40,17,5,4,CIVIL,1
7.6,6,2,1,2,67,13,437,1,MECH,1
9.91,6,2,6,0,27,17,479,6,MECH,1
6.75,0,10,5,2,62,35,422,6,IT,1
9.96,0,5,6,2,43,48,411,1,CIVIL,1
7.94,6,7,2,0,2,34,470,4,ECE,1
6.94,0,2,5,2,2,29,19,7,ECE,1
8.6,5,8,8,2,44,74,50,5,CIVIL,1
6.14,3,1,6,0,62,32,31,6,MECH,1
8.32,0,8,3,1,15,41,240,2,CIVIL,1
7.0,5,9,0,2,72,28,368,4,MECH,1
6.09,1,7,1,0,61,87,31,6,CSE,1
9.58,2,3,0,1,51,99,324,5,ECE,1
8.91,6,6,0,1,59,39,91,3,IT,1
6.89,4,2,1,3,79,75,284,3,MECH,1
6.05,6,7,2,3,72,98,275,3,CIVIL,1
6.81,4,3,5,3,3,87,394,1,CSE,1
8.29,6,4,4,3,86,51,187,2,CSE,1
9.21,0,9,5,2,100,30,27,7,CSE,1
9.06,5,9,1,0,15,2,103,3,CIVIL,1
6.72,3,10,2,2,11,51,47,4,MECH,1
5.58,4,5,2,3,64,76,195,6,CSE,1
5.51,2,6,8,3,65,56,184,5,CSE,1
8.34,2,10,5,0,61,37,478,6,CSE,1
9.75,4,2,4,1,100,36,191,4,MECH,1
7.43,6,0,3,0,55,37,430,7,ECE,1
6.09,6,10,6,0,49,16,154,2,MECH,1
6.24,3,6,1,0,59,30,407,1,CIVIL,1
8.83,3,3,2,0,0,66,252,2,MECH,1
8.26,3,3,0,1,20,46,227,5,CSE,1
9.31,6,10,5,3,51,93,197,4,IT,1
7.76,5,6,6,1,57,72,91,8,IT,1
7.76,4,6,7,1,91,38,478,8,IT,1
9.11,2,3,0,2,35,73,383,2,CSE,1
7.41,2,10,4,2,87,18,263,8,CSE,1
7.61,1,3,1,1,17,50,413,7,IT,1
6.04,0,1,0,0,78,14,26,8,MECH,1
8.95,4,8,4,3,24,76,150,2,CIVIL,1
9.02,4,2,1,1,58,72,400,5,ECE,1
9.22,5,5,1,3,87,41,380,2,CSE,1
6.91,6,10,6,3,25,86,480,1,CSE,1
8.55,4,0,2,1,35,74,205,6,ECE,1
8.54,1,9,6,2,85,2,176,4,ECE,1
6.38,4,5,0,1,25,37,327,4,MECH,1
6.68,6,1,6,3,20,98,417,1,MECH,1
9.01,4,4,7,3,85,98,50,5,ECE,1
9.27,0,8,7,2,39,35,374,5,ECE,1
6.74,5,9,4,0,98,22,450,4,CIVIL,1
9.46,6,7,7,0,49,5,315,2,CIVIL,1
9.26,3,7,4,3,62,55,473,7,MECH,1
8.04,4,9,7,0,73,51,150,4,IT,1
7.82,6,6,8,2,68,71,298,7,MECH,1
8.6,4,8,7,1,77,48,32,8,CSE,1
6.07,1,10,3,0,13,0,354,4,MECH,1
6.62,0,4,2,0,1,39,450,4,ECE,1
9.89,6,7,3,1,82,66,35,2,IT,1
5.53,4,1,4,1,67,4,359,7,MECH,1
8.85,6,4,3,1,43,87,489,4,MECH,1
8.09,0,3,5,0,61,27,304,3,ECE,1
9.41,0,2,0,1,22,62,278,8,IT,1
8.23,2,5,2,0,73,62,289,2,IT,1
7.25,2,9,8,1,49,67,200,7,MECH,1
9.97,1,5,1,3,26,17,363,6,MECH,1
7.58,4,0,6,2,14,5,63,3,ECE,1
6.94,6,1,1,0,19,59,445,3,IT,1
6.08,0,4,3,2,86,0,331,6,MECH,1
6.3,6,7,0,2,86,59,0,5,ECE,1
7.91,5,6,8,3,68,42,33,3,MECH,1
8.38,4,0,0,3,0,11,216,7,IT,1
6.43,2,3,2,3,35,78,263,3,ECE,1
9.31,3,4,6,0,74,77,474,2,CIVIL,1
8.96,3,9,7,3,21,79,35,6,IT,1
8.61,6,6,0,0,100,22,252,4,MECH,1
9.75,2,2,5,3,24,20,133,3,MECH,1
6.76,3,0,6,1,71,23,85,2,ECE,1
7.4,3,0,3,0,89,65,419,8,IT,1
8.49,6,4,1,2,85,65,63,8,IT,1
9.63,3,0,1,0,44,63,368,8,ECE,1
8.35,4,5,3,1,67,46,439,2,CIVIL,1
8.83,6,2,5,2,14,39,319,7,ECE,1
9.22,5,10,0,1,97,4,248,6,CIVIL,1
8.26,5,4,2,0,87,30,199,6,IT,1
9.52,2,9,3,1,39,96,98,3,MECH,1
9.84,6,6,7,3,68,15,92,3,ECE,1
7.2,4,2,6,2,43,92,109,2,ECE,1
8.76,4,4,0,0,19,83,4,1,CSE,1
7.34,5,6,4,3,17,19,51,3,CIVIL,1
5.69,5,1,8,3,18,77,392,4,CIVIL,1
7.04,2,9,3,3,37,39,54,4,CIVIL,1
8.47,3,4,4,2,77,76,217,2,CSE,1
5.52,3,1,4,3,87,29,72,3,CIVIL,1
7.72,3,7,2,3,69,8,378,2,CSE,1
6.2,3,9,2,1,83,41,234,8,CIVIL,1
9.35,6,9,7,1,16,35,348,7,ECE,1
8.05,0,7,3,3,10,34,171,1,ECE,1
7.21,3,4,6,3,4,96,384,1,IT,1
6.85,1,0,5,0,86,26,48,6,ECE,1
7.14,5,10,3,2,19,24,160,2,IT,1
5.69,2,5,6,2,14,56,426,7,ECE,1
8.26,3,1,7,3,78,34,71,5,CSE,1
7.81,5,3,3,2,47,7,113,7,MECH,1
9.97,1,9,5,2,98,100,300,1,CIVIL,1
5.7,4,4,7,1,28,91,149,2,MECH,1
7.23,3,3,6,2,89,33,44,2,MECH,1
5.63,4,4,6,3,79,68,405,4,IT,1
9.29,1,9,2,1,57,18,134,3,ECE,1
7.39,4,10,0,2,88,42,412,4,CSE,1
8.26,4,6,3,2,73,70,277,6,CIVIL,1
9.85,2,9,5,0,77,11,408,3,ECE,1
7.23,2,6,7,1,13,52,101,6,MECH,1
9.45,1,0,4,3,83,46,2,8,MECH,1
8.95,2,6,3,0,32,42,149,2,CSE,1
9.47,0,7,0,2,36,15,274,3,CSE,1
6.0,3,2,3,2,16,31,459,7,MECH,1
5.65,6,6,7,3,30,30,388,1,IT,1
6.69,2,10,3,3,29,24,34,2,ECE,1
8.9,2,7,7,0,4,78,191,6,MECH,1
8.55,5,3,5,1,17,53,394,5,MECH,1
8.47,5,0,1,2,57,40,233,2,ECE,1
7.79,0,9,8,1,71,91,272,2,IT,1
7.66,2,5,6,0,67,34,93,3,CSE,1
5.67,4,10,4,3,55,16,270,1,CSE,1
6.74,0,8,1,2,5,66,186,7,MECH,1
6.45,2,3,4,2,67,17,161,5,IT,1
6.98,1,4,1,2,55,78,238,8,MECH,1
9.02,4,3,6,1,52,13,354,1,CIVIL,1
8.84,5,8,8,2,63,35,182,3,CSE,1
5.72,4,7,8,2,51,58,378,6,IT,1
6.86,2,1,5,0,10,0,60,2,CIVIL,1
7.97,2,3,4,1,25,45,246,5,IT,1
6.27,2,7,0,0,70,8,82,8,ECE,1
8.43,0,1,1,3,54,83,465,1,ECE,1
7.24,1,3,3,0,57,75,275,1,ECE,1
7.46,5,3,1,2,73,51,318,3,MECH,1
6.23,0,8,6,2,99,88,151,3,CIVIL,1
6.93,0,10,1,2,17,92,126,2,CIVIL,1
5.83,3,9,1,2,32,61,293,4,MECH,1
9.62,3,3,4,0,90,91,181,4,ECE,1
7.61,5,10,7,1,42,3,417,3,CIVIL,1
5.54,3,7,1,3,23,59,222,6,CSE,1
8.1,5,3,3,0,54,23,11,3,CSE,1
9.35,6,10,3,3,43,92,19,5,CIVIL,1
8.15,2,0,6,0,12,35,425,4,CIVIL,1
9.15,4,8,7,2,79,79,402,5,MECH,1
7.38,5,10,6,1,94,71,449,3,CSE,1
7.29,1,8,0,3,48,42,435,6,CIVIL,1
9.44,3,8,4,1,65,64,476,8,ECE,1
7.68,0,5,0,1,75,57,487,5,MECH,1
7.14,6,1,0,3,71,83,54,5,CIVIL,1
5.74,2,9,6,2,40,45,75,1,ECE,1
9.89,1,8,7,3,60,26,489,6,CIVIL,1
8.55,5,3,8,1,57,89,111,5,MECH,1
8.71,0,8,7,0,47,22,325,1,CIVIL,1
9.03,1,2,3,2,67,41,204,7,CSE,1
8.19,3,8,1,2,69,35,374,3,MECH,1
9.58,1,2,1,0,7,38,55,1,IT,1
7.51,4,10,3,0,19,80,467,8,MECH,1
8.27,2,10,1,1,97,60,437,8,MECH,1
9.09,6,0,2,2,13,0,202,8,MECH,1
6.43,2,3,0,3,23,98,342,8,ECE,1
9.3,2,0,8,1,9,14,393,6,MECH,1
8.87,4,9,3,3,93,92,8,8,IT,1
6.83,1,9,1,3,79,3,46,2,CSE,1
6.84,0,3,6,0,0,82,127,8,ECE,1
9.52,0,2,7,2,94,82,26,4,ECE,1
5.59,1,10,5,3,94,4,228,5,CIVIL,1
7.94,0,2,3,0,65,97,483,2,MECH,1
7.96,1,4,8,3,2,33,264,2,ECE,1
7.97,3,8,6,3,22,48,146,3,ECE,1
6.55,4,2,7,0,25,62,280,6,MECH,1
9.96,4,2,0,1,34,69,365,8,CIVIL,1
5.99,4,6,1,2,50,54,229,6,CSE,1
8.47,2,3,4,1,22,71,305,4,ECE,1
7.5,1,6,3,2,21,98,368,8,CIVIL,1
6.86,4,6,6,2,7,68,359,4,IT,1
7.01,2,7,1,2,5,15,179,3,CSE,1
8.34,1,1,2,3,21,11,100,7,CSE,1
6.03,5,4,6,2,25,70,324,1,MECH,1
9.05,2,2,5,2,47,5,439,8,CIVIL,1
9.79,6,4,2,1,75,82,361,1,MECH,1
9.61,4,4,6,0,87,45,108,3,ECE,1
9.36,6,9,8,3,11,36,284,4,CIVIL,1
8.11,6,3,6,0,78,16,147,6,IT,1
7.31,3,3,8,0,6,37,135,3,ECE,1
5.54,6,9,7,0,43,82,195,2,ECE,1
8.21,6,4,3,0,66,29,168,8,CSE,1
7.59,4,6,5,2,70,100,367,2,IT,1
8.71,2,2,0,2,67,36,474,3,ECE,1
7.87,4,6,2,1,3,39,147,6,CSE,1
7.14,6,7,2,0,51,49,162,4,IT,1
9.5,4,8,0,3,100,10,375,4,CIVIL,1
7.77,2,10,6,1,43,98,499,6,CIVIL,1
9.63,0,2,7,3,57,51,237,2,IT,1
7.73,2,0,2,1,20,56,151,5,IT,1
9.25,1,1,6,3,12,7,311,4,CIVIL,1
8.99,5,0,3,1,85,47,78,8,ECE,1
6.18,1,10,0,0,46,21,65,8,IT,1
5.76,5,7,8,2,25,45,345,7,MECH,1
6.19,6,8,7,2,68,67,164,8,MECH,1
6.25,0,4,2,0,56,11,433,7,ECE,1
6.87,0,10,1,0,2,39,466,5,IT,0
6.73,6,5,2,1,95,63,449,2,MECH,1
9.46,5,6,3,0,30,5,366,8,IT,1
6.43,3,10,3,3,5,81,269,7,CIVIL,1
6.22,4,2,6,0,35,43,64,7,CSE,1
8.66,5,6,0,1,77,94,219,8,IT,1
8.09,0,9,0,3,28,68,106,2,IT,1
9.35,2,0,5,3,15,77,398,5,CSE,1
5.7,6,3,5,0,46,10,373,1,ECE,1
6.16,5,3,2,1,49,10,486,5,MECH,1
6.11,1,7,3,3,11,54,165,5,ECE,1
9.44,2,4,1,0,81,6,170,6,IT,0
8.97,3,8,4,3,42,45,114,3,ECE,1
7.34,6,5,7,2,12,63,164,8,MECH,1
8.22,5,7,7,0,55,81,387,8,MECH,1
9.92,6,6,4,1,83,74,397,8,CIVIL,1
6.74,5,2,0,3,29,42,454,2,MECH,1
9.33,5,2,2,0,85,40,56,6,IT,1
8.55,1,1,2,0,18,96,290,6,IT,1
6.36,6,9,6,0,63,45,213,2,ECE,1
6.78,3,9,4,2,97,18,137,2,ECE,1
7.45,4,6,2,2,22,49,488,1,CIVIL,1
8.18,4,10,5,0,98,55,270,4,MECH,1
8.35,2,10,1,0,17,58,184,7,MECH,1
8.19,3,3,8,0,55,70,8,7,CIVIL,1
9.32,2,0,6,0,67,53,57,7,CIVIL,1
9.06,6,7,2,1,81,44,217,1,CSE,1
9.52,0,3,7,2,56,22,364,3,CIVIL,1
9.27,5,7,7,0,19,32,298,1,CIVIL,1
8.49,6,8,1,2,31,22,430,1,IT,1
9.59,6,0,0,2,46,80,425,3,MECH,1
9.46,1,1,3,0,50,14,210,2,IT,1
9.02,3,6,0,1,13,75,1,5,ECE,1
6.06,0,0,6,0,24,26,376,2,ECE,1
8.24,4,10,6,2,73,69,9,2,CSE,1
7.4,1,2,3,3,87,38,323,5,IT,1
6.36,6,0,1,1,41,38,355,3,CSE,1
9.82,1,2,0,0,28,29,61,7,IT,0
8.38,4,2,2,0,24,39,487,7,IT,1
8.95,0,9,4,1,44,69,96,1,IT,1
9.14,6,8,5,1,24,56,368,7,IT,1
9.53,6,0,8,2,49,13,346,3,ECE,1
8.27,0,8,4,2,68,93,143,1,CIVIL,1
5.96,2,4,0,3,7,24,101,2,MECH,1
6.22,2,2,2,2,42,86,445,8,CIVIL,1
6.65,5,4,3,3,76,16,421,3,CIVIL,1
8.23,2,9,4,1,74,80,491,3,IT,1
7.62,1,6,0,2,64,24,310,5,CIVIL,1
8.08,2,3,3,3,64,29,113,8,CIVIL,1
6.27,1,4,8,2,17,52,103,2,IT,1
6.0,0,6,0,0,43,83,215,1,IT,1
9.16,2,6,1,1,50,60,495,8,IT,1
8.13,6,5,0,1,31,63,215,6,ECE,1
7.7,5,0,7,2,84,98,234,1,MECH,1
8.16,0,6,4,0,43,12,193,5,MECH,1
7.86,2,4,6,2,81,37,422,7,ECE,1
8.18,2,2,0,1,72,61,286,6,CIVIL,1
8.04,0,1,8,3,30,14,355,2,CSE,1
8.44,5,7,1,1,42,71,8,3,MECH,1
8.57,3,5,0,2,16,75,26,6,ECE,1
6.33,4,6,6,3,16,91,175,1,IT,1
7.43,0,6,5,3,82,29,137,4,CIVIL,1
9.26,1,6,0,3,81,81,251,1,ECE,1
9.34,2,8,2,3,84,61,340,5,CSE,1
6.6,5,5,5,1,93,96,318,4,CSE,1
6.36,4,3,3,1,47,53,311,1,ECE,1
7.69,2,6,5,3,49,3,455,8,CIVIL,1
9.13,1,6,5,3,63,35,271,6,CIVIL,1
9.8,0,4,6,3,95,20,150,5,CIVIL,1
7.33,6,9,7,3,31,35,109,2,CIVIL,1
9.82,3,1,0,1,66,49,345,2,CIVIL,1
9.72,6,1,2,3,60,51,95,7,CSE,1
9.77,2,10,3,2,74,78,90,1,MECH,1
7.78,2,5,4,1,62,90,292,3,CSE,1
5.85,6,4,7,3,81,76,51,5,CIVIL,1
6.75,5,7,4,2,68,24,417,7,CIVIL,1
6.41,1,2,7,3,85,72,400,6,ECE,1
7.21,0,8,6,0,97,38,442,8,CIVIL,1
6.24,6,8,1,2,58,59,190,1,MECH,1
9.44,0,9,0,2,49,96,45,3,CSE,1
7.34,4,4,7,3,49,94,159,2,ECE,1
9.12,6,5,4,2,98,45,304,8,IT,1
9.3,1,5,1,0,0,55,46,6,IT,1
9.63,0,7,8,1,49,41,311,1,CSE,1
8.85,5,4,5,2,74,42,121,7,ECE,1
6.93,0,8,0,0,44,27,434,4,IT,1
5.83,0,7,8,1,83,62,426,5,IT,1
8.99,3,2,5,3,56,78,25,3,MECH,1
7.5,5,6,2,1,92,42,351,1,MECH,1
8.8,4,10,1,2,24,33,204,8,CIVIL,1
8.22,4,0,5,0,20,63,171,4,IT,1
6.1,3,1,6,0,22,11,346,3,MECH,1
6.32,2,2,3,2,4,77,313,2,ECE,1
9.57,4,8,1,3,80,67,386,3,MECH,1
7.67,3,8,1,3,53,92,218,7,CIVIL,1
6.37,3,3,4,3,10,40,323,2,CSE,1
6.01,4,6,1,0,23,87,472,5,IT,1
7.08,0,2,3,2,92,50,500,6,ECE,1
8.72,2,5,4,2,96,75,86,5,MECH,1
7.45,2,3,5,2,30,45,488,3,CIVIL,1
8.71,0,6,2,2,97,16,410,6,CIVIL,1
9.46,1,3,1,1,48,24,492,2,MECH,1
5.78,5,10,0,1,42,36,418,2,IT,1
8.33,0,10,3,1,93,67,252,2,ECE,1
9.7,0,8,3,2,25,36,71,6,CIVIL,1
9.27,2,9,5,2,28,47,191,3,ECE,1
9.67,0,6,4,3,37,1,299,7,MECH,1
9.94,6,5,1,3,46,73,328,3,IT,1
6.19,3,4,0,2,47,57,91,6,CSE,1
5.76,5,4,3,0,53,84,198,1,MECH,1
5.73,2,9,0,1,75,78,84,6,CSE,1
8.42,2,9,6,1,70,1,111,6,ECE,1
8.66,4,0,5,3,48,37,418,6,CIVIL,1
9.24,5,5,0,1,67,96,395,8,MECH,1
5.64,5,10,5,0,81,65,189,6,MECH,1
9.27,5,9,4,0,4,91,258,5,CSE,1
6.33,0,7,8,1,32,59,56,1,IT,1
8.03,4,2,7,2,67,84,345,8,CIVIL,1
8.51,1,10,7,2,13,86,66,3,IT,1
7.56,0,0,0,0,40,62,95,4,CIVIL,1
6.26,3,6,6,3,94,92,121,1,MECH,1
7.49,2,2,7,1,16,15,163,7,MECH,1
6.06,2,5,0,0,23,51,211,6,IT,1
5.74,6,9,4,1,85,5,46,6,ECE,1
5.72,1,1,0,1,60,44,229,2,MECH,1
7.91,2,3,2,1,15,40,362,5,MECH,1
7.63,5,10,8,2,3,99,313,8,MECH,1
6.76,0,6,2,1,68,9,261,6,ECE,1
8.12,0,2,6,3,18,88,484,8,MECH,1
7.66,2,7,7,3,26,39,329,2,IT,1
7.28,5,3,5,0,82,40,344,4,CIVIL,1
7.33,3,7,1,1,77,90,259,8,ECE,1
9.05,1,3,6,2,5,16,142,2,ECE,1
6.58,2,3,3,1,28,66,120,1,ECE,1
6.61,6,8,0,0,57,83,460,8,ECE,1
7.95,2,4,6,2,59,17,47,3,CSE,1
8.43,3,8,1,0,41,88,350,5,IT,1
7.86,3,1,6,1,24,31,104,7,IT,1
5.63,2,2,3,0,75,16,119,6,CIVIL,1
9.04,1,5,6,2,90,94,146,6,CIVIL,1
8.74,1,5,8,1,39,20,94,6,MECH,1
8.53,5,5,6,3,73,7,123,6,CIVIL,1
7.37,4,2,5,1,66,13,289,1,ECE,1
7.77,3,3,5,1,17,57,292,2,ECE,1
8.08,0,0,8,1,64,48,146,5,CSE,1
9.76,1,6,1,3,47,34,447,3,CIVIL,1
7.63,5,1,0,2,0,80,5,3,CIVIL,1
6.76,1,9,4,1,69,49,59,3,MECH,1
7.07,6,5,8,0,16,94,489,8,CSE,1
7.17,4,1,2,0,62,26,499,8,MECH,1
7.97,3,5,0,1,4,96,260,2,CIVIL,1
9.12,2,5,3,1,69,24,327,3,ECE,1
9.7,0,8,8,1,90,51,184,2,MECH,1
9.14,1,6,4,2,82,13,54,6,CSE,1
7.81,3,7,5,0,81,6,137,4,CSE,1
7.27,2,10,6,0,94,74,22,1,ECE,1
9.24,2,7,5,2,24,67,202,2,ECE,1
9.69,4,2,2,0,2,73,237,5,IT,1
8.11,3,3,8,1,44,75,146,4,CSE,1
6.29,5,2,1,1,32,83,27,5,CIVIL,1
8.65,5,6,6,0,17,99,413,3,MECH,1
7.08,2,4,8,0,52,53,182,4,ECE,1
8.17,4,2,6,3,100,59,221,1,CIVIL,1
9.28,4,8,0,2,22,96,184,4,IT,1
8.06,1,8,7,1,60,28,486,7,CSE,1
5.67,1,1,1,3,89,77,23,1,ECE,0
7.28,3,9,5,0,95,50,268,7,MECH,1
5.62,6,1,8,3,86,67,61,4,ECE,1
7.36,1,2,4,2,14,54,3,2,MECH,1
6.67,6,0,0,0,87,39,132,1,CIVIL,1
5.92,2,10,2,0,46,62,111,8,CSE,1
7.64,6,6,4,0,90,12,438,8,CSE,1
8.79,2,8,0,2,94,46,432,4,IT,1
6.61,4,2,8,1,9,16,109,1,MECH,1
8.0,2,10,1,2,18,48,354,2,CSE,1
9.71,0,0,7,3,5,72,422,6,MECH,1
7.22,1,4,3,2,65,89,78,1,CSE,1
7.04,4,4,2,1,29,35,258,5,CIVIL,1
7.96,4,1,0,2,39,86,345,4,CSE,1
5.83,0,1,0,0,87,16,28,2,MECH,1
7.18,2,1,3,0,100,49,260,3,MECH,1
7.78,5,8,3,0,76,43,37,2,ECE,1
9.54,0,0,6,3,68,69,99,2,CIVIL,1
8.84,2,0,7,1,69,48,131,3,MECH,1
9.39,4,2,0,1,3,83,329,3,IT,1
7.82,3,2,5,0,93,27,100,8,ECE,1
8.26,2,6,5,0,81,61,247,8,IT,1
9.47,0,1,3,2,25,75,355,6,ECE,1
7.45,1,5,4,3,69,72,389,3,CSE,1
8.05,2,3,8,2,54,13,294,1,MECH,1
9.11,1,1,0,1,6,81,460,2,MECH,1
8.44,3,3,1,1,52,77,129,1,CIVIL,1
7.19,5,1,4,0,58,4,249,5,IT,1
9.89,0,9,7,3,55,61,261,3,MECH,1
8.38,4,2,1,1,13,22,134,1,MECH,1
7.99,6,6,6,3,75,32,308,7,IT,1
5.55,1,5,3,0,66,57,313,8,IT,1
6.09,3,6,6,0,21,42,205,3,ECE,1
6.71,1,8,2,0,76,53,59,1,CIVIL,1
9.26,0,3,2,3,65,18,76,2,CSE,1
6.14,5,1,5,2,14,19,170,4,ECE,1
9.47,1,5,3,2,57,49,132,4,CIVIL,1
6.84,3,2,6,3,32,3,64,7,CSE,1
6.09,1,9,5,1,29,5,32,2,ECE,1
9.08,1,5,5,2,83,25,101,3,IT,1
7.91,3,4,4,1,70,24,246,5,ECE,1
9.11,2,9,6,0,25,81,429,4,CSE,1
6.46,3,9,3,1,19,48,186,8,MECH,1
7.6,1,8,1,0,38,60,144,2,IT,1
8.35,1,7,2,1,8,24,92,7,MECH,1
6.37,3,4,2,1,91,62,114,5,ECE,1
9.26,5,7,0,3,19,78,369,7,CSE,1
5.79,4,6,4,2,41,65,293,1,MECH,1
8.92,1,1,5,2,82,32,189,7,CIVIL,1
5.73,2,2,6,2,96,43,66,5,CIVIL,1
9.33,1,4,0,1,14,91,398,7,CIVIL,1
7.57,5,3,7,2,38,12,397,8,CSE,1
7.9,5,6,7,2,29,77,129,4,ECE,1
9.25,2,9,5,3,19,15,63,5,MECH,1
5.89,4,1,2,2,11,3,364,5,CIVIL,1
6.42,3,9,1,1,54,91,131,7,ECE,1
9.4,1,9,2,1,8,97,428,8,CIVIL,1
9.97,0,4,2,1,2,1,55,4,CIVIL,1
9.03,3,0,4,0,71,72,70,3,ECE,1
8.0,4,1,6,3,37,33,94,5,MECH,1
8.16,0,3,0,0,37,100,108,7,MECH,1
8.96,0,9,0,3,13,78,259,1,IT,1
9.51,1,3,0,0,1,96,29,7,MECH,1
7.66,1,0,1,0,79,21,453,6,ECE,1
8.1,0,6,0,1,47,49,68,1,ECE,1
8.73,5,5,3,2,95,60,362,5,IT,1
6.56,5,2,7,1,85,70,26,4,CSE,1
7.75,1,6,1,1,6,36,24,4,IT,1
9.53,0,0,6,2,1,58,472,6,ECE,1
7.17,3,2,3,0,76,65,140,6,CIVIL,1
9.45,5,4,4,2,39,28,309,5,ECE,1
9.75,6,3,5,2,33,96,292,8,IT,1
9.5,1,10,4,2,36,73,476,6,MECH,1
6.51,1,2,0,0,56,81,419,2,CSE,1
7.03,5,4,6,0,11,100,436,4,CSE,1
6.72,0,6,0,1,26,34,56,7,MECH,1
5.91,0,6,3,1,81,68,327,4,CSE,1
6.5,0,10,1,0,4,71,138,5,MECH,1
8.58,1,4,7,1,96,26,490,8,MECH,1
5.6,5,7,6,1,57,23,376,8,ECE,1
7.84,2,6,2,0,9,80,54,5,MECH,1
7.48,0,6,7,1,19,68,236,6,CSE,1
7.05,6,4,5,0,1,73,220,7,IT,1
6.74,5,0,8,1,36,62,103,6,IT,1
5.56,1,6,5,0,57,73,44,3,ECE,1
8.56,6,6,0,3,18,50,281,3,ECE,1
9.9,4,8,1,3,14,39,227,7,MECH,1
9.63,6,2,2,1,47,58,473,1,IT,1
7.17,6,1,0,3,34,10,2,1,MECH,1
7.35,6,0,2,0,42,5,129,1,IT,1
8.5,3,5,5,2,45,29,104,4,MECH,1
9.65,5,0,8,1,98,4,137,4,CIVIL,1
8.88,4,1,0,2,34,30,474,2,IT,1
9.37,1,1,8,3,18,92,144,8,CIVIL,1
7.68,0,9,0,2,64,58,450,3,CSE,1
7.84,2,4,7,2,85,55,69,7,CSE,1
6.63,1,10,4,0,54,40,403,1,CIVIL,1
6.24,2,9,8,3,5,10,52,5,IT,1
6.68,2,9,3,0,50,38,58,6,MECH,1
7.57,4,5,5,3,3,39,297,5,IT,1
6.58,1,0,7,2,45,15,270,7,CIVIL,1
7.06,6,0,5,0,80,70,85,7,MECH,1
9.34,6,2,4,0,95,89,187,5,CIVIL,1
5.73,2,9,8,3,57,57,478,4,CSE,1
7.61,6,0,8,2,61,45,445,6,ECE,1
6.45,5,6,2,0,42,97,246,8,MECH,1
8.09,0,6,5,1,62,42,412,5,IT,1
5.69,5,0,8,0,17,14,17,8,ECE,1
7.17,5,0,5,2,54,7,8,1,ECE,1
9.85,0,3,0,3,40,94,8,4,CIVIL,1
8.94,3,1,2,0,57,96,325,4,ECE,1
8.44,0,7,3,1,4,90,52,6,CSE,1
8.99,3,7,1,1,18,45,345,2,CSE,1
6.26,3,10,5,2,78,87,330,8,CIVIL,1
9.52,4,4,3,1,57,83,52,6,IT,1
7.13,0,0,0,0,7,71,114,7,IT,1
6.28,2,7,4,1,67,14,343,4,IT,1
7.38,1,3,1,1,49,68,30,2,CSE,1
7.89,3,3,7,2,55,76,355,8,CSE,1
5.9,1,2,6,0,24,42,363,6,IT,1
8.64,2,0,1,3,43,38,186,6,ECE,1
9.0,2,2,1,3,30,82,442,8,MECH,1
7.89,1,4,7,3,47,31,327,3,MECH,1
9.51,0,5,7,0,1,26,238,3,IT,1
6.16,4,8,7,2,88,43,163,1,IT,1
8.76,4,2,3,1,10,34,34,8,MECH,1
8.86,0,3,4,3,66,84,334,5,CSE,1
9.24,5,6,0,2,65,39,362,8,MECH,1
9.41,1,10,1,3,60,3,371,3,ECE,1
8.82,2,5,8,2,68,25,197,4,CIVIL,1
7.0,6,3,1,2,0,59,260,1,ECE,1
8.77,5,7,8,0,68,26,74,8,CSE,1
7.3,1,10,6,0,21,37,408,7,ECE,1
5.91,1,6,6,2,32,80,154,7,ECE,1
8.4,1,9,4,3,34,24,382,6,CSE,1
9.43,6,0,1,3,65,93,215,8,ECE,1
8.25,0,8,3,1,28,29,499,3,ECE,1
8.68,4,9,1,0,49,62,100,5,CIVIL,1
9.48,6,0,8,2,72,96,168,4,IT,1
9.6,4,9,5,3,57,49,42,6,MECH,1
7.7,6,3,1,1,58,39,368,7,CIVIL,1
9.75,2,8,2,0,47,2,454,2,CSE,1
7.05,1,10,3,3,40,32,253,8,MECH,1
6.85,3,4,1,1,66,74,408,5,CIVIL,1
9.72,1,3,2,0,55,81,156,4,CSE,1
7.85,3,9,6,0,66,84,88,1,MECH,1
9.14,4,1,1,0,87,54,240,4,CSE,1
9.08,0,3,6,0,1,30,110,6,MECH,1
9.94,4,6,2,2,41,80,336,8,CSE,1
9.75,5,2,4,2,17,22,318,7,MECH,1
6.54,2,9,6,2,16,51,296,7,CSE,1
6.4,3,4,0,1,62,17,475,1,ECE,1
5.85,2,1,1,2,67,25,467,1,MECH,1
8.87,0,8,4,2,5,41,320,5,MECH,1
5.81,5,0,7,2,36,10,73,1,CSE,1
8.14,1,5,2,2,41,81,70,5,IT,1
8.45,3,7,8,1,81,88,470,8,CIVIL,1
8.41,6,6,6,3,13,12,395,6,CSE,1
8.59,0,3,0,0,100,84,53,3,CSE,1
6.77,0,10,7,3,6,21,411,2,CIVIL,1
6.33,6,2,2,2,45,13,481,8,MECH,1
7.62,2,0,5,1,99,28,305,6,IT,1
6.84,0,4,6,0,37,55,98,5,IT,1
8.7,3,8,3,1,93,23,67,2,IT,1
9.7,2,6,2,3,29,5,492,7,MECH,1
9.31,5,4,5,1,14,5,235,8,CSE,1
8.19,2,10,6,0,65,94,480,1,MECH,1
6.0,3,3,1,3,44,100,373,7,CIVIL,1
9.69,4,7,5,3,52,49,242,6,IT,1
5.88,3,7,8,2,32,89,493,4,IT,1
5.97,0,6,4,0,4,3,201,5,CIVIL,1
8.28,0,10,2,2,58,1,61,6,ECE,1
7.97,1,0,1,0,73,15,113,1,CSE,1
8.71,3,1,3,2,79,48,455,7,MECH,1
5.6,0,7,3,2,37,99,280,7,IT,1
8.56,0,8,8,0,57,16,462,3,CSE,1
9.4,3,0,1,1,8,93,496,1,CIVIL,1
6.35,0,4,2,1,55,54,290,4,MECH,1
9.49,5,0,4,1,15,20,456,2,CSE,1
8.18,3,1,2,1,36,42,301,3,CSE,1
6.27,5,6,1,0,80,5,172,1,IT,1
9.1,3,5,1,1,48,76,13,6,IT,1
6.71,6,2,1,0,94,49,419,1,CIVIL,1
6.52,6,6,0,3,6,90,310,4,ECE,1
6.56,4,9,6,1,1,23,420,1,MECH,1
9.98,6,9,2,2,76,72,489,6,CIVIL,1
7.95,3,3,7,3,73,42,142,1,MECH,1
6.79,5,5,2,3,84,67,151,2,CSE,1
9.26,6,3,2,1,50,57,141,8,CSE,1
9.51,5,8,3,1,31,19,434,6,IT,1
7.65,4,4,2,3,62,38,312,5,IT,1
6.14,4,0,7,1,66,60,429,1,ECE,1
9.11,2,1,6,2,29,87,304,3,ECE,1
9.71,0,5,2,3,45,1,451,1,MECH,1
7.81,3,1,1,0,54,35,219,6,ECE,1
9.83,3,2,1,1,69,6,190,3,CIVIL,1
6.73,1,6,4,3,61,91,107,1,ECE,1
7.49,4,3,7,1,70,38,212,3,ECE,1
7.72,5,3,1,2,14,52,307,8,IT,1
9.7,3,0,4,2,46,15,388,8,IT,1
6.89,5,3,8,3,67,79,294,6,CSE,1
8.26,5,0,5,1,83,24,450,4,IT,1
7.2,1,4,1,1,93,42,65,6,IT,1
7.24,3,1,7,1,57,28,6,2,CIVIL,1
9.27,6,9,5,3,53,100,270,2,MECH,1
9.76,4,8,1,3,43,10,255,3,IT,1
9.63,2,9,8,1,22,25,399,6,IT,1
9.98,0,5,8,0,11,15,220,3,CSE,1
9.63,6,7,3,0,96,4,335,7,ECE,1
5.9,1,1,6,1,54,44,58,8,ECE,1
6.47,5,6,3,1,7,82,79,8,CIVIL,1
6.88,3,7,3,3,54,90,295,6,IT,1
7.11,2,10,2,0,28,53,228,8,CIVIL,1
5.85,2,3,7,1,54,0,497,2,ECE,1
6.39,0,6,6,3,67,53,412,1,ECE,1
5.66,6,7,3,1,0,20,231,4,CSE,1
9.43,1,8,7,1,35,26,49,6,IT,1
9.96,5,9,8,2,69,62,7,5,MECH,1
5.56,3,6,3,2,56,95,472,4,MECH,1
6.77,3,0,7,2,88,46,229,3,MECH,1
9.33,0,3,3,3,19,92,7,6,IT,1
9.92,6,4,4,2,46,39,68,1,IT,1
9.03,5,5,0,2,76,47,479,7,IT,1
5.51,1,4,6,1,24,51,265,7,ECE,1
9.28,4,6,7,3,69,91,163,2,CIVIL,1
5.53,0,3,0,3,39,43,456,1,MECH,1
6.37,2,6,4,2,60,36,305,3,ECE,1
7.73,0,7,3,2,8,99,226,2,IT,1
6.89,4,7,1,1,55,19,288,6,IT,1
7.73,3,1,7,3,55,65,427,5,ECE,1
8.0,0,3,2,3,86,7,216,1,IT,1
6.29,4,10,7,1,42,5,360,7,ECE,1
7.87,1,10,2,2,24,58,309,1,CSE,1
7.91,4,3,2,0,88,48,144,1,CIVIL,0
5.81,3,3,6,0,79,96,17,5,CIVIL,1
8.85,2,7,3,0,41,69,86,3,IT,1
9.9,3,2,2,3,8,57,199,1,CIVIL,1
6.22,0,8,7,3,96,5,235,6,MECH,1
7.68,0,1,3,0,25,39,187,1,MECH,1
8.03,4,3,1,2,96,79,96,4,CSE,1
9.31,3,5,0,3,71,24,402,1,MECH,1
8.33,5,3,3,1,79,6,108,2,CIVIL,1
7.73,0,6,3,0,45,89,31,3,CSE,1
9.26,5,6,4,1,39,16,113,1,IT,1
7.1,3,1,4,3,35,46,143,1,CSE,1
5.88,1,4,5,3,66,23,125,6,CIVIL,1
6.47,0,9,0,1,63,99,79,8,CSE,1
6.98,3,2,3,3,6,93,180,3,CIVIL,1
5.71,0,6,4,2,20,34,37,4,ECE,1
8.39,5,5,6,0,82,96,58,2,IT,1
5.98,5,7,3,3,100,66,118,3,ECE,1
5.9,5,4,2,2,22,27,345,8,IT,1
6.49,6,4,2,3,83,96,440,2,ECE,1
6.12,3,5,6,3,66,42,232,6,MECH,1
7.75,6,9,0,3,96,59,224,5,MECH,1
6.93,5,4,6,1,70,71,382,6,IT,1
7.03,4,6,3,3,28,39,285,7,CSE,1
6.33,4,3,2,2,39,97,190,7,MECH,1
8.26,4,5,2,3,37,72,344,8,IT,1
5.55,6,10,0,3,15,59,395,3,CSE,1
7.48,5,6,2,3,74,68,211,4,CSE,1
7.55,1,8,4,2,12,6,132,2,ECE,1
9.37,2,7,8,0,39,17,429,3,CIVIL,1
6.29,0,5,2,0,39,50,89,5,MECH,1
5.97,0,10,0,1,84,78,496,1,CIVIL,1
7.92,4,1,4,1,93,23,471,8,ECE,1
6.25,3,4,3,0,72,17,136,5,CSE,1
7.34,4,3,7,0,100,62,236,5,ECE,1
6.95,3,8,5,1,82,13,123,3,IT,1
6.56,1,5,7,2,39,95,211,7,ECE,1
8.45,0,3,8,1,48,55,22,5,CSE,1
7.02,6,3,4,1,66,1,484,7,MECH,1
9.89,5,0,6,0,56,53,232,4,ECE,1
8.48,3,3,3,0,60,60,256,3,MECH,1
9.54,1,6,2,2,75,70,49,8,CSE,1
9.56,3,1,7,0,78,21,52,4,IT,1
6.63,3,9,3,2,91,97,475,1,ECE,1
9.85,4,9,6,1,56,79,370,7,CSE,1
10.0,0,6,0,2,10,84,409,3,CSE,1
6.43,4,2,6,0,87,3,470,6,ECE,1
6.17,3,2,8,0,52,84,58,8,ECE,1
9.76,2,5,4,2,14,21,433,5,CSE,1
5.74,3,5,6,1,7,29,430,1,MECH,1
7.89,3,2,4,1,37,35,329,2,CIVIL,1
7.09,6,1,5,1,60,55,315,3,CSE,1
6.38,5,7,6,3,14,80,316,8,MECH,1
7.95,4,6,4,1,13,55,131,1,CIVIL,1
8.65,3,9,5,1,9,27,403,6,ECE,1
5.58,5,8,0,2,26,42,155,8,ECE,1
8.68,0,7,5,2,64,89,318,6,CIVIL,1
9.36,2,2,7,2,7,68,115,4,ECE,1
9.8,6,10,3,2,78,37,387,8,MECH,1
5.82,2,9,4,1,73,62,25,4,CSE,1
8.33,1,2,1,1,63,17,281,7,ECE,1
8.59,5,9,6,1,47,100,336,3,MECH,1
7.34,4,10,3,2,62,79,49,7,IT,1
8.17,2,3,7,1,92,96,456,2,ECE,1
9.2,1,9,5,3,49,13,302,4,CIVIL,1
7.23,1,9,0,1,64,75,132,6,ECE,1
8.17,3,7,4,2,99,25,145,7,IT,1
8.98,1,4,6,2,29,57,43,4,CSE,1
6.19,4,8,1,1,51,20,353,8,MECH,1
5.97,0,3,2,1,72,96,364,2,CSE,1
7.94,2,7,7,0,3,29,187,3,ECE,1
6.5,5,6,1,2,17,73,147,3,CSE,1
8.05,6,4,8,1,24,74,223,3,ECE,1
8.82,2,5,0,0,97,17,276,1,CIVIL,1
8.36,4,4,1,1,39,69,396,3,CSE,1
9.89,3,3,4,0,70,63,317,8,IT,1
5.61,4,8,2,1,5,92,356,7,CSE,1
6.27,4,10,4,1,18,54,171,7,IT,1
7.06,2,8,3,0,42,22,143,1,CSE,1
8.67,1,3,1,1,85,72,215,7,MECH,1
5.64,6,9,0,2,9,65,66,1,CSE,1
9.69,3,8,8,3,53,10,165,5,CIVIL,1
5.84,2,10,1,2,94,93,266,8,IT,1
9.43,6,5,0,2,34,82,186,6,IT,1
5.69,1,5,3,1,36,15,400,6,CIVIL,1
5.83,4,8,2,2,72,92,321,8,MECH,1
5.73,6,10,2,0,97,57,291,8,CIVIL,1
8.72,4,5,7,3,20,63,179,1,CIVIL,1
7.31,1,3,4,3,27,1,339,8,MECH,1
8.82,5,0,6,3,51,96,314,5,MECH,1
8.88,0,6,4,2,32,52,358,5,CSE,1
8.69,2,5,5,3,11,81,193,2,CSE,1
6.35,3,7,8,0,67,24,272,6,IT,1
7.24,6,8,2,2,21,39,34,7,CIVIL,1
8.92,4,4,3,0,17,18,499,2,CSE,1
6.48,3,1,0,3,10,94,375,6,MECH,1
5.83,0,5,4,1,76,81,231,1,ECE,1
7.48,1,4,3,0,73,39,34,2,CIVIL,1
8.28,2,4,8,0,27,59,192,4,CSE,1
7.5,1,10,0,1,88,95,202,8,MECH,1
6.04,6,0,6,1,43,62,78,1,ECE,1
6.15,3,5,3,2,62,95,376,4,ECE,1
8.58,4,4,2,0,12,36,489,7,IT,1
5.84,5,3,1,3,35,23,228,4,IT,1
5.88,3,4,7,3,84,44,484,4,MECH,1
5.83,2,9,6,3,1,68,70,3,IT,1
6.66,3,6,2,3,27,85,65,1,MECH,1
7.11,4,7,8,0,4,25,482,7,IT,1
7.36,5,9,4,2,38,80,179,1,CIVIL,1
6.08,4,0,8,1,24,89,22,3,CSE,1
9.48,5,1,2,3,0,33,88,1,MECH,1
9.83,6,3,3,0,81,100,219,7,MECH,1
8.33,0,4,7,3,12,32,320,1,IT,1
9.89,5,9,8,1,17,44,486,8,ECE,1
8.96,4,3,7,3,60,89,258,6,IT,1
6.77,3,9,0,2,27,29,421,3,MECH,1
6.55,4,10,0,2,85,57,103,3,CSE,1
9.65,0,4,2,3,51,41,325,3,CSE,1
8.4,6,8,0,2,73,83,212,3,CSE,1
5.55,6,6,6,3,97,94,160,7,MECH,1
7.51,1,1,1,1,85,36,128,5,CSE,1
5.61,6,9,7,1,80,47,257,5,ECE,1
5.82,1,1,4,0,68,15,447,4,MECH,1
5.68,5,5,8,0,97,74,485,6,CSE,1
6.07,0,3,2,1,72,99,168,8,ECE,1
9.54,4,5,8,1,68,35,500,6,IT,1
8.71,1,3,3,2,48,27,81,8,MECH,1
9.82,4,7,4,3,0,69,302,7,IT,1
9.99,4,0,1,2,91,42,103,3,CSE,1
5.91,4,5,5,0,59,83,271,2,IT,1
6.9,1,2,1,0,53,44,24,6,IT,1
9.11,1,9,6,2,44,43,205,8,CSE,1
5.64,2,9,2,1,44,90,373,2,CSE,1
5.78,4,4,0,0,19,18,429,3,CSE,1
7.71,1,3,7,2,46,55,45,1,CSE,1
9.29,4,9,0,1,1,48,360,1,CIVIL,1
6.88,1,4,1,0,61,75,202,2,ECE,1
8.43,1,4,5,3,38,68,107,3,CIVIL,1
6.9,2,5,8,1,44,49,99,8,CIVIL,1
6.15,2,7,0,3,98,5,331,2,MECH,1
9.59,5,5,6,3,74,37,5,7,ECE,1
7.94,1,7,5,0,14,52,237,1,IT,1
6.82,1,2,6,0,86,99,324,1,IT,1
6.5,2,9,2,0,36,2,47,4,MECH,1
8.93,4,3,8,0,29,16,299,7,MECH,1
7.45,5,2,5,2,55,12,425,4,MECH,1
6.06,4,2,5,3,18,14,109,4,ECE,1
6.1,0,0,1,2,60,25,257,2,IT,1
8.44,0,10,0,0,78,31,76,8,CSE,1
6.94,5,6,3,1,38,81,473,1,CSE,1
7.55,5,1,6,1,66,95,424,5,IT,1
7.61,6,6,5,2,78,51,190,7,ECE,1
9.64,5,10,1,0,75,17,0,5,CIVIL,1
8.02,5,4,0,2,66,12,160,3,MECH,1
5.78,0,1,3,1,25,1,261,2,MECH,1
9.37,1,6,2,3,69,34,362,7,ECE,1
6.07,2,4,7,1,2,21,262,5,CSE,1
7.34,4,5,1,2,27,58,16,3,ECE,1
5.7,5,1,5,0,65,92,399,5,ECE,1
9.15,5,0,1,1,74,27,274,6,IT,1
9.2,4,3,4,2,56,98,454,4,IT,1
9.72,0,3,2,3,80,18,447,3,CIVIL,1
6.64,3,1,4,3,35,61,135,7,MECH,1
5.76,5,7,4,3,38,25,48,3,MECH,1
9.31,2,6,2,0,30,89,267,2,MECH,1
8.71,3,2,3,3,65,0,56,1,CIVIL,1
7.81,3,4,2,1,15,22,48,3,IT,1
7.9,6,10,1,3,45,17,164,5,MECH,1
8.64,0,9,4,3,28,90,187,5,CSE,1
9.78,3,5,7,1,25,76,17,6,IT,1
7.4,4,10,4,3,5,58,398,1,MECH,1
9.45,5,8,8,3,23,66,131,7,ECE,1
9.93,2,10,0,2,28,49,149,8,ECE,1
9.92,1,6,7,2,77,82,313,8,IT,1
6.68,5,2,4,0,91,11,492,3,MECH,1
8.33,6,2,7,1,14,49,359,7,CSE,1
8.77,1,0,4,2,39,50,229,6,CIVIL,1
5.59,5,7,8,1,60,53,246,4,ECE,1
8.18,6,5,5,2,100,64,425,4,IT,1
8.58,1,6,4,1,66,66,16,2,IT,1
6.3,3,10,0,2,51,50,261,3,ECE,1
6.65,5,2,5,1,38,74,5,6,MECH,1
5.54,5,3,4,1,33,57,87,5,CIVIL,1
6.81,5,10,5,1,100,48,366,4,CIVIL,1
7.45,2,2,1,3,10,53,319,7,CIVIL,1
7.02,3,3,1,1,80,40,279,1,IT,1
8.05,4,7,1,1,28,20,81,1,MECH,1
7.29,1,7,5,1,89,3,271,6,CSE,1
9.26,6,7,4,2,82,89,355,1,CSE,1
6.89,6,2,8,1,55,59,122,6,MECH,1
7.14,3,8,1,0,83,53,276,7,ECE,1
8.71,0,8,4,1,57,75,180,4,ECE,1
8.45,5,6,2,3,80,2,8,5,IT,1
6.76,3,8,6,2,27,57,132,5,CIVIL,1
9.44,0,10,5,0,33,96,430,7,MECH,1
9.3,0,1,4,3,40,42,269,5,CSE,1
5.71,4,2,8,1,59,34,276,8,CIVIL,1
7.83,1,4,8,3,5,55,27,5,ECE,1
9.63,6,1,0,3,3,73,276,4,CSE,1
8.39,4,5,4,2,83,97,431,1,CIVIL,1
9.51,2,6,8,3,0,78,463,8,IT,1
7.65,0,3,5,0,73,51,118,7,ECE,1
7.66,5,3,7,0,14,61,369,5,CSE,1
5.92,5,10,2,2,90,3,363,3,CIVIL,1
8.1,6,0,0,1,58,74,358,1,ECE,1
8.26,5,4,5,1,6,46,473,8,CIVIL,1
9.74,6,6,5,2,6,47,34,8,CSE,1
8.42,3,0,7,2,41,23,48,7,IT,1
6.86,2,6,0,3,98,23,148,1,CIVIL,1
8.41,3,0,2,0,44,34,36,3,CIVIL,1
9.84,3,5,8,2,29,26,94,8,CSE,1
9.94,6,5,8,3,64,73,449,5,CSE,1
7.67,5,8,8,1,60,31,373,8,CSE,1
8.83,3,5,7,3,23,99,369,6,CSE,1
7.52,4,4,6,2,100,57,211,1,ECE,1
5.76,2,6,0,1,5,5,354,8,CSE,1
8.68,2,6,2,0,88,73,136,1,ECE,1
8.46,2,10,7,3,45,73,38,2,ECE,1
9.99,0,6,6,3,54,66,202,2,MECH,1
6.5,0,10,5,2,77,96,0,5,ECE,1
7.83,5,3,7,3,93,21,21,8,CSE,1
7.62,4,5,1,2,53,35,158,3,MECH,1
9.67,5,9,4,2,14,4,135,3,MECH,1
8.05,4,4,1,1,59,14,430,5,CIVIL,1
9.89,1,2,2,2,99,50,36,8,ECE,1
7.89,3,5,3,2,22,61,320,8,IT,1
8.35,5,7,6,2,8,79,236,5,CSE,1
5.98,2,6,3,1,97,66,171,1,CIVIL,1
9.94,3,0,7,1,32,54,358,2,CSE,1
6.48,4,4,4,3,34,81,68,1,ECE,1
8.27,2,5,8,0,45,75,36,3,ECE,1
6.53,6,10,5,2,15,58,260,1,ECE,1
7.21,4,1,5,0,76,38,237,1,ECE,1
6.48,2,0,8,0,22,48,430,2,CSE,1
7.96,4,1,0,0,85,71,42,8,CIVIL,1
7.57,1,4,3,1,31,57,190,2,ECE,1
9.06,3,4,1,3,94,98,494,2,CSE,1
9.2,4,6,5,2,1,40,265,5,ECE,1
7.34,0,5,0,1,48,8,68,6,CSE,1
8.32,5,9,7,3,68,8,9,5,CSE,1
8.8,2,4,7,2,68,75,179,4,IT,1
7.05,5,0,8,0,52,53,368,5,MECH,1
6.41,3,5,7,1,95,9,110,7,CSE,1
6.92,1,1,4,1,90,66,203,4,ECE,1
7.04,5,1,3,0,7,98,32,1,IT,1
5.63,0,9,1,1,23,39,20,2,CSE,1
9.8,0,3,4,0,12,28,284,4,CSE,1
9.42,3,1,1,0,65,83,295,1,ECE,1
8.65,3,4,1,1,29,31,118,2,ECE,1
6.52,0,7,3,2,31,38,445,2,ECE,1
9.93,3,7,0,1,20,68,15,2,MECH,1
6.53,1,7,7,1,27,50,376,5,CIVIL,1
7.64,0,2,2,0,5,4,150,4,ECE,1
8.33,0,10,4,3,85,0,114,8,MECH,1
7.31,6,0,0,0,45,48,383,8,IT,1
7.4,4,5,7,1,6,26,232,4,ECE,1
6.13,4,7,6,3,84,5,275,3,MECH,1
8.03,3,7,0,3,11,70,156,7,IT,1
8.57,1,2,4,1,9,57,385,6,IT,1
5.63,1,2,2,3,98,84,19,1,CSE,1
5.72,3,2,6,3,9,84,58,5,IT,1
9.27,6,10,7,2,83,3,297,3,MECH,1
9.73,5,9,7,3,35,78,267,6,CSE,1
6.77,2,0,5,3,36,13,342,8,CIVIL,1
7.72,2,3,4,2,99,31,94,4,CSE,1
9.41,6,0,1,0,23,83,333,1,ECE,1
8.9,6,3,4,3,25,59,392,4,ECE,1
9.44,1,1,6,1,96,16,309,5,MECH,1
7.83,0,4,3,1,16,90,39,5,IT,1
6.47,1,6,8,1,16,94,164,7,CSE,1
8.88,4,2,0,2,72,12,118,5,CSE,1
8.8,0,7,2,2,60,4,425,4,IT,1
7.84,3,7,4,0,32,87,243,4,CIVIL,1
9.15,2,3,5,1,33,31,119,7,CSE,1
6.85,3,6,5,3,43,45,398,2,IT,1
8.25,1,8,5,1,6,86,128,7,IT,1
5.53,4,9,7,0,51,64,117,2,CIVIL,1
8.35,0,4,3,3,63,8,50,3,MECH,1
5.85,4,1,7,2,58,57,33,3,CIVIL,1
9.93,0,9,5,1,99,1,24,1,MECH,1
9.25,2,9,6,2,6,92,364,3,CIVIL,1
6.71,4,8,5,0,52,46,62,8,MECH,1
7.81,2,9,3,0,26,31,186,6,MECH,1
5.86,5,8,5,0,97,92,173,8,ECE,1
8.24,1,10,2,1,97,0,258,5,IT,1
9.99,5,5,1,0,80,1,307,7,ECE,1
9.81,5,6,4,2,50,7,276,2,ECE,1
5.62,1,5,0,0,29,29,243,5,ECE,1
9.85,0,6,1,3,45,38,390,7,CIVIL,1
8.39,2,6,6,1,29,77,237,7,MECH,1
9.51,2,10,8,2,69,13,211,2,CSE,1
7.47,5,7,1,2,37,88,438,2,ECE,1
9.15,0,2,5,0,57,46,111,7,ECE,1
9.66,0,2,3,0,29,20,464,2,CIVIL,1
5.57,1,4,3,2,94,74,387,4,ECE,1
8.43,4,9,3,3,49,0,385,4,MECH,1
7.13,6,4,2,2,87,43,401,4,MECH,1
8.77,4,6,8,1,53,96,152,5,CSE,1
9.94,5,9,6,2,6,22,85,5,MECH,1
5.91,2,7,0,0,97,26,169,4,ECE,1
8.26,0,4,7,0,29,58,394,1,ECE,1
7.7,0,1,7,0,10,20,65,4,MECH,1
7.97,5,2,5,0,53,54,14,6,CSE,1
9.69,5,9,4,3,72,85,55,1,CSE,1
5.6,4,2,1,0,94,19,398,5,MECH,1
9.75,2,8,2,2,8,89,179,4,ECE,1
9.84,3,1,3,2,88,20,393,7,CIVIL,1
9.91,1,10,4,2,80,12,288,2,CSE,1
9.43,0,8,8,0,63,10,426,3,ECE,1
5.88,3,10,5,3,63,0,473,8,IT,1
7.96,4,7,3,3,76,3,18,2,MECH,1
7.21,5,0,8,3,67,24,107,7,IT,1
6.91,3,3,2,1,87,33,191,2,CSE,1
5.97,1,9,4,0,33,35,276,5,MECH,1
6.14,5,7,3,1,13,17,189,6,CSE,1
9.84,6,10,4,2,81,27,63,1,ECE,1
6.32,1,6,1,2,99,62,41,2,IT,1
5.59,5,7,0,3,7,83,241,8,ECE,1
6.75,1,7,4,3,6,66,384,4,ECE,1
7.0,0,4,4,0,77,6,489,3,IT,1
6.92,4,1,6,1,91,30,297,2,IT,1
9.9,1,5,4,0,1,52,15,4,ECE,1
8.31,4,4,5,2,22,63,13,8,IT,1
6.65,0,1,3,2,58,47,43,6,MECH,1
5.95,1,10,5,0,40,97,15,1,CIVIL,1
5.97,1,5,6,2,48,74,209,4,MECH,1
9.98,1,1,5,2,90,61,120,2,IT,1
7.97,3,5,2,0,98,82,176,4,IT,1
5.56,5,10,0,0,34,23,249,2,IT,1
7.33,6,5,2,1,73,41,98,3,IT,1
9.32,1,5,1,2,16,61,452,6,CIVIL,1
5.57,5,1,0,0,9,0,391,2,CSE,1
9.96,1,7,6,2,28,65,215,2,IT,1
6.17,1,10,6,0,67,37,143,5,MECH,1
6.36,0,9,0,2,12,19,422,8,MECH,1
7.98,4,4,5,0,77,75,436,6,CIVIL,1
9.31,6,7,4,0,67,3,437,3,CSE,1
8.98,3,8,2,1,45,45,392,4,CIVIL,1
5.72,6,9,5,0,57,16,434,7,MECH,1
6.48,3,5,6,3,75,1,91,1,MECH,1
8.76,3,7,6,0,74,62,193,1,CIVIL,1
8.02,5,1,1,3,83,14,53,4,IT,1
9.06,0,7,8,1,96,88,139,5,IT,1
5.58,1,8,3,1,21,13,102,7,IT,1
5.77,3,7,1,1,48,12,288,7,MECH,1
8.44,5,3,1,3,33,43,415,8,MECH,1
5.78,0,2,6,0,88,84,370,4,IT,1
8.4,4,5,4,0,47,19,86,4,CSE,1
6.79,0,6,8,2,80,52,287,2,CIVIL,1
8.01,0,10,5,2,5,99,130,8,MECH,1
8.97,0,6,2,1,27,94,137,5,CSE,1
7.79,6,4,5,3,81,5,94,3,CSE,1
6.9,1,5,5,2,13,40,165,6,IT,1
6.11,6,3,2,1,94,12,259,8,IT,1
8.66,5,9,5,2,96,8,163,5,IT,1
5.61,0,5,1,0,84,31,500,7,IT,1
5.52,0,8,8,3,82,15,272,1,ECE,1
9.45,3,1,7,1,65,35,301,4,ECE,1
8.13,1,9,4,0,32,46,207,1,CSE,1
6.22,5,0,0,0,37,100,434,8,CSE,1
9.4,3,2,6,3,8,96,296,4,CSE,1
8.1,2,8,2,0,17,63,194,1,CIVIL,1
8.98,1,5,8,3,55,1,302,3,MECH,1
9.43,6,1,1,3,24,78,400,8,CSE,1
6.92,2,4,6,0,67,96,219,2,ECE,1
7.41,6,3,2,0,86,55,205,1,MECH,1
7.51,4,3,8,0,43,7,10,5,MECH,1
8.12,0,6,7,1,26,90,436,3,CIVIL,1
6.8,0,5,6,2,12,66,284,6,CSE,1
7.63,1,6,2,2,17,68,192,7,IT,1
7.14,3,2,6,3,30,11,209,2,ECE,1
6.17,0,4,0,2,14,26,305,7,MECH,1
7.64,1,9,1,2,9,13,153,7,CIVIL,1
9.77,0,0,3,0,29,28,153,5,ECE,1
5.6,5,7,6,2,68,19,390,7,MECH,1
9.37,6,3,2,0,22,22,232,4,IT,1
7.37,6,10,2,2,23,29,373,7,CIVIL,1
8.55,5,6,0,1,46,42,126,1,CIVIL,1
9.47,5,5,6,3,27,24,117,2,MECH,1
5.96,1,8,6,1,77,90,189,5,CSE,1
7.02,2,7,6,1,28,62,157,6,MECH,1
9.19,0,6,7,0,68,41,37,4,CIVIL,1
9.73,1,9,6,3,36,2,61,3,IT,1
6.84,1,3,6,3,50,94,96,3,IT,1
9.1,0,7,3,0,17,51,142,2,CSE,1
6.24,5,1,2,0,91,5,332,4,ECE,1
7.88,5,3,2,1,69,2,446,6,CIVIL,1
8.05,1,5,5,3,60,29,104,5,MECH,1
6.03,6,10,8,1,59,66,29,7,MECH,1
6.43,2,6,4,3,70,100,82,1,ECE,1
8.92,6,1,1,0,91,71,15,6,MECH,1
9.8,6,9,2,0,6,24,470,4,IT,1
8.03,5,2,7,0,77,26,299,2,ECE,1
6.31,0,2,7,3,76,38,349,1,IT,1
8.62,5,6,3,3,60,79,151,5,MECH,1
7.56,5,5,1,2,40,34,91,3,MECH,1
9.21,1,0,2,1,88,79,243,2,MECH,1
8.09,1,0,7,1,42,98,120,3,ECE,1
7.04,0,8,6,0,54,9,153,1,CIVIL,1
6.29,1,9,7,0,67,74,462,8,MECH,1
7.54,5,6,5,2,19,8,470,5,CSE,1
9.38,2,2,2,3,5,89,46,8,CIVIL,1
9.14,3,2,0,3,25,33,258,2,ECE,1
9.21,3,6,2,0,27,38,117,7,CIVIL,1
8.93,4,1,2,2,88,60,467,8,CIVIL,1
5.78,4,1,4,3,13,24,408,4,CIVIL,1
6.29,1,5,5,3,29,0,446,5,MECH,1
6.08,4,0,4,2,32,43,315,2,MECH,1
8.48,6,10,1,3,36,20,460,7,CSE,1
8.07,2,4,0,2,54,62,391,1,IT,1
9.88,6,9,3,3,21,63,175,8,ECE,1
9.25,6,1,7,3,28,65,441,6,CSE,1
8.63,4,6,4,2,73,87,492,4,MECH,1
9.08,2,3,7,3,96,55,208,6,ECE,1
6.66,2,10,5,0,44,50,370,6,CSE,1
7.91,2,1,3,2,38,49,417,6,CIVIL,1
8.74,2,5,4,2,10,3,219,2,MECH,1
6.37,0,8,7,3,83,81,94,3,CIVIL,1
6.67,2,2,8,3,6,43,422,4,ECE,1
9.23,4,3,8,1,26,3,47,3,CSE,1
5.74,2,6,1,1,25,0,173,4,IT,1
9.44,0,6,7,1,42,100,173,7,IT,1
9.28,4,3,4,3,98,55,494,1,MECH,1
6.34,5,8,4,0,74,92,141,8,ECE,1
9.78,4,0,5,3,33,23,262,2,CIVIL,1
6.42,4,2,4,3,79,23,12,1,MECH,1
6.15,6,4,0,2,70,72,51,1,CIVIL,1
9.92,6,2,4,2,32,48,482,6,ECE,1
6.0,1,1,4,2,26,55,399,1,ECE,1
7.78,3,0,8,1,57,65,432,2,CIVIL,1
9.97,0,6,7,2,51,99,261,2,ECE,1
8.91,0,2,2,2,81,82,23,8,CSE,1
9.0,1,6,5,2,78,83,241,7,MECH,1
8.95,4,10,6,3,28,7,216,6,CIVIL,1
9.47,2,10,6,0,39,36,31,3,ECE,1
7.23,6,1,3,0,14,88,238,4,MECH,1
8.16,2,5,7,3,26,20,143,8,ECE,1
8.55,0,10,3,0,96,63,119,1,CSE,1
5.8,5,4,1,2,14,44,79,4,CIVIL,1
8.05,1,2,7,1,44,42,337,1,CSE,1
7.83,1,6,5,0,90,0,253,2,MECH,1
5.91,0,9,6,1,59,92,260,1,IT,1
8.51,6,2,3,0,73,91,299,3,MECH,1
9.16,4,6,3,3,29,86,77,2,MECH,1
9.15,4,3,5,1,75,17,42,3,CSE,1
6.69,2,7,3,2,87,66,145,7,CSE,1
7.56,1,7,6,1,61,61,154,4,CIVIL,1
7.77,2,2,5,0,51,45,173,6,CIVIL,1
9.24,5,10,7,0,20,83,416,7,IT,1
6.94,4,7,1,1,72,23,448,2,MECH,1
9.2,4,1,7,0,66,1,96,4,CIVIL,1
8.69,5,4,4,1,11,41,196,1,MECH,1
9.47,4,7,4,0,80,93,169,2,ECE,1
8.81,0,7,6,0,24,80,411,5,CIVIL,1
6.47,0,2,2,2,28,20,152,7,CSE,1
5.76,6,8,1,0,83,18,466,4,CIVIL,1
5.72,3,4,0,2,73,69,160,5,MECH,1
7.53,1,10,3,1,53,67,132,7,ECE,1
9.53,1,0,8,1,57,84,406,7,ECE,1
5.87,6,2,7,3,78,3,476,4,ECE,1
5.63,4,8,0,1,95,90,371,2,IT,1
9.6,5,10,8,2,15,13,49,3,CSE,1
6.92,2,6,7,1,7,98,53,6,ECE,1
5.77,0,5,0,2,34,22,28,3,ECE,1
8.48,1,8,5,2,90,92,87,7,ECE,1
9.02,6,7,3,0,16,19,80,8,MECH,1
6.28,6,4,8,0,77,47,24,3,CIVIL,1
9.61,2,9,5,3,52,86,71,5,CIVIL,1
8.79,0,4,4,3,35,68,172,2,CSE,1
8.36,0,3,6,2,83,19,140,6,MECH,1
9.75,3,2,5,3,81,5,321,3,ECE,1
6.84,3,2,2,2,38,39,151,1,MECH,1
6.71,4,4,1,3,28,45,319,2,CIVIL,1
7.88,5,0,7,0,98,10,232,5,IT,1
6.63,6,1,4,0,45,81,236,7,CSE,1
7.88,2,6,7,0,64,45,23,3,ECE,1
5.76,5,0,2,1,78,40,37,8,ECE,1
7.73,4,3,8,2,30,81,89,3,CIVIL,1
5.85,2,3,5,3,10,23,136,8,ECE,1
8.42,5,0,0,3,76,67,368,7,CSE,1
9.97,5,1,6,1,89,94,223,7,CSE,1
7.19,1,1,1,0,43,83,394,4,MECH,1
8.63,3,5,5,2,90,41,439,8,MECH,1
9.05,1,2,2,3,89,19,58,4,CSE,1
5.99,0,2,8,2,69,73,143,3,CSE,1
5.85,3,6,1,2,78,38,52,7,CIVIL,1
7.42,0,10,0,1,55,45,47,4,ECE,1
6.53,3,6,1,1,69,62,101,8,CSE,1
6.57,0,2,2,0,94,26,31,3,CSE,1
8.99,4,5,7,1,87,57,484,8,MECH,1
9.6,5,0,3,3,5,70,14,7,CSE,1
9.24,1,1,2,1,15,94,130,8,CIVIL,1
6.74,3,9,7,1,57,43,353,8,IT,1
9.26,5,0,5,2,22,42,354,4,IT,1
6.17,0,2,6,3,72,43,306,2,MECH,1
6.77,6,2,2,1,2,24,13,1,CIVIL,1
6.92,6,8,6,1,9,63,36,2,CIVIL,1
6.87,3,3,3,1,69,77,197,8,CIVIL,1
7.63,3,1,4,2,14,0,212,7,CIVIL,1
9.35,6,4,1,1,58,55,459,1,IT,1
9.3,6,6,6,2,5,25,225,3,ECE,1
9.64,3,9,3,1,10,15,490,3,CSE,1
7.68,1,9,6,1,95,100,230,8,CIVIL,1
8.92,1,4,6,0,58,18,148,7,CIVIL,1
7.95,5,7,0,0,28,33,333,6,IT,1
6.23,3,5,0,1,35,47,171,8,ECE,1
8.95,6,10,7,0,78,73,175,1,CIVIL,1
9.99,0,3,1,3,64,31,184,1,IT,1
8.08,0,6,8,2,23,35,411,5,MECH,1
5.76,3,3,4,1,45,90,25,7,IT,1
5.54,5,3,6,2,38,80,73,5,ECE,1
9.97,6,5,8,0,23,21,85,3,MECH,1
7.97,2,5,4,0,97,47,10,2,ECE,1
9.39,6,10,0,0,100,38,322,1,ECE,1
7.07,5,2,1,2,19,88,39,4,CIVIL,1
6.37,3,10,1,2,28,35,284,1,ECE,1
8.47,4,2,5,1,98,46,143,7,ECE,1
5.97,2,8,3,3,59,20,84,8,CIVIL,1
6.1,1,1,4,3,58,58,357,7,ECE,1
8.69,3,4,0,1,42,57,180,8,CSE,1
8.94,0,10,1,0,25,87,104,3,CSE,1
7.99,5,9,4,3,88,21,423,5,ECE,1
7.65,1,9,4,1,54,25,288,1,CSE,1
9.19,1,9,5,2,33,77,40,2,MECH,1
7.28,4,2,5,1,78,36,272,7,CSE,1
8.21,6,5,8,0,3,95,434,4,CSE,1
8.6,4,7,0,1,34,20,223,4,IT,1
9.68,5,8,8,2,10,80,111,3,ECE,1
7.15,6,10,7,3,70,74,104,5,CIVIL,1
5.82,1,5,7,3,15,32,261,6,MECH,1
5.52,3,4,7,1,82,82,254,7,MECH,1
7.87,2,6,8,3,99,88,463,6,MECH,1
7.2,6,3,1,2,90,46,392,6,ECE,1
7.28,2,10,2,3,21,25,232,6,CSE,1
6.63,5,6,0,0,27,55,101,8,IT,1
9.39,6,9,4,0,61,75,153,6,ECE,1
6.21,2,4,5,3,82,49,447,1,IT,1
5.74,3,4,6,2,78,59,451,6,IT,1
6.7,3,1,1,2,46,24,230,4,ECE,1
6.27,3,3,2,2,98,76,230,7,MECH,1
6.62,3,10,6,1,54,23,168,2,ECE,1
5.73,5,9,2,1,2,36,141,3,MECH,1
9.92,4,4,0,1,85,12,328,6,CSE,1
8.3,0,4,4,2,96,73,304,4,MECH,1
5.81,2,5,1,0,25,97,279,6,CSE,1
8.83,3,7,3,1,57,33,389,7,IT,1
6.16,6,9,7,1,2,54,335,5,IT,1
8.13,2,1,2,2,84,35,61,4,CIVIL,1
7.81,0,9,4,3,71,1,323,5,ECE,1
8.14,1,0,1,2,40,89,380,1,CIVIL,1
8.43,6,9,2,2,21,55,366,4,CSE,1
5.69,4,3,4,0,48,60,13,6,MECH,1
8.84,6,2,4,1,12,75,231,1,CIVIL,1
8.25,1,6,1,3,85,67,327,7,MECH,1
9.67,0,4,5,1,98,33,32,6,ECE,1
6.2,0,7,0,0,12,8,15,2,CIVIL,1
9.72,2,1,7,1,55,51,292,1,ECE,1
8.69,2,2,3,2,74,15,187,8,MECH,1
8.86,6,1,2,0,33,97,167,2,IT,1
9.09,1,0,8,1,64,14,239,1,CIVIL,1
8.94,3,10,2,1,30,26,344,8,CSE,0
6.1,1,3,6,2,27,29,391,6,CSE,1
7.72,5,4,6,0,96,79,125,7,MECH,1
7.87,4,0,2,1,36,29,182,8,IT,1
7.47,3,8,1,1,48,99,165,7,CSE,1
7.72,2,1,3,1,5,15,227,1,ECE,1
6.54,5,2,7,1,29,56,395,5,IT,1
6.75,4,4,0,1,0,92,441,6,ECE,1
8.73,5,2,0,0,100,27,500,5,MECH,1
6.61,3,1,5,2,37,29,456,8,CIVIL,1
7.38,2,6,8,0,86,74,15,4,IT,1
5.82,4,8,1,1,32,48,145,7,IT,1
5.5,1,0,7,3,54,88,121,6,CSE,1
7.7,4,7,8,0,27,22,372,6,ECE,1
9.68,6,6,1,0,81,13,411,8,IT,1
7.01,3,7,5,3,45,12,25,3,ECE,1
6.04,5,0,5,0,29,35,416,6,ECE,1
8.86,2,1,2,2,66,62,326,6,CIVIL,1
5.7,3,5,5,0,37,33,113,2,IT,1
7.72,5,7,8,3,46,89,495,6,MECH,1
8.7,2,9,0,2,86,97,450,5,CIVIL,1
6.41,2,1,2,3,12,59,48,5,CIVIL,1
7.06,2,2,2,3,20,13,109,6,MECH,1
8.49,1,0,4,0,34,21,56,5,CSE,1
7.15,1,0,8,3,36,64,78,5,CIVIL,1
9.93,2,0,3,1,12,53,94,3,MECH,1
7.73,1,8,2,3,93,28,40,5,CIVIL,1
7.46,1,6,6,1,38,7,371,6,IT,1
7.29,0,2,5,2,63,23,210,3,CIVIL,1
8.13,4,4,7,3,5,20,103,2,IT,1
5.79,2,7,0,2,71,47,60,8,IT,1
7.54,4,9,3,0,38,18,457,8,CIVIL,1
8.23,4,9,7,2,33,52,32,2,MECH,1
7.02,1,6,1,0,7,8,296,8,CIVIL,1
6.34,2,6,8,0,69,50,453,2,CSE,1
9.23,2,1,2,0,90,77,68,2,CIVIL,1
5.61,5,5,4,0,47,76,224,5,IT,1
6.96,5,9,5,0,26,26,124,4,CIVIL,1
5.76,4,9,0,3,47,11,37,8,IT,1
6.06,0,2,1,1,30,93,51,5,ECE,1
8.99,2,0,1,1,61,61,288,5,IT,1
7.84,0,0,8,0,92,76,283,6,MECH,1
5.7,0,8,7,0,6,47,490,8,CIVIL,1
6.02,4,6,7,0,34,58,140,8,CIVIL,1
5.61,2,2,8,2,4,65,391,4,IT,1
6.54,3,1,2,2,7,38,123,5,ECE,1
6.35,0,3,0,2,77,1,330,5,IT,1
5.76,3,4,0,3,46,83,221,3,ECE,1
8.99,3,6,3,1,31,79,376,3,IT,1
6.88,1,3,7,2,12,99,444,7,IT,1
6.71,1,5,7,0,13,28,239,3,ECE,1
9.24,4,10,5,0,40,3,389,6,CSE,1
7.39,5,9,4,0,0,58,283,8,CSE,1
7.19,5,5,3,3,7,7,405,8,CIVIL,1
7.21,2,0,4,1,10,41,57,2,ECE,1
7.23,2,3,6,0,71,52,148,5,ECE,1
5.89,1,5,3,2,53,77,455,1,CIVIL,1
6.08,3,6,5,2,41,12,22,8,IT,1
8.99,1,6,0,1,6,60,40,1,CSE,1
8.27,3,3,5,0,94,36,364,3,MECH,1
6.05,2,7,0,0,39,60,306,1,IT,1
8.38,6,2,4,0,11,33,173,2,CIVIL,1
7.99,1,0,3,2,33,88,115,4,CSE,1
9.27,1,4,6,0,43,80,112,6,ECE,1
9.58,4,2,8,0,82,91,430,3,CSE,1
7.51,5,8,8,0,76,82,268,4,CSE,1
7.9,6,4,7,2,2,46,32,5,CSE,1
8.49,5,3,6,3,62,81,217,8,CIVIL,1
7.94,0,1,2,1,36,31,208,5,ECE,1
9.77,4,9,6,1,11,30,3,1,ECE,1
8.75,1,5,8,1,28,23,70,3,ECE,1
5.69,4,2,6,3,63,3,344,4,CSE,1
5.74,2,5,4,0,52,89,14,5,ECE,1
8.44,1,3,6,3,40,61,34,6,IT,1
5.79,2,1,3,0,79,74,245,3,ECE,1
8.96,6,8,2,0,74,15,410,2,CSE,1
5.61,0,7,6,2,20,0,436,6,ECE,1
9.25,3,7,2,1,82,23,365,8,CSE,1
6.53,0,1,1,3,28,91,232,1,MECH,1
5.72,0,4,3,1,28,2,274,5,ECE,1
5.69,1,10,6,3,24,77,289,3,CSE,1
6.28,1,6,7,0,45,53,359,5,IT,1
6.2,3,10,0,1,3,63,243,7,CSE,1
9.01,2,8,8,2,13,78,356,4,ECE,1
7.94,2,10,3,3,97,0,410,3,CSE,1
9.87,0,4,3,2,10,37,288,8,CIVIL,1
9.11,4,3,8,2,16,50,417,4,CSE,1
8.86,5,8,4,0,56,74,343,8,MECH,1
8.53,1,4,1,3,23,61,500,6,MECH,1
7.07,5,9,2,0,8,43,101,8,CSE,1
9.65,0,1,4,1,97,32,445,7,ECE,1
9.49,5,1,2,2,73,89,279,3,MECH,1
8.59,6,5,2,2,55,37,151,4,CSE,1
6.57,1,0,7,3,91,68,137,7,ECE,1
9.2,2,8,2,2,85,42,495,2,IT,1
9.07,0,6,0,1,33,64,71,2,MECH,1
6.12,5,7,2,2,44,72,319,5,ECE,1
7.48,6,3,5,0,20,62,446,7,CIVIL,1
8.99,3,4,7,2,31,60,20,2,IT,1
9.86,6,10,6,0,87,80,387,6,CIVIL,1
9.03,5,7,1,0,3,96,437,1,IT,1
8.75,6,8,2,2,65,26,303,4,MECH,1
8.18,6,3,1,0,29,28,382,4,CIVIL,1
8.76,0,9,1,2,65,38,286,7,CSE,1
7.38,1,6,5,2,8,15,266,1,ECE,1
7.74,2,6,6,2,33,65,307,6,MECH,1
7.31,2,1,0,2,37,50,213,7,CSE,1
6.19,1,3,0,1,8,67,259,7,CSE,1
9.52,1,0,8,2,73,66,440,5,IT,1
8.64,6,4,8,3,55,73,231,7,ECE,1
7.19,2,8,1,3,79,19,129,6,ECE,1
7.12,4,4,6,3,59,93,446,7,IT,1
8.76,3,5,4,0,23,94,478,3,MECH,1
6.05,0,7,1,1,94,65,255,6,CSE,0
8.62,2,1,7,3,8,88,499,4,CIVIL,1
7.91,1,6,0,0,29,100,177,2,IT,1
9.01,2,6,2,0,64,79,342,5,CSE,1
8.98,3,2,3,2,65,61,434,1,MECH,1
9.69,3,5,1,0,34,10,23,1,CIVIL,1
6.35,1,1,3,2,5,29,51,8,CIVIL,1
9.06,3,0,1,1,18,46,429,5,CIVIL,1
6.44,2,4,3,1,51,28,167,5,CIVIL,1
6.71,3,10,2,1,28,55,80,1,ECE,1
8.0,6,7,8,0,75,68,4,8,CIVIL,1
7.0,1,8,8,1,64,78,291,1,CSE,1
8.5,6,5,8,3,9,68,168,2,IT,1
7.49,4,10,2,1,33,11,9,8,MECH,1
8.9,4,7,0,2,61,48,176,5,IT,1
9.78,1,6,8,2,54,13,446,2,MECH,1
5.76,6,2,3,0,8,82,358,4,MECH,1
7.97,1,0,4,0,36,44,38,6,MECH,1
7.08,4,0,5,3,62,17,25,8,MECH,1
6.08,6,7,2,3,6,14,186,5,ECE,1
6.85,5,1,6,0,10,18,89,7,ECE,1
8.98,5,6,2,2,99,77,461,1,IT,1
6.12,0,6,5,2,60,72,148,4,CIVIL,1
9.18,4,2,1,1,43,4,95,2,MECH,1
6.52,2,1,0,2,8,86,368,7,IT,1
7.19,6,2,7,0,26,22,175,2,MECH,1
9.97,1,4,0,0,6,82,449,2,MECH,1
7.55,6,9,1,3,68,1,329,4,IT,1
7.42,6,10,5,2,39,15,206,7,MECH,1
9.67,5,0,4,1,93,71,81,4,CSE,1
9.5,0,0,0,0,32,93,306,2,MECH,0
5.75,2,2,5,1,99,37,332,7,CSE,1
6.12,3,5,3,1,40,60,2,5,IT,1
7.58,0,7,2,0,62,61,425,5,CIVIL,1
6.26,3,2,5,2,70,57,24,4,IT,1
9.63,4,10,1,2,95,99,273,4,CIVIL,1
9.75,2,0,7,0,60,10,263,8,MECH,1
7.67,0,5,6,1,46,16,482,5,IT,1
9.97,4,1,4,2,62,29,202,8,MECH,1
9.08,3,3,2,3,16,18,74,1,CSE,1
9.17,1,6,1,3,47,15,139,2,CIVIL,1
9.53,5,6,6,1,27,37,439,5,ECE,1
6.67,2,7,4,1,70,32,291,1,IT,1
8.7,0,3,0,3,53,36,409,8,CSE,1
9.93,1,6,1,0,70,50,438,6,CSE,1
9.63,3,2,8,2,6,39,381,3,IT,1
7.68,0,10,8,2,33,10,153,5,CIVIL,1
7.97,5,5,3,3,68,59,143,2,IT,1
6.09,1,10,5,0,76,67,484,4,IT,1
7.03,4,4,0,1,98,14,143,8,IT,1
6.48,1,10,7,3,6,17,432,7,IT,1
8.84,6,8,6,0,95,21,4,4,ECE,1
5.72,4,9,0,0,11,84,185,7,ECE,1
6.13,1,8,4,1,100,78,19,2,IT,1
8.46,0,1,1,2,57,38,270,4,IT,1
7.55,2,4,3,2,56,87,373,7,CIVIL,1
6.77,4,9,2,2,43,53,285,2,ECE,1
6.55,5,8,6,1,96,62,243,3,ECE,1
8.44,3,7,7,1,84,18,141,4,IT,1
5.56,4,9,6,0,56,27,295,3,ECE,1
7.49,2,8,1,1,31,92,442,1,IT,1
6.28,1,0,1,1,6,92,309,5,IT,1
6.82,5,4,1,3,34,53,108,4,CSE,1
7.22,4,5,4,2,86,62,109,8,CSE,1
6.19,0,6,1,2,63,72,186,2,CIVIL,1
6.78,3,3,3,0,67,91,283,7,CSE,1
7.14,2,5,4,2,17,54,10,8,IT,1
9.42,3,0,1,3,37,61,121,5,CIVIL,1
8.82,5,3,1,2,37,74,188,5,IT,1
5.85,2,8,2,1,47,52,9,4,CSE,1
6.0,3,1,1,1,54,8,403,7,CSE,1
6.34,2,0,1,3,35,87,483,2,CSE,1
7.72,4,6,0,0,18,67,407,8,CIVIL,1
5.87,1,4,6,3,80,3,401,2,ECE,1
8.63,3,7,1,0,3,17,318,2,IT,1
9.15,5,9,0,0,64,82,182,5,CIVIL,1
7.42,3,10,6,3,96,36,11,8,IT,1
6.55,5,8,4,1,100,25,183,5,ECE,1
6.39,6,3,7,3,89,18,441,3,IT,1
6.46,1,10,6,2,11,77,344,1,MECH,1
8.09,6,5,8,3,16,93,453,3,CIVIL,1
8.68,5,4,4,1,69,23,475,3,CSE,1
9.98,5,0,2,1,46,98,292,5,IT,1
9.38,2,1,6,1,40,30,62,8,ECE,1
6.41,3,2,0,3,35,10,183,1,CSE,1
8.06,2,10,6,0,88,28,304,3,ECE,1
5.77,3,1,6,0,54,96,170,6,MECH,1
5.94,4,10,6,2,56,20,60,3,IT,1
7.02,0,5,0,2,94,2,177,1,CSE,1
6.96,2,7,6,2,38,85,99,4,ECE,1
7.37,4,0,2,2,67,51,300,1,IT,1
6.72,4,10,8,0,8,93,305,7,IT,1
7.29,0,1,2,3,96,16,441,1,CIVIL,1
9.4,6,4,8,2,51,22,485,4,MECH,1
7.72,4,10,2,0,90,46,268,6,CSE,1
8.12,5,9,3,1,79,59,121,1,CIVIL,1
8.81,1,3,4,0,89,45,346,3,ECE,1
6.4,3,2,4,0,59,29,24,8,IT,1
8.15,4,1,3,3,21,74,306,2,IT,1
7.2,4,4,0,1,100,18,115,1,CIVIL,1
6.6,0,1,4,1,79,38,387,6,CIVIL,1
6.13,3,10,7,1,89,33,299,3,CSE,1
8.63,0,5,6,0,16,25,489,4,MECH,1
9.76,3,1,4,2,51,94,123,7,CSE,1
5.66,1,8,8,2,94,66,335,1,ECE,1
6.02,4,0,7,0,33,30,265,8,MECH,1
6.52,2,7,0,0,52,53,417,4,CSE,1
9.97,2,1,8,3,18,97,455,1,ECE,1
8.81,1,8,7,2,58,84,236,3,IT,1
8.58,1,7,2,2,83,26,305,7,IT,1
9.1,6,5,5,0,40,9,69,2,CIVIL,1
7.6,0,3,2,0,73,86,93,7,ECE,1
8.6,0,7,8,2,59,31,320,8,CSE,1
5.85,0,7,7,2,80,88,275,4,MECH,1
7.24,5,8,7,1,14,86,345,2,ECE,1
9.86,1,5,7,3,38,30,269,4,CSE,1
8.22,6,6,3,2,40,60,54,4,ECE,1
6.87,2,7,0,3,85,1,202,6,CSE,1
8.72,6,1,0,0,26,53,126,1,MECH,1
7.15,4,2,0,1,90,98,51,1,CIVIL,1
6.6,4,0,7,0,75,94,472,7,IT,1
8.68,5,3,4,1,55,0,90,4,CSE,1
9.86,1,5,1,2,72,26,390,8,CIVIL,1
6.58,5,5,0,1,83,91,104,6,MECH,1
8.37,4,1,4,3,85,91,121,2,MECH,1
7.15,2,3,4,3,87,83,56,5,IT,1
6.6,4,3,7,2,6,53,123,2,MECH,1
8.91,3,10,8,1,23,29,14,6,CIVIL,1
9.52,5,9,6,3,21,47,362,1,ECE,1
6.01,2,10,6,2,43,56,73,1,CSE,1
9.13,1,4,5,0,19,30,274,8,MECH,1
6.91,2,2,3,1,17,66,230,7,MECH,1
9.71,3,1,3,2,93,4,144,4,MECH,1
6.56,1,8,6,2,64,53,271,7,CSE,1
7.29,2,4,5,0,28,44,479,7,CSE,1
8.86,2,10,4,2,60,18,203,7,MECH,1
6.43,0,6,6,0,4,27,426,2,MECH,1
7.04,4,9,2,1,41,67,264,3,MECH,1
6.21,4,5,8,1,80,80,343,2,CSE,1
9.78,3,0,0,0,28,53,280,3,ECE,1
5.61,2,3,4,1,14,75,197,7,CSE,1
8.3,0,1,0,3,100,34,104,2,CSE,1
7.08,3,7,5,3,36,14,310,2,MECH,1
9.08,5,8,2,0,49,78,35,3,ECE,1
6.71,4,10,4,1,87,89,378,3,CIVIL,1
9.1,5,7,1,2,33,14,386,8,ECE,1
7.64,2,1,8,0,92,2,162,1,CIVIL,1
6.73,4,6,4,0,8,89,164,3,CIVIL,1
9.28,6,5,2,0,98,58,422,7,IT,1
5.67,5,1,7,0,9,31,335,6,CSE,1
9.67,5,2,8,2,68,68,284,5,CIVIL,1
5.76,1,1,6,2,95,52,439,1,ECE,1
6.36,4,6,4,3,16,26,232,4,MECH,1
8.13,0,6,7,0,63,57,263,1,CSE,1
5.68,6,1,7,0,100,7,298,8,CIVIL,1
9.25,0,4,3,0,63,55,203,6,ECE,1
7.79,1,2,0,3,63,47,283,2,MECH,1
6.79,1,1,2,1,13,0,142,5,CIVIL,1
9.98,1,10,8,1,99,62,69,4,CSE,1
5.52,2,0,7,1,0,81,400,8,CSE,1
8.89,4,9,2,3,90,32,354,7,CSE,1
6.86,5,5,8,2,57,32,73,2,IT,1
7.13,0,1,5,2,19,16,420,8,ECE,1
8.85,4,0,2,3,44,42,215,1,CIVIL,1
6.09,6,10,3,1,38,22,38,5,ECE,1
6.91,5,0,6,3,87,98,348,7,ECE,1
9.46,3,10,7,1,41,52,405,7,CIVIL,1
6.42,0,7,2,1,99,65,103,6,IT,1
9.01,4,2,1,2,58,85,202,3,ECE,1
7.14,4,8,3,2,54,69,207,8,CIVIL,1
5.59,4,7,4,0,91,90,53,1,IT,1
8.54,2,0,2,2,83,55,134,5,MECH,1
9.12,1,2,1,3,7,4,333,1,IT,1
8.28,5,10,0,2,96,66,306,2,MECH,1
6.99,2,6,4,2,29,36,287,6,MECH,1
6.34,2,0,0,0,12,42,52,8,MECH,1
7.43,4,2,4,3,22,36,454,8,ECE,1
9.22,3,8,3,1,53,87,321,1,ECE,1
8.59,4,8,4,2,91,55,100,5,CSE,1
5.83,6,4,7,1,75,37,463,3,CIVIL,1
7.34,3,0,2,0,36,66,16,5,MECH,0
8.12,4,2,3,3,44,65,256,6,MECH,1
7.84,1,4,5,0,26,31,436,3,CIVIL,1
8.7,4,2,4,1,80,36,477,3,IT,1
7.38,6,7,7,0,84,40,104,2,IT,1
7.8,2,0,7,1,68,47,90,7,IT,1
8.2,4,9,3,0,90,87,465,7,MECH,1
7.9,2,8,2,1,4,40,269,2,ECE,1
7.14,4,5,6,2,0,97,446,3,MECH,1
6.88,0,7,4,0,88,47,132,5,CIVIL,1
7.85,2,0,3,1,89,71,91,4,IT,1
6.38,5,2,0,0,68,16,77,4,ECE,1
9.41,5,8,0,1,94,6,159,7,CIVIL,1
7.49,6,8,4,0,50,3,382,8,MECH,1
6.43,4,1,0,0,33,69,160,1,IT,1
6.81,3,7,4,2,73,3,386,4,CIVIL,1
6.74,4,9,2,2,3,78,493,2,IT,1
9.42,0,5,7,0,56,11,335,6,MECH,1
6.42,0,6,4,0,19,72,13,6,CIVIL,1
9.86,3,5,2,0,70,63,198,6,MECH,1
7.69,0,5,7,3,20,61,276,7,CSE,1
9.18,1,9,6,0,24,25,219,5,ECE,1
7.7,6,10,6,2,2,3,211,3,ECE,1
8.3,6,9,5,2,25,52,112,3,CIVIL,1
6.36,0,5,7,2,33,79,460,6,CSE,1
8.61,4,1,7,0,2,21,277,4,IT,1
6.1,6,2,8,1,22,4,50,7,CSE,1
9.92,6,2,4,2,81,47,1,1,MECH,1
8.3,0,3,6,3,50,80,422,7,ECE,1
6.96,0,3,4,0,7,94,422,2,ECE,1
8.52,2,4,0,2,81,33,469,2,IT,1
6.59,0,0,4,2,39,22,420,5,ECE,1
8.75,4,4,6,1,37,68,319,5,MECH,1
6.28,4,0,4,3,56,11,92,7,CIVIL,1
7.81,3,2,8,2,2,82,150,2,CIVIL,1
8.65,4,5,6,2,18,51,14,4,MECH,1
8.79,1,9,5,2,41,100,399,8,ECE,1
8.25,2,10,3,2,55,82,356,2,ECE,1
6.0,5,1,5,2,81,92,67,5,ECE,1
9.21,2,0,7,1,93,86,385,2,CSE,0
6.91,2,5,3,1,77,82,249,5,ECE,1
8.84,6,7,5,2,45,87,367,8,ECE,1
6.33,5,8,2,3,52,36,206,5,MECH,1
5.97,2,3,2,1,32,20,318,7,CIVIL,1
8.42,1,5,4,2,89,15,268,2,CSE,1
9.43,0,0,8,0,77,96,298,3,ECE,1
9.23,4,5,4,2,40,88,240,7,MECH,1
6.78,6,3,1,0,76,79,477,2,CIVIL,1
8.47,0,0,6,0,50,41,264,6,IT,1
8.63,2,2,6,1,42,21,36,5,ECE,1
7.13,3,4,7,0,33,25,86,4,CSE,1
8.55,0,10,2,3,26,44,303,6,MECH,1
8.21,0,7,7,2,85,60,175,2,MECH,1
6.41,6,1,1,1,96,44,476,6,IT,1
8.05,3,6,7,1,0,69,462,3,MECH,1
7.14,2,6,6,3,50,21,488,7,IT,1
6.9,3,8,8,2,60,15,296,7,CSE,1
5.97,6,6,3,1,55,26,133,3,CSE,1
8.36,3,7,2,1,72,92,437,8,ECE,1
6.24,0,4,8,2,18,100,247,7,MECH,1
6.64,3,8,6,2,51,72,187,1,CSE,1
6.67,3,1,2,2,26,32,119,4,IT,1
7.76,1,7,3,3,22,29,13,1,IT,1
8.65,3,7,5,2,72,7,204,3,CIVIL,1
9.74,6,0,2,2,95,15,68,1,CIVIL,1
7.72,3,10,6,3,85,39,146,7,ECE,1
7.85,3,3,0,3,13,76,402,2,CSE,1
7.95,5,0,8,1,84,9,370,3,ECE,1
7.63,2,5,1,0,1,49,355,2,IT,1
8.11,3,1,1,1,35,23,411,4,ECE,1
8.92,4,3,1,0,59,31,490,4,MECH,1
9.17,3,10,2,1,80,94,467,3,IT,1
7.62,2,1,5,3,44,8,239,8,IT,1
7.25,1,4,2,3,15,81,32,2,CSE,1
9.33,3,7,0,3,3,33,70,5,MECH,1
8.02,6,4,0,2,98,28,128,7,IT,1
6.27,2,5,0,1,5,41,309,8,MECH,1
5.99,5,4,3,2,4,56,342,2,ECE,1
5.96,2,1,2,3,71,69,219,8,IT,1
9.91,4,10,1,0,64,8,371,3,CIVIL,1
9.98,0,3,2,1,30,70,158,2,MECH,1
6.36,3,0,1,2,91,81,66,8,CIVIL,1
8.92,3,10,4,1,60,40,154,4,ECE,1
6.09,3,2,0,2,54,9,138,8,IT,1
5.87,3,0,5,1,66,87,284,8,ECE,1
6.18,5,2,7,1,65,83,395,6,CSE,1
9.26,4,3,4,3,88,41,321,1,ECE,1
6.27,6,9,5,3,2,26,208,2,MECH,1
8.13,5,4,4,2,67,55,170,3,MECH,1
5.92,3,2,2,2,89,27,120,7,IT,1
6.95,3,3,6,0,21,15,251,4,ECE,1
5.71,2,6,4,0,46,7,292,4,CIVIL,1
8.51,6,4,2,1,83,17,430,3,MECH,1
5.61,5,0,3,3,2,54,322,6,ECE,1
7.98,1,6,4,1,31,58,2,6,CSE,1
7.59,3,10,1,1,90,26,257,1,MECH,1
7.88,3,8,6,0,98,35,319,5,CIVIL,1
6.24,0,6,1,0,43,29,360,1,MECH,1
7.71,2,8,1,1,52,44,132,6,IT,1
7.31,6,5,0,3,100,91,374,3,MECH,1
8.93,5,3,6,1,78,85,90,5,MECH,1
7.8,4,5,1,1,78,82,257,1,MECH,1
9.21,1,0,7,1,7,51,194,2,ECE,1
8.02,3,5,3,1,7,14,187,8,IT,1
5.63,5,0,6,0,93,50,432,6,CSE,1
6.94,4,10,5,2,33,30,314,8,IT,1
9.5,2,1,8,1,22,54,3,8,IT,1
6.42,6,8,7,3,67,24,43,6,IT,1
8.59,0,2,0,2,29,66,174,2,CIVIL,1
5.98,4,9,1,2,31,71,435,8,ECE,1
8.4,5,1,6,2,27,31,201,4,CSE,1
7.73,3,3,5,1,13,79,185,5,CIVIL,1
6.24,2,7,5,3,35,30,304,2,IT,1
5.57,0,4,4,1,62,84,103,7,IT,0
9.31,0,3,0,1,3,81,405,8,ECE,1
7.79,4,3,2,0,41,48,97,7,CSE,1
8.09,5,7,2,2,62,30,70,5,MECH,1
8.78,4,0,7,2,82,61,484,2,CSE,1
6.85,5,7,7,2,45,64,247,3,CSE,1
8.56,6,5,0,2,66,12,253,8,MECH,1
7.06,6,7,1,2,27,44,194,3,MECH,1
8.4,6,0,3,0,97,11,247,1,CIVIL,1
5.65,5,2,0,0,65,52,97,6,IT,1
5.99,0,7,8,0,35,65,443,8,MECH,1
6.18,5,1,6,1,40,12,494,2,MECH,1
9.66,2,7,0,2,40,79,373,5,CSE,1
7.52,1,3,4,2,76,5,331,3,CIVIL,1
8.41,2,3,3,3,75,18,348,6,ECE,1
6.91,0,1,8,2,46,80,61,8,IT,1
6.81,0,2,4,0,45,37,194,4,CIVIL,1
6.41,4,7,1,3,89,81,94,3,ECE,1
8.67,5,4,1,0,25,28,219,6,CSE,1
7.0,3,0,7,3,84,98,436,2,CIVIL,1
7.99,3,8,5,1,50,23,176,4,CIVIL,1
5.51,2,1,8,2,13,25,351,6,CIVIL,1
8.63,4,3,4,3,8,18,395,8,ECE,1
6.35,1,3,6,0,88,72,242,4,CIVIL,1
5.86,6,10,8,0,32,13,433,5,CIVIL,1
9.13,3,4,7,1,73,79,375,3,CIVIL,1
8.77,6,6,0,0,5,56,147,5,ECE,1
7.43,4,7,2,3,71,67,186,2,CIVIL,1
8.84,3,6,0,0,69,31,423,3,IT,1
6.3,2,4,4,0,7,7,307,7,IT,1
6.4,4,5,4,3,44,98,309,7,MECH,1
8.87,6,2,0,3,9,7,493,3,IT,1
9.94,3,6,3,0,95,35,188,2,CIVIL,1
6.61,0,10,2,1,25,66,332,3,IT,1
5.74,1,4,1,0,52,2,382,1,CSE,0
6.77,5,7,2,3,91,93,474,5,IT,1
5.79,5,7,5,2,9,40,280,7,ECE,1
7.46,4,2,7,2,86,24,436,8,IT,1
9.49,4,1,3,3,73,91,398,1,ECE,1
8.22,5,7,7,2,24,64,151,6,MECH,1
7.79,4,1,8,2,50,69,206,3,MECH,1
6.32,3,5,5,0,67,97,314,1,IT,1
7.36,1,4,3,3,20,7,260,5,ECE,1
8.86,3,4,8,1,69,24,119,8,ECE,1
8.9,4,6,2,2,12,44,245,5,CIVIL,1
8.83,0,4,6,2,33,78,359,7,CIVIL,1
8.64,2,8,3,1,96,74,147,3,IT,1
8.76,4,10,2,0,19,51,110,6,ECE,1
7.26,1,7,0,3,14,32,245,1,MECH,1
6.93,3,1,2,0,62,22,313,5,CIVIL,1
9.24,0,7,1,2,46,2,78,1,ECE,1
7.84,2,0,4,0,43,56,383,3,ECE,1
6.15,0,8,0,0,94,38,81,2,CIVIL,1
6.07,0,9,6,1,85,91,266,6,CSE,1
6.73,1,3,8,1,80,21,226,5,IT,1
9.03,1,6,3,1,40,84,439,6,IT,1
6.25,2,6,1,2,58,25,409,2,ECE,1
6.55,3,5,0,1,75,43,347,6,MECH,1
9.68,1,8,5,3,90,89,111,3,CIVIL,1
9.6,4,8,5,2,13,84,466,5,MECH,1
8.65,1,4,1,0,31,20,454,3,CSE,1
5.87,4,9,0,3,47,96,395,5,CIVIL,1
6.39,2,4,1,1,18,73,407,7,CIVIL,1
7.4,0,4,0,0,90,6,248,5,IT,1
7.01,2,7,4,2,53,44,18,7,CSE,1
7.97,6,5,3,3,48,44,243,3,IT,1
6.42,6,5,2,0,54,18,27,2,CIVIL,1
9.52,0,1,7,1,40,49,244,3,MECH,1
8.18,6,6,1,0,64,39,128,2,CIVIL,1
5.61,6,0,6,0,1,84,240,4,MECH,1
8.94,2,0,5,1,81,27,387,1,CIVIL,1
9.31,0,9,0,0,4,68,417,3,ECE,1
8.52,2,10,8,2,81,51,56,7,ECE,1
6.82,0,4,2,1,100,14,206,7,CIVIL,0
7.13,3,10,8,0,95,44,94,1,CSE,1
8.16,0,6,6,1,50,57,350,8,CIVIL,1
8.15,1,3,6,1,92,64,232,2,ECE,1
7.12,0,5,6,1,36,73,222,7,CSE,1
7.17,5,3,5,0,85,44,469,8,IT,1
5.9,6,3,4,3,33,20,21,7,CIVIL,1
7.77,3,5,3,0,5,64,383,4,ECE,1
7.51,6,0,0,3,25,57,143,5,ECE,1
8.75,1,9,5,1,74,97,32,8,MECH,1
6.43,1,10,5,3,84,8,394,4,MECH,1
8.6,4,4,0,0,12,94,428,8,CIVIL,1
6.3,0,10,1,0,16,76,8,8,IT,1
6.86,1,7,7,1,52,34,470,8,MECH,1
6.84,4,2,1,3,55,94,149,7,ECE,1
8.55,6,5,3,1,98,15,374,8,IT,1
9.58,0,0,2,1,96,91,437,6,CSE,1
8.42,2,9,5,0,86,6,56,5,CSE,1
7.59,6,9,4,3,4,57,440,7,CSE,1
7.51,5,2,1,3,34,64,152,8,ECE,1
6.25,3,7,2,0,71,58,121,1,CIVIL,1
9.49,1,2,1,1,80,53,261,3,CIVIL,1
9.98,6,6,4,1,44,61,270,5,CSE,1
9.31,6,3,1,1,32,94,437,4,MECH,1
7.19,6,4,6,2,66,79,390,5,ECE,1
8.85,5,9,8,0,70,28,113,7,CSE,1
7.61,5,6,8,2,73,46,410,5,IT,1
6.14,4,4,5,1,79,58,349,2,CSE,1
6.37,1,0,8,1,25,39,32,5,CSE,1
7.41,0,5,2,3,94,40,205,7,MECH,1
7.06,3,2,5,0,43,58,2,8,MECH,1
9.22,4,2,0,1,79,12,234,8,CIVIL,1
8.54,5,5,6,3,52,90,431,8,CSE,1
9.22,0,8,7,3,81,9,81,7,CSE,1
9.88,4,4,5,0,80,48,46,1,CIVIL,1
9.92,5,1,8,0,49,62,393,5,CIVIL,1
7.16,5,4,4,0,79,36,396,8,CIVIL,1
5.98,2,1,2,1,31,0,407,6,CIVIL,1
8.12,2,6,4,0,50,87,175,1,MECH,1
8.25,4,2,8,1,46,83,410,6,CIVIL,1
8.16,3,8,8,3,37,44,315,7,MECH,1
7.63,2,9,2,1,47,30,230,6,ECE,1
9.6,0,5,8,2,67,100,446,1,IT,1
7.29,1,7,5,2,2,3,172,1,CIVIL,1
6.71,4,0,3,1,86,34,199,8,ECE,1
7.44,5,4,7,0,42,66,488,3,CSE,1
8.33,3,10,1,0,22,40,405,3,ECE,1
9.74,0,8,0,1,92,86,229,3,CSE,1
7.87,3,2,2,3,23,34,23,6,ECE,1
7.8,5,7,2,2,23,18,392,7,CIVIL,1
5.56,0,6,8,2,78,17,324,2,CIVIL,1
8.51,0,4,3,2,69,16,161,7,IT,1
6.86,3,7,7,3,74,96,229,4,IT,1
6.4,2,3,7,1,1,33,153,2,ECE,1
9.51,4,8,0,1,21,31,306,5,ECE,1
6.75,6,1,5,1,66,0,30,3,ECE,1
7.01,4,7,7,1,23,29,197,1,MECH,1
9.32,6,5,2,2,54,5,61,7,CSE,1
6.05,6,6,4,0,99,78,67,1,CSE,1
6.41,6,9,3,1,42,57,140,6,CIVIL,1
8.15,0,6,1,0,54,17,11,2,CSE,1
8.66,1,2,1,1,80,27,178,2,IT,1
8.53,3,8,4,3,70,52,394,2,ECE,1
9.77,2,10,6,2,92,64,13,8,IT,1
9.86,3,9,1,1,64,90,3,4,CSE,1
9.33,2,5,6,3,15,92,1,5,MECH,1
5.84,3,0,3,1,83,63,364,8,MECH,1
5.89,3,5,7,0,68,56,402,7,CIVIL,1
8.95,3,5,0,0,78,18,52,3,ECE,1
5.54,6,9,3,0,60,70,215,2,MECH,1
8.41,2,8,5,1,55,22,425,8,IT,1
9.87,0,10,6,2,16,61,167,3,CSE,1
8.24,6,1,2,2,46,94,23,3,CSE,1
6.09,1,5,7,0,76,37,128,5,MECH,1
6.86,3,8,3,2,27,42,472,6,IT,1
9.56,6,6,7,2,49,0,11,3,CSE,1
9.74,3,2,0,2,41,49,79,7,CIVIL,1
9.99,6,0,2,2,91,18,495,4,CIVIL,1
9.39,2,4,3,1,89,6,223,2,MECH,1
9.64,4,4,7,2,49,88,380,1,ECE,1
6.31,0,2,5,0,9,70,406,7,MECH,1
7.35,6,10,6,3,0,84,394,1,IT,1
5.83,3,10,7,0,72,18,311,6,ECE,1
6.18,4,1,5,3,36,72,184,3,MECH,1
7.4,2,4,8,2,46,14,93,6,MECH,1
8.09,2,2,7,3,11,55,306,8,CSE,1
8.26,5,7,6,2,42,27,392,1,CSE,1
9.88,1,9,5,1,1,51,489,8,IT,1
5.71,2,5,2,3,26,0,143,1,CIVIL,1
8.38,6,0,2,0,58,5,251,1,MECH,1
6.7,2,7,4,3,76,47,49,2,CIVIL,1
7.11,3,4,1,2,23,100,108,3,CIVIL,1
7.87,1,6,5,0,37,34,448,3,IT,1
8.75,0,6,1,0,89,40,51,4,MECH,1
9.08,3,2,6,2,6,86,47,1,MECH,1
7.06,4,2,1,2,0,80,403,6,CSE,1
9.86,4,0,4,1,31,95,79,3,CSE,1
9.22,4,5,4,0,27,99,81,1,MECH,1
7.92,6,6,8,3,34,12,363,8,ECE,1
6.35,0,9,4,3,25,81,336,2,CIVIL,1
7.17,3,3,1,1,80,75,346,3,MECH,1
8.4,4,3,1,3,42,43,91,8,MECH,1
6.46,2,3,1,1,12,13,210,5,CSE,1
7.68,5,5,8,2,11,48,375,8,CSE,1
8.51,0,0,6,3,98,67,379,4,ECE,1
9.32,6,9,4,1,61,50,472,7,MECH,1
6.12,5,6,5,1,80,65,117,8,CIVIL,1
7.26,5,2,8,3,11,88,355,5,IT,1
6.29,0,6,2,2,11,16,129,1,CIVIL,1
6.14,0,2,3,2,2,94,224,5,MECH,1
5.88,5,1,6,2,32,48,430,8,IT,1
7.18,2,3,4,2,56,12,36,6,CSE,1
9.39,3,3,5,2,82,85,177,6,CIVIL,1
8.37,2,4,0,3,35,87,64,6,CSE,1
6.74,6,9,6,0,46,3,358,3,CSE,1
7.82,4,10,5,2,65,99,286,1,CIVIL,1
6.58,4,9,6,2,56,55,253,5,IT,1
9.0,2,6,0,2,87,49,211,2,CIVIL,1
8.35,4,8,4,2,29,40,198,4,IT,1
7.81,0,2,0,0,51,26,245,7,IT,1
8.45,4,7,6,0,44,89,62,4,ECE,1
8.07,0,8,6,0,87,26,180,2,MECH,1
5.77,4,6,7,2,95,62,437,4,CSE,1
7.36,1,1,2,1,11,14,71,8,CIVIL,1
9.91,6,1,8,0,43,7,187,8,ECE,1
8.95,6,1,1,3,5,42,264,5,ECE,1
9.31,6,9,8,1,11,8,398,1,MECH,1
7.07,0,0,0,1,3,44,397,7,CSE,1
7.53,3,7,1,2,89,9,101,2,CIVIL,1
6.76,6,3,5,2,43,44,344,6,CSE,1
7.34,6,4,5,2,4,30,478,4,MECH,1
9.52,0,5,3,1,50,89,193,8,CSE,1
6.08,1,1,8,2,6,27,419,7,IT,1
6.21,6,3,8,2,11,40,483,2,IT,1
8.76,5,5,1,2,65,0,352,4,CSE,1
8.41,4,3,6,1,47,87,199,4,MECH,1
9.53,4,8,3,1,87,57,210,3,CSE,1
7.81,1,7,3,2,37,84,23,3,IT,1
9.99,5,10,8,0,37,69,298,7,MECH,1
9.81,6,2,6,1,54,14,395,7,CIVIL,1
9.06,4,3,1,0,63,93,314,7,CIVIL,1
8.78,3,9,0,0,91,93,315,3,CIVIL,1
5.7,2,8,6,1,23,29,314,8,IT,1
5.63,3,0,0,0,26,31,195,7,ECE,1
8.66,6,10,0,2,42,67,213,8,ECE,1
6.74,4,8,1,3,58,96,128,1,CSE,1
9.98,0,10,7,2,88,3,237,4,CSE,1
8.61,5,0,2,2,100,24,365,2,ECE,1
8.86,2,3,2,1,64,82,147,4,MECH,1
8.89,6,9,1,2,33,22,7,5,MECH,1
7.22,5,9,0,2,97,53,75,2,CSE,1
6.12,6,6,6,2,9,33,174,4,IT,1
8.83,0,2,7,3,63,23,137,4,MECH,1
6.33,4,7,8,3,77,92,91,3,CSE,1
6.28,1,8,4,3,0,62,81,4,CIVIL,1
7.87,5,5,3,3,80,74,253,2,CSE,1
8.03,0,5,3,1,45,62,180,2,CSE,1
8.32,5,4,7,1,42,42,191,7,MECH,1
9.34,3,0,0,1,75,11,362,3,CIVIL,1
7.22,2,10,2,2,83,39,426,1,CSE,1
6.53,0,6,6,1,59,34,293,4,CSE,1
8.97,5,4,6,2,98,77,38,8,CIVIL,1
6.28,3,8,3,2,39,6,315,8,IT,1
7.85,2,2,0,0,47,24,348,2,IT,1
9.02,3,5,0,3,34,24,186,6,ECE,1
5.92,3,1,5,0,85,34,425,7,ECE,1
7.0,6,5,8,1,53,41,13,3,CSE,1
9.99,1,0,6,3,25,54,97,2,CSE,1
7.82,2,4,4,0,70,95,261,2,ECE,1
5.79,1,6,8,2,99,50,397,2,MECH,1
9.37,4,1,1,1,10,19,15,6,ECE,1
6.21,2,6,6,1,87,87,308,4,CSE,1
7.04,2,1,7,3,63,80,456,5,CSE,1
8.47,4,0,6,3,98,58,361,6,IT,1
9.89,5,5,6,3,10,65,280,4,MECH,1
6.54,3,7,0,1,62,46,152,6,IT,1
9.04,6,10,7,1,83,46,246,2,MECH,1
9.1,0,6,2,2,32,43,39,7,IT,1
7.45,1,2,8,1,40,0,90,1,MECH,1
7.88,2,7,0,2,83,74,162,6,MECH,1
9.62,5,4,1,2,40,0,459,4,MECH,0
8.39,3,9,2,0,72,31,118,7,ECE,1
9.99,3,1,1,1,4,20,199,1,CSE,1
8.23,5,5,7,2,63,49,86,7,CSE,1
8.67,0,4,3,1,11,72,205,4,MECH,1
7.63,3,6,0,2,32,21,14,6,IT,1
6.36,3,8,7,1,88,16,493,7,CIVIL,1
5.74,5,5,1,3,1,72,29,5,IT,1
6.03,4,5,6,3,95,11,389,5,CIVIL,1
6.32,3,8,8,2,49,48,107,5,CIVIL,1
7.48,0,8,1,3,75,61,279,2,IT,1
6.71,5,7,1,0,86,13,341,7,MECH,1
5.99,1,7,8,2,49,62,391,2,CSE,1
5.77,2,9,2,3,8,83,337,8,IT,1
8.29,1,7,5,2,74,88,21,3,CSE,1
7.01,3,2,2,0,19,54,190,4,ECE,1
9.76,3,9,7,2,61,16,91,2,ECE,1
7.08,3,9,7,0,69,75,279,7,MECH,1
9.45,4,4,8,2,24,86,188,7,CIVIL,1
8.83,4,6,2,2,19,25,466,2,IT,1
8.13,6,6,0,3,34,43,194,6,CSE,1
9.72,2,5,5,1,61,91,111,8,ECE,1
7.35,3,10,1,3,32,22,498,6,CIVIL,1
5.86,1,3,5,3,15,57,459,1,MECH,1
6.79,1,0,4,0,5,78,482,4,CIVIL,1
8.72,6,7,8,0,76,6,24,4,CSE,1
6.61,0,6,4,3,58,39,0,7,CSE,1
8.26,3,5,5,1,65,32,216,6,ECE,1
9.1,5,1,2,1,23,99,427,3,ECE,1
9.12,1,9,6,2,25,77,108,7,MECH,1
7.65,5,0,7,0,95,79,350,5,MECH,1
6.63,5,2,8,3,36,50,474,5,ECE,1
7.93,6,4,7,0,80,61,247,2,CSE,1
5.76,2,2,0,2,99,67,249,6,ECE,1
8.88,5,1,4,2,70,34,476,7,IT,1
9.38,2,4,3,3,39,46,404,2,ECE,1
5.52,5,9,8,1,94,82,482,1,IT,1
9.73,0,8,5,1,72,94,289,1,CIVIL,1
7.28,3,9,2,2,23,26,47,1,CIVIL,1
6.72,0,0,2,2,93,83,156,5,CSE,1
9.45,2,3,1,3,79,29,32,1,MECH,1
9.99,3,8,4,3,73,76,338,2,CSE,1
7.98,0,4,7,1,61,90,267,2,CIVIL,1
9.48,2,1,6,3,40,54,287,2,IT,1
5.92,5,1,7,1,43,28,253,7,MECH,1
7.69,0,4,3,2,84,97,209,5,IT,1
9.07,2,7,0,1,55,47,466,6,CIVIL,1
9.37,3,10,1,3,37,9,299,4,MECH,1
8.94,3,4,1,2,13,78,495,7,IT,1
9.64,0,6,1,0,42,99,46,2,MECH,1
9.69,6,0,1,0,87,70,426,6,CSE,1
8.82,4,6,6,0,37,86,59,7,MECH,1
7.99,3,7,8,2,57,83,36,6,IT,1
9.5,5,3,1,0,62,71,76,6,IT,1
9.69,2,8,6,0,11,0,77,3,CSE,1
9.54,4,5,2,3,19,71,443,7,IT,1
5.51,1,5,6,1,45,68,340,8,IT,1
8.21,5,0,5,0,65,29,423,2,ECE,1
9.2,2,3,8,1,65,47,94,1,IT,1
7.85,6,8,7,3,96,62,98,3,MECH,1
8.29,3,4,7,1,72,13,329,1,IT,1
7.86,3,6,1,3,68,88,366,6,CIVIL,1
9.01,6,5,8,3,46,79,478,5,CIVIL,1
9.84,3,7,4,2,16,47,120,1,MECH,1
5.56,5,0,5,2,93,99,364,1,MECH,1
6.24,3,7,8,1,27,14,15,7,ECE,1
9.2,6,6,1,3,34,66,361,4,IT,1
5.71,1,5,6,3,22,23,385,2,MECH,1
7.13,6,10,5,2,94,15,24,7,IT,1
6.55,1,7,6,2,86,97,121,8,CIVIL,1
8.93,2,2,6,3,91,97,103,5,IT,1
9.96,5,0,0,1,53,16,424,6,CSE,1
9.69,1,5,6,2,96,80,365,7,IT,1
7.01,0,2,5,1,93,43,133,1,MECH,1
8.8,1,10,5,0,15,98,183,5,MECH,1
9.58,0,5,1,3,22,60,366,5,CIVIL,1
6.09,0,0,8,2,19,41,194,2,ECE,1
7.29,3,5,2,3,65,29,427,5,IT,1
6.55,1,4,3,1,58,28,465,7,CSE,1
7.34,3,3,3,1,26,94,241,4,CSE,1
8.99,1,9,8,2,53,49,92,2,ECE,1
9.87,5,9,3,0,0,96,345,7,CSE,1
7.35,4,5,2,1,18,86,378,3,IT,1
8.09,6,3,7,3,83,79,240,1,IT,1
7.77,1,7,7,2,89,95,228,4,MECH,1
9.69,0,3,0,2,64,7,476,7,CSE,1
7.82,3,0,2,2,15,91,19,4,CSE,1
8.42,0,3,5,0,2,6,347,5,IT,1
9.36,6,10,0,3,34,57,167,2,CIVIL,1
6.26,6,4,8,1,9,46,407,1,ECE,1
6.44,2,5,2,2,58,35,332,8,CIVIL,1
8.2,4,2,1,2,77,63,483,1,CSE,1
7.14,6,2,1,3,86,30,126,6,IT,1
5.62,5,9,7,1,4,44,375,6,CIVIL,1
6.97,2,7,6,2,38,55,203,3,CSE,1
7.92,3,0,6,2,66,53,0,8,MECH,1
5.89,5,5,6,0,98,51,175,1,CSE,1
8.68,5,9,2,0,10,84,134,3,IT,1
6.99,0,7,5,3,67,38,266,2,MECH,1
7.52,1,7,2,1,3,79,487,4,IT,1
7.87,4,1,7,3,86,14,265,5,CSE,1
5.71,4,10,1,2,47,5,432,2,CIVIL,1
6.0,1,0,1,3,54,50,214,2,ECE,1
8.09,0,10,2,0,84,48,450,7,ECE,1
6.12,2,5,2,1,96,43,172,7,CIVIL,1
6.03,6,5,6,2,38,70,131,3,ECE,1
9.04,4,6,0,3,10,42,413,1,MECH,1
9.29,4,8,8,3,13,26,114,2,ECE,1
6.93,5,4,1,2,63,18,235,7,CSE,1
8.12,6,3,6,1,36,56,135,6,CIVIL,1
5.93,2,4,0,3,49,49,397,8,CIVIL,1
9.05,3,4,3,1,91,35,454,7,CIVIL,1
6.57,2,7,5,2,71,65,206,6,CIVIL,1
6.28,0,8,7,0,44,87,218,3,CIVIL,1
6.48,3,7,4,2,49,15,165,8,CIVIL,1
6.8,4,2,0,2,39,2,396,8,IT,1
8.19,5,6,2,3,63,79,407,7,CSE,1
8.89,1,3,2,3,65,3,278,5,MECH,1
7.89,0,1,2,1,30,12,424,6,ECE,1
9.0,4,2,2,2,97,98,339,2,CSE,1
9.41,3,3,6,3,82,44,189,1,CIVIL,1
8.51,1,7,4,3,77,1,483,4,CIVIL,1
8.71,0,0,8,3,22,43,306,7,IT,1
9.73,4,0,2,0,72,72,137,2,MECH,1
7.66,6,10,8,1,88,71,143,7,CSE,1
6.6,2,0,3,2,36,8,90,2,CSE,1
8.19,6,3,8,3,22,51,63,6,IT,1
6.94,0,6,2,0,77,19,422,5,MECH,1
8.26,0,10,3,3,30,76,442,2,CIVIL,1
5.84,0,3,5,2,23,89,194,3,CIVIL,1
9.26,2,6,1,2,50,67,421,2,MECH,1
8.12,0,2,1,2,36,31,349,3,IT,1
6.45,6,6,3,1,90,99,70,6,CSE,1
9.64,0,10,5,3,98,22,301,5,CIVIL,1
9.94,2,7,1,3,30,16,111,6,IT,1
8.75,1,1,5,1,86,36,483,2,IT,1
5.85,3,7,0,0,78,65,20,1,MECH,1
8.97,5,1,5,2,36,24,381,2,IT,1
9.38,0,9,8,2,82,33,367,3,ECE,1
8.87,2,5,4,0,20,3,438,6,CIVIL,1
6.46,1,9,7,0,7,79,149,3,CIVIL,1
8.29,4,1,3,0,94,88,39,5,IT,1
5.97,0,7,1,0,95,60,296,5,IT,1
7.31,6,9,5,0,19,17,174,5,CSE,1
6.85,0,5,6,3,58,92,10,1,CIVIL,1
7.54,0,8,7,0,11,84,120,8,CIVIL,1
6.46,3,10,2,3,31,96,415,3,ECE,1
6.82,1,5,5,3,87,71,125,1,CSE,1
6.77,0,5,2,2,61,40,262,3,IT,1
5.58,6,6,0,2,23,19,430,6,CIVIL,1
7.82,6,8,0,1,59,39,158,5,MECH,1
9.35,6,7,0,3,73,12,185,6,CSE,1
9.35,1,1,8,0,24,43,222,1,ECE,1
8.17,1,4,7,0,99,50,374,2,IT,1
8.22,2,1,0,2,61,27,326,2,IT,1
8.6,0,5,1,2,99,78,132,1,CIVIL,1
8.8,6,8,2,1,26,45,478,6,ECE,1
9.72,4,0,6,1,45,13,469,5,MECH,1
6.07,0,7,3,0,25,90,281,6,CIVIL,1
8.15,4,9,0,0,59,69,136,8,CSE,1
5.88,1,2,0,3,72,20,170,6,CIVIL,1
7.78,1,0,4,3,14,63,65,7,IT,1
7.71,5,4,0,3,6,5,350,2,MECH,1
7.66,3,9,6,0,95,75,369,2,ECE,1
5.78,3,5,6,3,56,44,451,4,ECE,1
7.19,6,10,7,3,55,71,344,4,ECE,1
8.62,4,8,2,2,76,4,455,5,CIVIL,1
9.3,3,8,2,0,46,69,496,2,CIVIL,1
8.0,1,9,4,1,29,36,36,5,IT,1
8.99,0,8,7,0,24,70,178,7,CIVIL,1
7.29,5,8,4,2,23,72,391,4,CSE,1
6.34,2,10,1,3,17,60,178,2,MECH,1
5.61,3,6,2,1,10,65,347,6,ECE,1
9.43,2,10,4,3,54,84,250,4,ECE,1
9.83,5,3,3,2,67,55,438,6,ECE,1
9.69,6,3,8,3,88,89,142,2,ECE,1
7.5,0,9,1,0,74,34,179,8,MECH,1
5.63,0,7,8,2,79,15,17,5,CSE,1
8.0,0,8,0,2,52,11,186,5,CSE,1
9.94,3,9,5,0,28,99,124,3,ECE,1
9.32,4,10,2,3,35,59,165,8,ECE,1
5.93,5,7,2,1,59,27,91,7,CSE,1
7.5,2,2,7,0,89,37,118,7,IT,1
9.17,2,4,2,0,100,7,291,2,CSE,1
6.49,6,8,8,1,90,41,478,4,CIVIL,1
6.25,2,2,1,1,29,35,230,8,MECH,1
6.53,3,8,7,3,91,41,368,3,MECH,1
6.58,6,9,4,0,39,87,377,5,ECE,1
6.22,5,0,7,3,28,35,241,6,ECE,1
9.76,2,10,8,3,77,84,481,3,IT,1
5.83,1,0,3,2,98,4,219,1,CSE,1
6.35,6,0,1,2,32,85,71,7,ECE,1
8.63,0,3,1,0,17,78,187,5,IT,1
9.59,0,6,8,0,80,51,110,7,IT,1
5.85,0,7,8,0,1,87,260,1,CSE,1
6.26,4,7,8,2,24,12,333,1,CIVIL,1
9.56,5,10,0,0,62,35,426,7,MECH,1
8.08,4,6,6,3,95,36,181,8,IT,1
9.78,6,7,2,3,69,31,198,6,ECE,1
8.35,2,8,3,3,61,0,330,5,ECE,1
6.03,6,10,6,1,13,57,58,2,CIVIL,1
8.71,5,2,3,1,14,96,333,1,MECH,1
8.22,6,6,7,1,84,80,445,5,ECE,1
9.72,5,8,5,0,28,92,465,8,MECH,1
8.3,3,8,5,1,97,93,403,7,CSE,1
9.84,1,8,5,1,62,93,255,3,CIVIL,1
8.71,0,1,2,1,17,59,82,7,CSE,1
7.19,0,4,5,1,30,77,287,4,MECH,1
6.05,4,8,3,0,75,70,23,5,ECE,1
8.0,4,3,1,0,28,96,199,4,MECH,1
9.94,4,8,7,3,44,58,127,2,CSE,1
6.89,1,6,2,3,27,8,40,2,CSE,1
6.88,3,4,1,3,59,82,184,1,ECE,1
9.46,6,0,1,2,85,90,357,2,ECE,1
9.74,3,7,0,2,97,74,453,5,ECE,1
7.3,0,3,1,3,14,12,275,1,ECE,1
8.63,6,2,3,1,95,60,367,6,CIVIL,1
8.25,3,6,6,1,8,14,132,6,IT,1
6.46,3,10,3,3,16,49,297,7,CSE,1
7.27,0,2,7,3,50,80,370,3,MECH,1
5.53,6,10,2,1,81,41,478,4,MECH,1
7.78,2,3,6,1,44,18,475,7,CSE,1
8.36,6,0,0,3,66,33,461,5,IT,1
6.04,2,0,5,0,69,70,469,3,MECH,1
9.37,3,10,5,2,19,17,13,2,CIVIL,1
8.56,1,10,8,1,4,10,80,6,CIVIL,1
8.29,4,4,4,0,0,91,312,6,ECE,1
6.31,4,8,2,3,27,10,16,1,CIVIL,1
6.76,1,9,0,0,12,83,154,1,MECH,1
5.82,3,6,1,3,3,20,115,6,CSE,1
9.26,1,9,0,1,9,36,326,6,CSE,1
6.2,4,4,0,3,100,65,194,7,CIVIL,1
5.63,2,9,2,2,10,44,9,5,MECH,1
8.13,6,9,0,3,32,26,418,3,CIVIL,1
7.96,2,9,6,2,75,4,308,8,MECH,1
5.69,4,6,1,1,93,40,324,4,CIVIL,1
6.52,0,0,5,2,7,9,465,3,IT,1
5.8,3,3,8,0,31,96,47,7,CIVIL,1
10.0,2,4,3,0,82,47,429,2,CIVIL,1
7.56,2,6,4,2,87,20,96,2,CIVIL,1
7.82,3,7,8,1,39,98,196,4,CIVIL,1
8.15,5,1,5,1,35,16,439,8,CIVIL,1
7.07,2,0,7,3,93,78,467,1,MECH,1
6.41,6,4,4,1,89,62,365,8,CIVIL,1
7.66,6,8,1,0,7,17,383,3,CSE,1
8.67,4,4,1,0,1,46,490,7,MECH,1
8.1,5,7,0,2,27,16,244,8,CIVIL,1
9.85,2,10,7,1,66,65,274,2,CIVIL,1
6.86,4,4,6,0,96,34,209,7,MECH,1
6.63,4,6,7,1,62,55,218,6,MECH,1
9.32,2,9,6,2,6,49,334,5,MECH,1
9.9,6,7,0,0,84,54,355,3,CIVIL,1
8.79,2,9,0,2,40,18,309,5,CIVIL,1
7.95,1,2,5,0,71,78,57,8,MECH,1
6.9,4,9,7,1,89,91,112,7,CSE,1
7.35,4,2,0,2,11,36,151,5,ECE,1
8.48,4,10,7,3,62,97,90,1,CSE,1
8.34,2,1,4,1,10,63,386,3,MECH,1
6.34,6,2,7,0,83,57,476,6,MECH,1
7.44,1,2,1,1,29,19,359,8,CIVIL,1
5.58,2,8,8,2,46,43,490,2,MECH,1
7.79,6,9,0,1,16,48,201,7,ECE,1
7.97,2,5,8,1,83,61,415,4,MECH,1
9.73,4,6,6,1,95,67,397,1,ECE,1
9.88,2,7,4,1,64,18,315,4,CIVIL,1
7.12,5,9,3,3,6,14,135,7,MECH,1
9.69,2,0,6,2,83,49,165,6,ECE,1
6.33,0,4,4,1,10,54,30,7,ECE,0
6.26,6,0,2,2,99,54,443,8,CIVIL,1
8.46,0,1,6,1,33,1,421,1,ECE,1
6.79,6,7,7,1,95,68,427,4,MECH,1
9.16,6,5,6,2,73,54,203,3,MECH,1
7.8,6,1,5,2,56,50,116,2,MECH,1
6.74,2,5,3,0,65,2,493,3,CSE,1
5.92,2,9,2,2,0,37,395,5,ECE,1
6.23,6,10,1,0,57,78,112,3,ECE,1
6.47,4,6,2,3,14,94,32,3,CSE,1
9.3,4,5,7,0,15,36,440,2,IT,1
8.48,4,7,0,1,18,20,274,2,IT,1
9.48,1,5,8,0,70,64,73,4,MECH,1
8.63,6,2,1,3,78,66,316,8,IT,1
8.3,6,10,6,3,92,25,333,4,CIVIL,1
5.77,2,7,6,3,29,79,149,1,ECE,1
6.92,3,4,3,0,88,98,300,1,IT,1
8.32,5,3,5,0,50,68,449,3,IT,1
9.66,6,7,1,2,15,3,189,3,IT,1
6.46,2,8,7,0,61,39,272,1,IT,1
7.57,0,4,3,1,24,0,232,3,CSE,1
6.14,4,8,6,0,12,14,388,7,CIVIL,1
5.72,5,3,5,3,99,86,473,7,MECH,1
6.41,4,1,8,3,98,43,55,1,CIVIL,1
6.54,6,0,2,2,68,99,499,5,MECH,1
9.27,3,7,6,2,94,1,415,2,MECH,1
8.34,0,3,7,0,15,59,400,7,IT,1
7.95,5,9,5,1,69,30,345,7,ECE,1
6.79,0,1,7,2,86,9,185,4,IT,1
9.39,1,7,2,3,85,49,429,4,MECH,1
7.51,1,3,6,1,70,75,443,5,ECE,1
8.51,6,5,1,3,85,45,263,1,IT,1
8.32,3,0,5,0,88,12,79,5,IT,1
6.79,3,8,7,1,96,55,244,3,IT,1
6.85,3,10,1,1,24,75,476,1,IT,1
6.09,1,1,5,3,43,61,14,1,CIVIL,1
7.57,6,1,7,3,21,90,238,5,IT,1
6.64,4,8,5,3,15,20,484,5,CIVIL,1
8.66,4,1,5,1,99,89,203,1,ECE,1
5.8,3,6,3,2,99,47,302,6,IT,1
8.46,0,4,6,3,97,91,234,1,ECE,1
8.94,3,6,1,1,44,1,191,5,CSE,1
7.78,1,3,5,1,99,44,25,2,MECH,1
9.04,2,5,3,2,41,15,30,2,IT,1
6.34,5,7,0,3,86,74,161,1,ECE,1
6.79,3,7,1,3,45,27,299,1,IT,1
6.72,1,5,1,1,46,68,251,8,MECH,1
8.71,3,10,8,1,23,50,219,5,ECE,1
8.11,5,1,1,0,49,91,240,5,MECH,1
6.47,5,8,7,2,98,81,311,5,MECH,1
9.08,4,9,7,1,7,52,341,6,IT,1
7.66,5,8,5,2,17,41,10,6,CIVIL,1
6.43,1,6,0,0,5,32,45,5,IT,1
9.79,0,10,8,1,22,24,260,5,MECH,1
9.99,4,1,7,2,2,15,321,4,CSE,1
8.43,3,8,7,1,43,85,84,8,CSE,1
6.46,3,10,5,3,19,10,44,7,IT,1
5.56,3,2,8,1,14,25,110,8,IT,1
5.92,5,2,8,0,87,58,454,7,CIVIL,1
7.21,1,3,1,0,61,37,248,6,IT,1
5.75,3,2,8,0,49,27,70,5,MECH,1
5.6,0,1,7,1,77,37,149,7,CSE,1
9.13,5,4,1,0,97,46,32,7,ECE,1
5.73,0,10,3,2,63,7,23,1,CSE,1
9.43,5,6,8,0,17,53,93,5,MECH,1
7.27,0,10,1,2,30,20,241,6,MECH,1
7.13,2,5,6,0,43,58,178,1,CIVIL,1
7.68,1,4,1,3,92,55,112,8,CSE,1
9.64,2,5,3,3,53,53,299,6,CIVIL,1
8.8,3,6,2,3,88,54,35,5,CSE,1
6.23,4,8,8,1,48,36,415,6,CIVIL,1
8.64,1,4,4,1,0,55,457,5,ECE,1
7.35,6,1,2,2,83,2,75,3,MECH,1
7.95,1,8,8,3,71,32,101,8,CSE,1
8.35,2,6,6,0,83,1,110,5,IT,1
7.64,6,1,2,1,69,100,29,1,CSE,1
7.91,5,3,7,1,95,69,349,4,CSE,1
7.93,0,1,6,3,72,90,429,2,CIVIL,1
9.21,6,1,3,0,100,17,159,6,CIVIL,1
9.95,6,10,5,1,31,35,82,8,CSE,1
8.44,5,0,0,3,88,82,159,8,IT,1
6.13,6,9,4,3,27,67,70,5,MECH,1
6.29,0,4,2,3,54,44,446,8,CSE,1
6.89,0,6,7,2,87,50,328,8,ECE,1
5.98,2,1,0,1,48,66,77,6,CSE,1
6.08,6,6,3,1,34,72,120,1,IT,1
7.63,5,10,8,3,47,77,393,4,ECE,1
6.01,6,6,8,0,76,27,316,8,IT,1
8.84,0,9,4,0,32,97,336,1,ECE,1
9.99,3,6,1,2,94,32,388,7,CIVIL,1
6.65,5,1,6,1,15,70,317,5,IT,1
9.44,3,9,8,1,47,62,290,2,CIVIL,1
7.75,4,2,7,3,31,44,358,6,CIVIL,1
5.77,0,7,5,1,71,90,433,4,MECH,1
6.29,1,9,6,2,54,72,14,3,ECE,1
8.12,2,7,2,2,13,75,36,7,CSE,1
8.37,1,0,4,3,33,85,261,6,ECE,1
9.32,2,0,3,0,56,2,268,1,CIVIL,1
9.26,5,10,3,0,8,83,411,7,CIVIL,1
6.62,4,2,7,0,96,81,392,3,IT,1
8.75,0,9,2,3,13,66,212,3,MECH,1
7.21,1,3,5,0,62,16,190,8,MECH,1
9.36,5,4,8,2,31,43,415,5,MECH,1
8.4,1,3,8,1,82,75,151,6,MECH,1
8.66,6,2,8,0,45,24,399,6,CSE,1
8.46,2,8,7,1,1,78,227,7,CSE,1
9.28,0,8,2,3,26,51,265,2,IT,1
9.49,5,7,6,1,85,72,224,1,CSE,1
7.55,4,4,6,0,36,30,27,6,ECE,1
6.75,2,10,5,1,54,96,183,7,CIVIL,1
5.83,0,4,3,0,29,13,144,3,MECH,1
6.78,6,1,2,2,12,78,276,1,ECE,1
7.82,2,7,8,0,76,60,439,3,ECE,1
7.21,5,1,6,3,81,35,385,6,CIVIL,1
8.79,6,9,0,0,24,95,1,1,IT,1
9.5,3,7,1,2,100,59,142,3,ECE,1
8.49,2,6,4,0,14,38,199,4,MECH,1
8.39,5,9,6,0,85,66,205,6,IT,1
5.78,4,2,8,2,81,93,450,2,MECH,1
6.85,1,0,3,3,37,79,328,3,MECH,1
8.65,6,10,7,2,59,56,245,3,CSE,1
8.44,0,5,7,1,22,13,396,5,IT,1
6.43,3,4,3,0,62,91,88,5,MECH,1
8.06,5,0,6,3,44,2,437,4,CIVIL,1
5.84,6,5,8,3,1,75,7,7,ECE,1
8.22,1,3,4,3,58,78,143,5,MECH,1
6.35,2,5,3,3,23,62,107,8,CIVIL,1
8.46,4,2,0,1,88,47,78,1,MECH,1
8.84,3,4,6,1,60,86,185,4,CSE,1
8.38,5,10,2,2,14,84,72,6,ECE,1
8.51,5,3,5,3,49,44,145,2,CIVIL,1
7.5,5,4,6,0,86,28,100,7,ECE,1
8.01,0,5,7,1,92,28,23,3,IT,1
9.54,0,5,3,3,34,14,104,2,MECH,1
6.97,6,10,1,1,58,93,453,4,ECE,1
6.48,2,8,3,0,16,89,461,8,IT,1
5.54,0,8,8,3,25,43,277,6,IT,1
7.6,1,4,8,2,45,30,116,2,CIVIL,1
6.15,4,5,6,2,52,80,46,1,CIVIL,1
7.56,6,10,3,2,95,10,389,5,ECE,1
7.32,3,3,4,0,99,86,141,6,ECE,1
6.86,5,1,5,3,31,97,486,4,CIVIL,1
9.44,2,4,7,3,60,70,321,4,IT,1
5.75,1,7,7,2,49,67,348,8,CSE,1
5.59,4,0,7,0,16,87,49,5,CIVIL,1
8.02,1,0,7,0,84,79,356,5,ECE,1
6.06,5,0,7,1,60,65,182,3,CSE,1
8.19,0,0,4,1,79,61,121,5,CIVIL,1
7.78,0,6,8,3,52,40,499,2,ECE,1
8.13,5,5,6,3,47,73,50,2,IT,1
7.89,0,10,0,3,77,61,300,7,MECH,1
7.04,6,8,2,0,35,10,172,3,ECE,1
7.61,0,8,8,3,13,43,321,6,CIVIL,1
8.1,6,1,7,1,93,65,330,5,CSE,1
6.79,3,1,8,0,40,14,458,5,IT,1
6.14,0,0,3,1,84,65,330,3,ECE,1
7.87,6,6,6,2,74,25,93,2,CSE,1
6.4,1,8,4,1,3,68,238,7,IT,1
5.85,5,5,4,1,12,37,174,3,CSE,1
9.15,6,9,6,0,6,16,431,3,CSE,1
7.48,5,8,3,2,92,1,292,5,IT,1
7.19,6,5,1,1,10,35,471,8,ECE,1
6.15,5,6,0,1,52,20,232,4,ECE,1
8.1,4,4,0,2,70,72,310,4,CSE,1
9.63,5,4,3,0,94,10,340,1,MECH,1
7.27,5,2,7,3,45,66,47,4,CSE,1
9.45,3,9,1,1,82,64,463,2,CSE,1
9.16,0,3,5,3,2,47,136,8,ECE,1
9.93,6,5,3,2,35,85,271,6,IT,1
6.97,1,10,3,2,61,78,466,1,CSE,1
7.06,6,9,2,1,74,39,201,5,IT,1
7.04,1,8,2,2,17,23,62,5,CIVIL,1
6.84,3,1,3,2,87,58,413,2,ECE,1
8.34,0,10,6,0,31,75,340,2,CIVIL,1
6.13,5,2,5,0,89,81,263,3,MECH,1
7.87,3,6,7,3,81,82,163,2,CIVIL,1
7.61,4,9,5,0,48,31,287,5,CIVIL,1
8.08,4,4,2,2,25,36,201,8,MECH,1
9.44,4,7,7,3,90,75,188,1,MECH,1
8.6,1,3,8,0,29,34,362,7,CIVIL,1
9.74,6,7,1,3,80,24,316,4,CIVIL,1
9.76,1,6,0,1,50,72,340,6,CSE,1
9.77,6,4,3,2,84,50,251,7,IT,1
9.35,2,7,6,1,60,77,25,2,CSE,1
9.99,6,2,6,0,26,92,397,4,CIVIL,1
7.35,3,3,5,3,13,37,45,4,ECE,1
7.39,4,5,4,2,3,55,32,6,CIVIL,1
5.94,1,6,1,2,75,79,435,1,ECE,1
6.08,1,2,3,3,47,14,205,8,CSE,1
8.2,5,7,3,0,40,65,21,5,IT,1
7.15,3,0,0,0,21,95,404,1,CSE,1
7.68,0,9,8,1,51,52,486,8,ECE,1
5.56,3,8,1,1,18,37,213,5,CSE,1
5.91,3,6,4,2,20,85,205,5,CSE,1
7.31,1,9,7,0,69,41,107,3,CIVIL,1
6.42,6,0,2,0,2,26,424,8,ECE,1
6.32,6,9,1,2,62,40,354,4,CSE,1
8.19,6,7,2,3,58,21,216,7,IT,1
9.11,1,6,2,1,16,44,216,4,ECE,1
8.88,5,10,4,2,45,92,169,4,CSE,1
8.67,6,5,8,1,9,80,419,1,MECH,1
9.34,0,6,5,3,43,99,143,7,IT,1
7.81,3,8,8,1,29,33,246,6,CIVIL,1
7.85,0,2,5,1,23,90,339,3,MECH,1
8.01,6,3,3,1,34,40,335,5,CSE,1
9.39,3,9,1,0,0,74,338,2,CIVIL,1
5.97,2,1,0,2,25,57,3,1,CSE,0
8.56,5,4,7,1,62,69,177,2,ECE,1
9.23,5,9,5,0,35,96,62,2,ECE,1
8.36,6,9,4,3,48,3,47,3,MECH,1
9.75,2,7,1,3,76,22,134,2,MECH,1
7.64,3,5,1,1,69,20,460,1,ECE,1
6.56,6,5,0,0,7,31,44,1,MECH,1
7.84,3,2,1,0,25,22,493,6,IT,1
7.09,4,6,3,2,94,22,140,7,CSE,1
6.28,2,1,1,1,15,12,200,1,MECH,1
7.81,4,2,7,0,76,24,366,6,IT,1
7.83,2,3,2,2,45,49,364,1,CSE,1
5.68,5,4,5,2,14,37,239,4,CSE,1
8.85,2,5,6,3,6,67,249,3,CIVIL,1
9.84,3,6,4,1,28,79,302,5,MECH,1
7.56,4,5,7,2,99,82,430,2,IT,1
9.06,0,0,2,0,59,5,287,8,CIVIL,1
5.92,2,8,7,0,25,56,447,2,CIVIL,1
9.93,2,10,3,0,34,44,112,2,IT,1
6.75,4,6,6,3,32,30,258,4,CSE,1
5.95,4,6,0,1,21,34,277,5,IT,1
5.95,1,9,2,0,13,98,323,3,CSE,1
9.85,0,6,0,3,39,13,451,7,MECH,0
9.41,0,6,0,1,51,2,440,8,MECH,1
8.35,2,3,7,1,63,84,79,6,CSE,1
5.52,5,1,5,0,65,74,222,6,ECE,1
8.65,1,2,7,1,40,46,267,2,ECE,1
8.68,5,1,1,0,61,71,451,8,MECH,1
6.52,4,10,3,0,5,25,215,5,IT,1
7.6,4,3,8,3,14,32,198,6,CSE,1
6.84,4,2,6,3,46,32,297,1,CIVIL,1
9.5,0,2,0,1,64,82,167,5,CSE,1
7.66,3,4,3,0,72,77,12,3,MECH,1
7.97,6,4,3,2,8,100,387,1,CSE,1
6.97,1,1,2,1,70,16,25,1,CIVIL,1
5.56,5,6,7,3,32,32,195,7,CIVIL,1
6.23,6,1,0,3,94,44,362,5,CSE,1
8.32,5,6,4,3,16,28,455,2,ECE,1
9.79,5,1,0,3,1,91,408,6,CIVIL,1
9.35,0,3,7,3,54,14,139,1,ECE,1
9.43,4,1,4,2,15,54,238,8,IT,1
6.95,0,3,4,2,59,62,117,8,CIVIL,0
6.37,2,6,7,2,1,35,51,1,CIVIL,1
7.81,6,10,5,2,35,75,402,2,ECE,1
6.51,4,6,4,3,41,70,84,1,CSE,1
7.19,2,5,1,0,91,37,431,8,MECH,1
9.06,4,8,6,1,27,12,45,2,CSE,1
8.44,1,9,0,3,98,82,251,3,CIVIL,1
6.61,2,10,6,1,13,33,400,3,CSE,1
8.19,0,2,8,0,83,62,243,2,MECH,1
9.99,3,4,1,1,12,70,218,1,IT,1
6.51,1,9,8,2,30,91,128,5,CIVIL,1
8.84,0,9,5,0,62,55,47,6,MECH,1
7.36,6,2,7,1,20,58,265,4,ECE,1
9.99,1,1,1,3,35,3,383,1,CIVIL,1
8.23,3,8,7,3,89,94,309,2,ECE,1
6.79,6,7,8,2,65,29,42,6,CSE,1
8.22,4,0,3,1,26,77,190,7,CSE,1
8.8,2,10,3,0,37,44,393,5,CSE,1
9.5,2,3,5,0,79,15,119,3,CIVIL,1
9.4,3,0,8,0,29,32,259,2,CIVIL,1
9.1,4,2,1,1,15,82,464,2,MECH,1
6.52,6,8,0,3,54,36,466,5,IT,1
6.12,6,6,3,2,43,86,198,3,CIVIL,1
5.6,0,2,3,3,11,9,14,6,IT,1
7.56,6,1,7,0,47,33,33,7,CIVIL,1
9.22,1,6,1,0,63,69,365,2,CSE,1
8.42,2,4,6,2,44,65,153,7,MECH,1
9.18,4,2,5,3,5,15,69,2,CSE,1
6.32,1,0,8,0,31,28,49,1,IT,1
5.65,4,10,8,0,22,1,202,2,MECH,1
6.19,4,3,4,3,90,90,64,1,CIVIL,1
9.55,0,2,1,2,17,29,130,5,IT,1
6.36,5,8,2,2,31,43,467,3,CIVIL,1
9.55,3,5,5,2,66,75,375,5,CSE,1
7.82,1,3,6,0,83,26,225,5,MECH,1
9.09,4,8,5,3,9,58,120,1,CSE,1
7.11,6,2,2,1,59,50,261,8,CIVIL,1
9.58,5,6,7,0,42,46,236,6,ECE,1
8.32,6,8,1,0,91,13,449,3,IT,1
8.02,4,6,4,0,67,50,241,5,MECH,1
9.54,5,7,1,3,63,95,459,7,MECH,1
6.64,5,0,7,2,7,65,362,6,ECE,1
6.8,6,0,7,0,42,10,454,1,IT,1
6.43,2,3,1,3,56,53,473,7,ECE,1
6.1,4,7,0,0,37,100,450,7,ECE,1
9.93,1,1,1,3,71,9,251,5,CSE,1
5.57,1,4,2,1,80,81,448,4,CSE,1
9.96,5,8,0,1,30,90,387,1,ECE,1
7.35,6,10,3,3,64,49,253,6,IT,1
9.06,1,7,4,2,32,90,320,2,MECH,1
7.36,1,5,1,3,89,73,439,7,IT,1
6.56,2,0,2,0,90,89,70,2,CIVIL,1
7.77,1,6,5,3,36,38,379,4,CIVIL,1
6.02,3,5,5,0,93,80,17,1,CSE,1
9.18,5,4,2,2,41,94,495,2,ECE,1
9.48,5,5,1,3,83,46,469,6,MECH,1
7.24,2,1,5,3,0,22,250,8,ECE,1
9.96,1,8,4,1,40,25,174,1,MECH,1
9.12,0,0,6,3,67,4,449,4,CSE,1
7.06,6,3,1,2,95,81,101,5,IT,1
6.24,4,10,0,3,50,11,354,2,CIVIL,1
9.34,1,6,5,2,24,27,188,6,MECH,1
7.9,3,8,2,3,18,70,154,2,MECH,1
8.57,3,10,0,3,5,20,392,3,MECH,1
9.5,6,3,8,0,51,47,260,7,MECH,1
8.37,4,10,4,3,0,35,415,3,ECE,1
7.59,6,9,1,3,98,76,468,3,CIVIL,1
7.35,1,1,3,3,32,12,293,7,IT,1
6.63,1,1,4,1,73,95,342,1,IT,1
8.25,0,9,3,1,57,39,467,5,CIVIL,1
8.11,5,3,1,0,17,76,23,8,CIVIL,1
6.61,1,7,2,0,98,6,373,2,CSE,1
9.41,2,10,5,2,22,45,308,2,CSE,1
9.75,2,9,7,1,25,32,88,5,CIVIL,1
8.74,4,6,2,3,9,89,291,2,CSE,1
7.62,0,4,2,3,50,77,277,4,CSE,1
5.76,1,2,2,2,60,11,479,1,ECE,1
7.18,3,10,2,3,2,67,202,1,CSE,1
6.84,6,7,8,1,94,50,295,5,CIVIL,1
9.49,0,7,4,2,83,46,492,5,IT,1
6.68,1,2,4,1,6,86,279,8,CIVIL,1
8.86,2,8,6,0,46,97,286,8,CIVIL,1
8.07,5,8,8,2,55,80,242,2,CIVIL,1
5.87,2,1,2,2,6,15,210,6,MECH,1
9.06,2,2,5,2,59,57,415,6,CSE,1
9.84,6,9,0,0,21,44,20,7,CIVIL,1
7.92,5,1,6,1,69,55,242,3,ECE,1
6.29,0,6,4,2,64,89,408,5,IT,1
8.18,2,8,8,3,69,64,308,4,ECE,1
8.75,2,10,7,0,46,24,40,4,IT,1
7.04,4,5,8,0,72,94,107,1,IT,1
9.85,5,0,4,3,25,82,114,7,MECH,1
7.8,5,3,0,2,42,58,36,7,IT,1
9.2,2,9,4,3,38,66,89,7,ECE,1
8.78,3,7,8,2,81,77,140,7,CIVIL,1
6.64,3,6,2,2,43,45,86,7,CIVIL,1
8.53,6,9,3,1,38,23,345,8,CSE,1
6.2,3,5,8,3,5,23,321,8,CIVIL,1
7.32,3,7,1,3,81,42,170,1,ECE,1
8.68,3,9,5,1,46,89,277,5,ECE,1
8.33,5,6,6,3,100,74,19,6,CSE,1
6.45,1,4,0,3,58,21,447,7,MECH,1
8.53,6,0,1,0,49,60,126,1,ECE,1
9.21,0,7,6,3,24,1,121,1,CIVIL,1
6.14,6,7,1,2,46,26,312,2,CSE,1
8.77,4,7,3,3,75,36,459,6,CIVIL,1
6.79,4,4,6,3,59,28,433,1,CIVIL,1
6.41,6,8,4,1,8,61,171,6,IT,1
7.91,4,9,0,2,32,12,328,2,MECH,1
9.98,3,0,8,1,100,99,463,8,IT,1
9.83,2,10,2,2,11,51,492,4,MECH,1
5.5,5,6,1,0,60,3,187,6,ECE,1
7.76,2,6,4,0,54,47,457,5,IT,1
8.42,0,9,1,2,37,48,84,5,CSE,1
6.71,0,1,5,2,42,17,286,3,CIVIL,1
7.1,4,3,3,0,55,60,251,7,CSE,1
8.15,0,4,7,2,62,69,47,3,IT,1
9.18,0,4,0,1,76,63,246,1,MECH,1
9.11,4,6,1,2,24,62,414,5,CSE,1
8.83,3,2,2,1,69,39,321,2,MECH,1
9.73,1,5,3,3,90,10,111,8,IT,1
7.63,2,5,7,0,27,86,495,4,ECE,1
8.22,4,7,5,3,67,68,141,7,ECE,1
8.54,3,3,6,0,20,36,352,6,IT,1
8.37,3,0,4,0,3,29,76,1,CSE,1
7.52,3,8,7,0,19,76,265,1,MECH,1
6.37,6,7,1,2,67,34,88,4,CSE,1
9.46,2,6,0,0,21,85,305,2,ECE,0
8.57,1,0,0,1,94,76,287,8,MECH,1
9.3,5,9,4,3,16,16,235,6,CIVIL,1
8.35,6,0,7,2,62,20,72,6,CSE,1
9.35,4,8,7,0,83,4,73,2,MECH,1
5.64,5,0,8,3,86,25,69,2,CIVIL,1
7.44,1,7,2,0,55,21,253,8,ECE,1
8.36,1,4,8,2,34,48,122,3,CSE,1
6.57,3,1,8,1,66,53,486,1,IT,1
6.51,6,6,2,0,84,57,368,7,CIVIL,1
8.01,6,4,0,3,95,81,213,7,CSE,1
6.2,1,6,1,1,92,30,119,6,IT,1
9.3,2,3,5,1,39,11,219,7,ECE,1
7.28,6,7,6,3,26,31,229,7,CSE,1
8.14,3,2,6,2,54,11,26,4,CSE,1
6.22,5,7,3,3,16,67,372,4,IT,1
7.36,1,3,4,0,77,73,141,4,CIVIL,1
7.09,6,9,4,3,87,19,161,6,CIVIL,1
6.76,1,5,2,1,88,15,456,8,IT,1
8.79,1,3,5,2,5,23,143,2,CSE,1
6.79,6,3,7,1,11,54,498,7,MECH,1
8.88,1,7,4,1,51,44,147,7,IT,1
8.53,0,6,2,1,22,18,361,2,MECH,1
9.37,3,6,4,2,73,18,477,8,MECH,1
8.86,4,8,8,1,21,81,111,2,MECH,1
9.8,6,9,6,1,31,56,39,8,CSE,1
9.82,6,9,2,0,25,80,413,7,CIVIL,1
6.05,1,0,0,1,61,55,280,6,IT,1
5.86,5,9,6,3,88,88,408,7,CSE,1
8.72,3,4,2,1,7,73,34,3,ECE,1
9.43,4,8,8,0,45,34,73,5,CIVIL,1
6.51,4,2,0,3,44,57,128,6,CIVIL,1
7.33,0,4,2,3,11,55,483,6,ECE,1
6.81,4,8,5,3,1,80,107,3,MECH,1
5.68,4,5,2,0,50,59,125,1,MECH,1
5.86,3,4,8,2,73,43,498,3,IT,1
6.19,3,3,2,2,78,88,480,8,ECE,1
6.28,3,3,6,3,60,62,245,1,ECE,1
9.2,5,1,5,1,86,43,493,6,IT,1
6.51,4,9,0,1,24,68,419,3,CSE,1
9.12,3,6,0,0,27,38,179,1,ECE,1
6.66,6,5,7,3,1,82,419,7,ECE,1
5.8,2,5,7,2,78,89,462,8,CSE,1
7.81,1,6,5,3,12,74,40,2,IT,1
9.43,4,1,4,0,23,76,426,2,MECH,1
7.02,2,6,6,2,72,46,289,7,CSE,1
8.08,5,8,6,0,85,32,271,1,MECH,1
6.45,1,5,4,0,48,53,212,3,MECH,1
9.1,3,8,4,2,70,89,101,5,ECE,1
8.44,1,8,4,1,70,46,411,6,CSE,1
9.22,3,6,3,2,13,50,402,8,CIVIL,1
9.1,4,9,0,1,34,87,298,8,MECH,1
8.81,4,3,0,3,42,85,393,6,IT,1
8.02,5,3,7,0,61,17,111,4,IT,1
6.5,0,5,4,0,39,49,351,6,MECH,0
6.14,4,9,2,3,46,26,257,1,CIVIL,1
8.11,0,5,8,1,60,23,405,2,MECH,1
8.0,2,7,7,3,67,65,109,7,CIVIL,1
8.58,4,7,2,1,27,30,381,4,MECH,1
8.79,0,6,6,3,61,74,428,6,CIVIL,1
9.9,6,4,0,3,84,54,110,7,IT,1
6.23,3,6,5,2,39,52,29,2,CSE,1
5.61,6,4,1,3,61,8,480,3,CSE,1
9.33,1,8,4,3,95,18,195,8,ECE,1
7.83,0,0,2,3,65,99,271,2,IT,1
8.0,3,2,7,2,29,22,422,6,MECH,1
8.68,1,2,0,2,22,36,163,4,CSE,1
9.35,0,10,4,2,63,89,345,8,CSE,1
5.72,5,0,8,0,8,79,214,5,MECH,1
8.24,4,3,7,0,61,49,66,5,MECH,1
6.81,1,4,1,2,32,67,251,6,ECE,1
5.83,1,8,5,2,11,51,127,8,CIVIL,1
9.26,4,6,6,3,90,77,265,3,CIVIL,1
5.97,2,2,4,3,76,88,433,8,CSE,1
9.75,5,5,6,3,47,4,426,6,MECH,1
5.63,6,1,1,2,25,69,434,3,CSE,1
9.1,2,6,2,2,95,57,130,4,MECH,1
8.62,6,10,5,0,38,96,179,2,CSE,1
6.11,5,9,2,2,63,25,209,3,CSE,1
9.42,5,4,4,1,93,71,177,3,MECH,1
9.61,6,7,2,3,23,65,264,5,CIVIL,1
6.64,5,3,8,2,9,33,339,3,ECE,1
7.81,4,4,3,2,55,8,449,5,CIVIL,1
9.53,2,2,8,3,11,57,236,6,CIVIL,1
6.55,0,9,3,2,21,94,158,1,MECH,1
7.58,1,2,8,1,13,96,437,5,CIVIL,1
9.37,0,1,1,3,92,79,438,8,CSE,1
5.51,5,5,4,1,23,33,278,5,ECE,1
6.92,1,8,4,3,66,78,152,5,CSE,1
8.28,2,5,2,0,4,99,214,5,CSE,1
8.64,2,9,2,0,85,38,440,1,CSE,1
8.34,6,0,3,2,73,20,164,2,IT,1
6.85,2,6,1,3,12,61,56,6,IT,1
5.79,5,4,6,3,29,36,168,5,IT,1
5.69,6,0,1,3,83,92,478,2,MECH,1
7.71,2,2,7,2,54,28,420,4,ECE,1
7.33,0,3,8,2,12,9,375,1,ECE,1
7.9,1,0,1,2,61,31,161,7,CSE,1
8.38,2,9,3,2,81,18,373,6,CIVIL,1
9.69,4,3,3,0,47,90,418,7,MECH,1
8.48,5,2,0,2,68,23,26,8,ECE,1
8.25,3,10,2,0,30,35,76,3,CSE,1
9.34,1,5,2,2,25,52,345,7,CIVIL,1
8.31,1,10,6,2,54,10,175,1,IT,1
7.5,6,9,1,3,68,74,265,8,CIVIL,1
6.44,0,3,3,1,44,93,459,5,MECH,1
8.57,0,6,4,0,64,85,426,5,ECE,1
9.32,5,5,1,0,56,42,18,7,MECH,1
8.53,6,7,3,3,74,0,263,1,IT,1
7.5,6,9,4,3,18,88,418,2,ECE,1
6.7,1,5,6,0,67,39,234,8,IT,1
5.97,4,10,5,2,22,8,352,8,MECH,1
8.92,0,0,3,2,59,39,311,5,CIVIL,1
6.82,5,2,5,1,3,67,359,7,CIVIL,1
7.4,2,4,0,3,78,84,75,2,CIVIL,1
7.65,6,1,7,3,78,96,107,1,CIVIL,1
6.81,0,8,7,0,59,99,458,5,IT,1
7.98,5,7,4,0,2,1,407,4,IT,1
8.31,2,8,4,0,5,27,176,8,CIVIL,1
9.84,2,8,3,2,49,100,450,7,CSE,1
8.37,0,9,3,0,27,92,435,7,ECE,1
6.42,1,5,5,3,44,60,342,1,ECE,1
7.81,4,4,7,2,71,80,164,4,MECH,1
5.51,5,6,3,2,50,74,317,6,MECH,1
7.89,2,5,1,2,77,71,468,4,ECE,1
8.03,0,10,8,2,27,20,132,8,CIVIL,1
7.34,4,0,8,1,80,32,493,1,CIVIL,1
7.24,2,1,1,1,34,40,89,8,CIVIL,1
6.25,3,6,8,1,91,24,88,1,IT,1
8.34,2,5,8,0,53,66,488,5,ECE,1
5.64,4,4,6,1,25,13,263,1,CSE,1
6.18,1,4,0,3,32,88,277,7,CIVIL,1
8.65,4,10,5,1,72,52,413,5,CIVIL,1
9.52,0,2,5,2,58,49,104,4,ECE,1
8.95,6,0,5,0,85,90,413,3,ECE,1
9.67,2,9,5,1,25,74,200,8,CSE,1
5.79,4,3,1,2,100,28,170,2,CSE,1
9.85,0,3,8,3,71,94,25,8,CSE,1
8.83,2,4,2,1,47,87,9,4,IT,1
8.73,3,7,0,1,32,5,183,1,MECH,1
6.35,4,10,2,1,10,78,4,5,ECE,1
9.4,5,5,4,1,2,69,205,1,MECH,1
6.9,4,4,6,2,18,89,152,8,CIVIL,1
6.15,3,7,2,2,16,8,309,7,IT,1
9.07,5,1,2,0,98,71,434,1,CIVIL,1
8.84,4,9,3,3,8,47,480,8,CIVIL,1
6.67,5,5,4,3,95,18,468,3,ECE,1
9.74,1,4,2,2,53,19,197,6,CIVIL,1
6.28,6,9,8,1,26,46,398,8,IT,1
9.33,2,2,2,3,44,63,408,7,MECH,1
5.73,2,10,4,0,58,53,463,8,MECH,1
7.58,3,0,1,0,51,36,203,3,CSE,1
7.39,3,9,6,2,52,6,121,5,ECE,1
6.81,3,0,0,1,6,74,25,4,CSE,1
9.41,1,2,1,1,7,99,217,7,IT,0
9.31,4,3,5,3,35,7,481,2,CSE,1
5.54,1,3,8,1,50,14,38,1,CSE,1
6.12,4,5,7,3,35,56,347,1,ECE,1
8.59,3,5,7,3,4,87,458,7,ECE,1
6.84,4,3,4,3,30,7,312,1,CIVIL,1
6.62,1,6,0,3,49,87,29,1,CIVIL,1
7.51,3,7,5,2,58,41,446,2,IT,1
8.5,0,9,5,1,80,31,307,6,CIVIL,1
7.52,1,9,7,1,11,18,413,7,CIVIL,1
6.76,6,4,3,3,28,29,54,3,IT,1
9.45,6,5,4,1,27,23,248,7,ECE,1
9.01,1,7,2,0,69,36,304,7,ECE,1
7.79,3,9,8,3,7,18,74,2,ECE,1
9.74,3,10,6,0,54,45,233,1,MECH,1
5.67,1,5,4,0,34,42,67,7,CSE,1
6.92,5,6,2,3,32,1,320,6,IT,1
6.96,0,0,6,2,54,86,252,2,IT,1
8.66,0,3,8,3,10,59,189,3,ECE,1
6.24,1,0,8,1,10,41,262,5,CIVIL,1
7.68,6,6,2,0,69,51,68,3,ECE,1
6.27,0,6,1,3,58,62,424,1,CIVIL,1
6.24,2,4,2,3,76,79,252,5,CIVIL,1
7.63,5,1,5,1,91,71,302,7,CSE,1
8.24,2,4,2,3,47,89,426,1,CSE,1
7.73,1,6,7,1,99,55,383,6,CIVIL,1
8.01,1,10,6,2,46,31,127,3,MECH,1
7.88,1,6,6,0,38,77,393,8,IT,1
6.28,4,1,1,2,42,19,4,4,ECE,1
9.2,1,10,2,2,31,16,380,3,CSE,1
9.68,0,8,4,1,89,51,118,8,CSE,1
6.4,4,9,2,0,64,68,356,1,IT,1
6.38,3,6,7,1,28,76,293,1,IT,1
8.97,5,7,0,0,45,85,11,8,MECH,1
7.18,6,0,3,1,85,71,107,6,CIVIL,1
6.67,5,5,7,0,89,77,305,4,CIVIL,1
7.23,6,1,2,3,94,21,302,7,IT,1
5.69,2,0,7,2,87,28,14,8,ECE,1
8.73,4,2,3,0,77,44,191,3,MECH,1
6.91,3,6,4,1,66,12,490,1,CSE,1
5.74,2,8,7,0,46,38,175,1,CIVIL,1
5.88,0,3,4,1,3,94,113,5,CSE,1
8.15,5,9,5,2,91,38,60,4,ECE,1
8.04,3,3,5,0,1,52,85,4,ECE,1
6.29,1,7,4,2,46,13,33,7,MECH,1
8.82,5,6,1,1,44,95,466,8,IT,1
5.68,2,1,8,0,61,56,309,5,CSE,1
8.02,5,0,1,0,70,60,444,4,IT,1
9.42,2,10,7,0,36,41,426,7,MECH,1
9.33,5,3,0,0,87,7,350,6,MECH,1
8.16,3,8,8,0,53,96,295,2,CSE,1
6.5,6,5,1,2,89,70,353,1,ECE,1
8.49,0,6,7,2,27,75,198,4,CSE,1
8.47,0,10,6,0,4,100,279,4,ECE,1
7.32,6,4,3,0,85,36,4,4,IT,1
8.15,3,4,0,0,64,88,146,6,IT,1
9.61,3,6,1,3,52,76,498,6,CIVIL,1
8.46,4,5,7,3,96,80,340,1,MECH,1
9.38,3,1,1,2,54,56,129,2,CIVIL,1
9.58,5,8,3,1,20,56,33,3,ECE,1
6.12,3,6,7,1,42,11,59,8,CSE,1
8.76,3,1,8,2,72,98,279,6,ECE,1
9.73,1,7,4,0,84,25,132,2,CSE,1
8.31,4,2,8,1,61,68,178,5,ECE,1
8.38,2,8,5,0,27,46,363,4,ECE,1
8.69,3,0,8,1,73,97,441,3,IT,1
9.81,2,4,5,1,83,14,220,6,CSE,1
5.73,3,1,2,0,31,18,304,5,CIVIL,1
6.82,3,7,2,0,16,29,326,4,IT,1
6.78,4,3,6,0,81,64,360,8,CIVIL,1
7.05,2,0,2,0,67,29,102,4,MECH,1
6.78,1,7,0,0,6,42,327,5,ECE,1
9.14,2,5,5,1,25,83,425,7,MECH,1
9.85,1,6,8,3,9,90,30,7,IT,1
6.79,6,2,0,1,70,26,234,6,MECH,1
6.19,4,2,0,1,36,79,366,3,CSE,1
5.64,4,9,0,0,7,48,437,3,CIVIL,1
9.62,2,1,2,2,63,39,276,4,MECH,1
8.09,4,1,2,3,14,62,137,8,ECE,1
5.91,3,8,2,0,89,52,297,1,CIVIL,1
8.41,5,2,7,3,93,31,365,4,MECH,1
6.85,3,9,6,2,19,75,458,2,MECH,1
8.82,4,6,8,2,33,9,230,4,CIVIL,1
5.98,6,6,1,2,35,22,144,6,ECE,1
6.67,3,8,6,0,71,32,394,1,IT,1
6.41,6,6,5,1,22,46,79,1,MECH,1
8.06,5,0,6,2,78,97,120,6,CSE,1
7.44,6,6,3,3,18,61,347,7,MECH,1
6.55,2,3,5,1,61,40,395,2,CSE,1
5.95,5,9,6,0,38,10,168,2,CIVIL,1
8.1,0,4,4,1,65,86,243,5,IT,1
6.16,5,5,8,3,27,4,257,7,IT,1
8.96,1,1,6,2,38,52,87,2,CIVIL,1
7.0,4,3,5,0,87,4,25,2,CSE,1
9.1,2,3,7,2,46,43,5,5,ECE,1
7.71,0,0,4,1,11,41,87,5,CIVIL,1
6.58,6,5,7,2,41,14,278,5,CSE,1
5.82,3,6,2,1,75,69,102,6,MECH,1
7.43,0,9,2,2,65,65,40,3,CIVIL,1
7.83,5,2,1,0,65,92,373,3,ECE,1
9.32,6,5,6,2,12,16,306,2,MECH,1
7.84,2,10,1,0,6,6,198,5,CIVIL,1
5.9,4,1,1,2,28,10,73,5,CIVIL,1
8.61,6,4,4,0,79,8,101,4,ECE,1
7.22,5,0,7,1,94,98,124,6,ECE,1
8.48,4,7,4,3,86,83,283,6,CIVIL,1
7.33,3,10,5,1,50,50,310,6,IT,1
6.55,4,10,2,2,93,94,186,8,MECH,1
7.59,1,9,2,0,44,63,428,1,ECE,1
6.67,1,8,2,2,84,51,492,5,ECE,1
6.93,1,6,7,3,18,73,430,3,CIVIL,1
6.82,0,1,1,3,30,42,486,1,IT,1
8.94,3,5,0,1,65,96,211,4,CSE,1
7.57,5,4,8,2,62,82,288,5,CIVIL,1
8.38,1,1,3,1,21,13,361,7,IT,1
9.26,2,1,0,2,65,42,45,3,MECH,1
8.43,4,3,8,1,31,7,141,5,CIVIL,1
9.74,2,3,1,3,89,58,199,1,MECH,1
6.52,6,6,0,0,82,70,398,5,CSE,1
8.34,5,2,2,3,62,43,205,5,ECE,1
5.78,2,2,6,2,81,28,370,7,IT,1
8.48,0,5,6,1,93,96,244,1,CSE,1
7.66,5,9,2,0,61,62,386,4,CIVIL,1
9.88,2,2,8,3,68,15,213,1,CSE,1
9.41,1,7,6,3,26,95,68,8,MECH,1
6.67,4,6,6,2,25,95,190,1,CIVIL,1
5.93,6,6,4,3,39,27,298,8,IT,1
8.8,1,4,3,0,2,93,146,4,ECE,1
6.82,2,3,7,0,38,17,405,4,ECE,1
5.59,4,10,8,0,64,30,231,4,CIVIL,1
5.7,3,8,5,1,3,7,63,8,IT,1
9.47,0,1,4,0,12,60,176,7,CSE,1
5.87,3,7,0,3,75,53,71,7,CIVIL,1
8.18,0,4,8,1,50,14,11,4,ECE,1
7.11,3,2,6,0,30,15,67,5,IT,1
8.48,1,10,8,3,16,31,82,1,CIVIL,1
6.75,2,8,2,2,40,88,372,5,MECH,1
7.42,3,7,6,0,94,46,54,7,CIVIL,1
8.87,0,4,5,3,1,5,244,4,IT,1
8.99,4,4,2,0,82,13,165,8,CSE,1
7.39,0,9,0,1,70,84,60,1,CIVIL,1
8.99,1,8,8,3,72,18,269,8,IT,1
7.38,5,1,1,2,86,23,425,8,CSE,1
8.18,0,2,4,3,29,81,130,6,CSE,1
6.96,3,4,8,0,39,45,178,3,MECH,1
5.92,6,9,3,3,77,60,421,5,IT,1
7.21,4,10,1,0,41,24,476,5,ECE,1
5.67,3,0,5,0,48,63,247,7,IT,1
5.82,5,4,4,0,83,42,135,5,IT,1
8.26,5,6,3,3,68,64,385,7,CIVIL,1
7.28,4,8,1,1,94,12,88,4,ECE,1
9.04,6,3,8,3,53,86,305,3,MECH,1
9.92,1,9,7,3,68,11,313,8,MECH,1
6.62,4,1,7,3,45,7,463,1,MECH,1
9.16,2,3,7,1,77,94,52,8,CIVIL,1
8.23,5,3,5,2,70,44,274,7,IT,1
6.31,6,7,3,0,76,68,231,1,MECH,1
7.11,2,3,8,2,35,28,147,8,ECE,1
6.7,1,5,1,2,22,38,245,3,MECH,1
5.87,6,9,3,0,0,74,142,2,IT,1
7.63,0,8,0,3,30,59,466,6,IT,1
8.98,0,2,3,3,34,66,29,6,MECH,1
8.38,4,10,4,2,84,17,347,3,MECH,1
8.3,4,7,2,0,2,15,246,3,IT,1
5.54,3,2,2,0,37,32,316,5,CSE,1
9.78,6,7,0,0,5,40,209,5,IT,1
5.96,2,5,2,1,97,67,359,6,IT,1
7.96,5,7,4,3,16,84,108,2,IT,1
9.11,2,1,4,0,21,78,98,2,ECE,1
8.34,1,9,7,2,98,71,36,7,ECE,1
7.68,6,4,8,2,2,41,350,6,CSE,1
5.52,5,7,6,0,96,54,97,6,CIVIL,1
7.13,2,9,5,2,37,100,293,4,CSE,1
8.01,2,10,4,2,71,97,488,6,CIVIL,1
8.96,2,1,0,2,50,62,418,8,CSE,1
7.37,4,1,3,2,20,62,374,3,CSE,1
7.89,3,6,5,3,49,71,432,6,MECH,1
5.62,3,7,5,1,91,56,357,4,IT,1
6.16,5,10,5,1,7,23,28,4,ECE,1
6.16,4,6,0,2,44,92,406,7,CIVIL,1
8.2,1,3,5,0,57,75,44,5,CIVIL,1
7.94,6,7,5,2,56,78,370,3,ECE,1
8.67,5,8,7,2,90,59,54,6,CSE,1
9.94,5,3,0,2,89,15,77,1,CSE,1
7.68,2,7,3,2,59,91,123,2,MECH,1
5.64,0,9,1,3,25,46,369,1,CIVIL,1
9.03,5,10,3,0,31,85,251,2,CIVIL,1
9.05,0,10,2,0,8,5,315,3,MECH,1
9.89,5,9,0,3,39,5,137,5,MECH,1
7.44,3,3,7,3,33,75,454,4,CSE,1
9.43,1,1,2,0,58,31,65,4,CSE,1
9.99,0,10,2,0,6,92,224,1,MECH,1
8.46,2,6,4,1,78,54,91,2,CSE,1
8.33,1,0,3,2,58,97,495,4,CIVIL,1
9.63,1,1,5,0,36,61,223,3,MECH,1
8.44,2,8,6,0,72,15,93,2,CSE,1
6.27,6,6,7,2,62,83,297,5,IT,1
8.03,1,4,1,1,6,4,496,4,IT,1
7.55,2,8,7,2,8,52,472,7,CIVIL,1
7.88,4,4,2,3,10,93,103,6,ECE,1
6.93,0,10,7,3,56,40,292,2,IT,1
9.99,1,0,2,0,23,75,44,6,CSE,1
5.5,3,9,7,3,14,16,265,6,MECH,1
9.88,0,6,4,0,94,29,307,4,IT,1
9.59,1,0,2,2,34,94,248,7,ECE,1
8.57,0,10,5,0,32,86,312,3,CIVIL,1
5.53,2,6,1,3,71,79,381,6,CSE,1
6.46,0,0,6,2,30,98,380,1,IT,1
7.32,6,10,2,3,34,33,475,1,CSE,1
7.76,2,5,2,0,6,89,308,1,IT,1
7.44,1,7,7,3,88,34,428,8,CIVIL,1
8.69,4,10,5,1,60,0,25,1,CSE,1
7.37,2,8,4,1,12,18,204,3,MECH,1
8.21,5,5,2,3,4,63,58,5,ECE,1
9.96,4,6,6,1,95,57,391,1,CIVIL,1
7.66,2,0,3,3,97,1,195,8,IT,1
9.74,6,9,7,2,68,62,180,4,CIVIL,1
9.83,5,4,7,2,45,86,180,8,CIVIL,1
9.53,2,1,8,2,20,59,120,3,CSE,1
6.74,2,2,1,0,50,45,249,8,IT,1
9.27,4,9,3,1,78,66,403,1,CSE,1
7.73,5,3,4,0,34,76,281,2,CIVIL,1
6.72,5,9,5,3,41,100,123,3,MECH,1
9.82,0,5,6,3,64,7,171,1,CIVIL,1
8.9,3,5,4,3,19,23,396,4,CIVIL,1
7.9,6,3,2,1,11,47,211,7,CIVIL,1
8.01,3,10,4,2,64,8,300,3,CSE,1
6.37,3,4,5,1,71,50,7,6,CSE,1
6.41,2,6,1,1,47,20,391,4,MECH,1
8.19,4,2,6,3,32,71,229,8,IT,1
8.25,0,8,8,0,9,97,52,7,MECH,1
6.29,5,1,3,1,6,5,250,6,ECE,1
9.07,0,9,0,1,27,33,482,6,MECH,1
6.12,3,6,5,1,82,33,304,3,IT,1
5.77,6,7,5,2,6,81,433,3,MECH,1
7.05,5,6,5,1,13,49,178,4,CIVIL,1
5.56,6,4,2,0,33,85,9,3,MECH,1
9.84,6,3,8,2,78,61,292,4,CIVIL,1
7.61,1,7,6,1,27,64,318,2,CSE,1
9.51,0,3,7,0,47,79,262,8,IT,1
5.57,6,5,0,3,22,80,267,7,MECH,1
6.63,4,9,7,1,14,8,313,4,CIVIL,1
6.72,0,1,4,2,79,73,152,3,IT,1
7.14,6,4,2,1,50,19,360,3,IT,1
9.04,1,6,2,2,22,34,331,1,CSE,1
8.67,2,7,6,3,22,34,239,7,MECH,1
8.69,3,5,8,2,22,4,91,7,CSE,1
6.57,4,4,3,3,48,60,31,1,CIVIL,1
7.43,0,6,0,0,22,65,413,7,MECH,1
8.95,6,7,1,1,95,66,125,6,ECE,1
6.42,2,7,1,1,50,5,162,5,CIVIL,1
9.33,0,3,0,2,39,15,480,3,ECE,1
8.47,2,8,6,3,74,8,195,1,CIVIL,1
9.05,1,7,0,3,8,76,205,3,CIVIL,1
7.33,4,6,7,2,45,22,398,3,CSE,1
7.79,0,8,3,3,46,4,101,1,MECH,1
8.91,0,0,6,0,21,51,165,7,ECE,1
6.47,4,6,5,0,74,34,491,8,ECE,1
7.42,1,7,3,2,63,53,233,1,CIVIL,1
7.88,2,7,8,1,12,59,31,4,CIVIL,1
7.55,4,0,5,2,74,53,482,1,ECE,1
6.08,4,0,1,0,14,1,297,4,ECE,1
9.51,5,1,4,0,60,94,365,4,MECH,1
7.32,1,2,4,3,17,19,446,5,IT,1
8.67,4,5,3,0,58,24,48,4,CSE,1
7.55,6,1,3,1,49,58,391,2,ECE,1
7.8,6,7,2,2,46,87,279,4,ECE,1
9.88,4,6,8,1,24,57,29,2,CIVIL,1
7.67,0,3,8,1,93,81,491,4,MECH,1
9.9,6,8,5,3,78,95,243,7,ECE,1
8.59,1,6,6,2,96,88,412,7,IT,1
7.36,4,1,7,2,72,33,86,7,MECH,1
7.0,1,1,2,2,53,8,238,4,MECH,1
6.29,3,4,6,3,2,68,251,5,CSE,1
7.23,3,7,8,2,29,100,316,6,CIVIL,1
6.82,4,3,8,1,87,92,217,1,CSE,1
6.31,1,2,3,1,79,43,342,5,CSE,1
7.17,0,4,2,3,38,65,328,5,CIVIL,1
6.0,3,9,8,2,72,19,421,4,CSE,1
6.83,6,2,5,2,89,50,336,4,MECH,1
7.63,5,3,5,3,60,52,454,3,IT,1
7.84,3,8,4,3,75,57,81,4,ECE,1
8.06,2,9,5,3,24,15,449,3,ECE,1
6.85,3,7,7,0,87,56,55,2,ECE,1
9.96,5,1,7,1,81,76,317,1,CIVIL,1
5.51,3,5,3,0,68,59,274,1,CSE,1
9.72,4,4,3,0,36,39,458,1,CSE,1
6.89,1,1,8,2,39,97,486,8,CSE,1
9.56,3,0,5,3,80,57,220,2,CSE,1
5.74,4,10,0,2,65,38,464,1,IT,1
8.0,6,8,8,1,10,56,104,2,ECE,1
5.91,3,7,3,3,38,30,234,2,CSE,1
8.43,6,6,6,1,74,13,379,3,IT,1
7.42,0,10,3,1,46,19,351,7,IT,1
8.7,1,4,3,1,61,43,131,7,MECH,1
9.16,0,3,6,0,26,56,481,4,IT,1
9.98,6,2,0,1,47,26,260,1,CSE,1
9.52,0,6,0,3,48,33,266,1,MECH,1
9.44,6,7,5,2,93,22,21,4,ECE,1
7.44,0,6,2,2,76,61,148,8,MECH,1
6.46,2,3,6,1,40,7,452,5,CSE,1
7.61,2,8,7,3,41,67,122,7,CIVIL,1
8.35,0,8,4,1,25,67,397,1,MECH,1
6.82,4,8,5,3,0,27,120,4,IT,1
7.98,6,2,2,2,41,99,54,6,CIVIL,1
6.15,4,4,8,1,93,78,394,7,IT,1
7.68,5,0,7,1,62,29,165,2,MECH,1
8.62,0,7,3,3,43,23,222,7,MECH,1
6.67,2,5,8,2,29,67,221,2,ECE,1
5.79,1,7,4,3,42,80,170,8,IT,1
5.95,5,3,4,2,82,95,482,5,ECE,1
9.55,0,10,1,3,23,77,215,6,CSE,1
9.65,1,7,0,2,24,64,437,5,CIVIL,1
5.71,0,7,6,0,74,16,471,5,MECH,1
9.93,2,10,5,1,7,23,124,1,IT,1
9.85,0,6,8,1,35,44,190,5,CSE,1
9.01,6,4,1,1,49,69,235,4,CIVIL,1
6.63,0,1,2,1,100,61,48,1,MECH,1
8.65,6,10,8,1,16,27,454,3,CIVIL,1
9.18,1,6,7,3,21,2,368,3,ECE,1
5.71,2,7,2,2,44,5,93,8,CIVIL,1
7.91,2,1,4,3,32,26,451,1,MECH,1
9.2,1,6,6,1,39,34,444,7,MECH,1
5.7,3,7,3,3,22,50,79,1,IT,1
8.05,5,1,4,0,2,49,174,1,ECE,1
5.92,3,0,6,3,17,82,447,5,ECE,1
6.41,0,10,2,3,47,43,492,5,IT,1
9.3,2,5,7,2,99,74,385,3,CSE,1
8.74,0,3,1,0,29,54,27,1,ECE,0
6.49,1,9,6,0,56,40,395,7,MECH,1
7.5,1,0,8,1,42,3,110,8,ECE,1
5.95,0,7,7,2,80,32,411,1,IT,1
7.09,0,5,0,2,6,98,364,2,CSE,1
7.15,1,9,8,2,4,80,372,8,MECH,1
8.65,1,9,5,0,85,38,23,8,IT,1
5.7,3,0,6,2,62,93,148,7,MECH,1
5.93,2,5,0,1,99,71,97,4,CIVIL,1
7.34,3,5,1,2,69,53,330,8,IT,1
8.64,4,7,4,2,15,14,59,3,CIVIL,1
8.29,2,3,2,3,54,1,30,7,CSE,1
9.93,0,4,6,0,92,65,148,4,ECE,1
5.57,0,4,7,2,75,80,267,5,CIVIL,1
8.26,3,9,7,3,88,1,431,2,CSE,1
7.31,3,4,3,0,18,60,475,7,IT,1
7.41,5,7,3,0,87,3,377,6,CSE,1
6.89,3,5,6,2,23,15,249,6,CSE,1
7.95,2,2,4,1,91,14,286,2,ECE,1
8.72,4,0,1,2,49,23,295,3,ECE,1
9.8,1,4,2,2,59,63,140,4,CSE,1
7.63,6,8,0,1,31,82,224,4,CIVIL,1
9.05,1,5,2,0,40,87,294,3,IT,1
6.62,6,5,0,3,35,34,388,8,CIVIL,1
6.12,1,3,3,0,73,4,432,2,ECE,1
7.71,4,7,6,0,8,16,169,1,MECH,1
7.89,4,5,7,2,57,61,267,7,MECH,1
9.22,2,7,1,1,100,95,27,7,CSE,1
7.51,0,4,1,0,74,41,2,8,CIVIL,1
7.59,0,6,4,2,80,11,140,6,IT,1
6.35,5,8,3,1,18,23,317,7,MECH,1
8.2,6,4,7,1,35,70,77,4,CSE,1
6.48,3,9,3,3,71,68,446,7,CSE,1
7.47,0,5,4,1,99,47,296,8,ECE,1
5.99,2,7,5,3,47,5,364,7,ECE,1
6.2,3,4,1,2,98,90,17,4,ECE,1
9.14,5,4,5,1,99,47,78,5,ECE,1
7.51,0,3,1,1,95,29,452,7,IT,1
5.9,5,10,0,1,79,48,20,1,CSE,1
8.63,6,3,0,0,41,14,198,7,IT,1
7.1,4,1,3,2,47,94,4,6,CSE,1
7.18,3,0,4,3,41,61,90,1,CSE,1
6.1,3,8,4,1,59,24,111,2,CIVIL,1
7.73,1,6,3,1,17,69,205,1,ECE,1
7.47,6,6,7,3,73,81,324,4,IT,1
8.22,5,5,6,2,23,29,253,2,CIVIL,1
7.87,5,4,0,2,66,49,428,7,CSE,1
9.12,5,1,2,3,92,93,280,7,CSE,1
7.85,0,0,1,3,78,98,412,7,ECE,1
8.97,5,10,8,3,47,37,462,7,CIVIL,1
9.73,0,9,2,0,45,11,94,3,CSE,1
8.24,6,5,1,1,44,9,178,7,CIVIL,1
6.45,6,2,3,1,50,9,420,6,ECE,1
7.52,6,1,1,1,98,93,205,1,CSE,1
6.46,1,7,4,3,31,27,363,3,CIVIL,1
7.28,1,8,2,2,62,10,227,1,CSE,1
7.36,1,7,4,3,84,25,132,7,CSE,1
5.75,1,3,0,0,67,64,23,2,CIVIL,1
6.7,3,7,0,3,100,73,64,7,IT,1
8.53,1,8,1,0,5,94,110,1,MECH,1
9.11,3,3,4,3,69,25,127,4,IT,1
9.83,2,2,6,3,79,19,493,6,CSE,1
6.02,1,4,4,2,4,45,475,3,IT,1
8.49,2,7,5,1,44,31,352,1,MECH,1
8.44,0,8,6,2,47,75,392,3,MECH,1
9.04,1,0,7,1,56,96,235,6,ECE,1
9.0,3,5,8,0,92,7,482,6,CSE,1
7.13,2,9,8,3,16,63,359,2,CIVIL,1
7.22,2,9,7,1,33,1,228,3,CIVIL,1
5.71,5,7,3,0,35,51,171,2,CIVIL,1
8.62,3,2,7,2,98,80,84,3,MECH,1
5.59,2,9,2,3,11,58,384,1,MECH,1
9.24,3,7,7,0,18,64,221,4,ECE,1
8.25,6,0,3,2,60,21,108,8,ECE,1
6.74,4,1,5,0,17,36,391,1,IT,1
8.02,4,10,3,2,78,56,171,2,IT,1
8.1,0,0,0,3,91,30,314,8,ECE,1
7.99,6,2,5,2,86,51,317,4,ECE,1
6.71,1,2,8,2,31,38,336,3,ECE,1
9.53,1,1,5,2,29,10,283,4,CIVIL,1
6.29,5,0,8,0,51,63,78,2,CSE,1
8.35,4,1,4,2,37,89,32,2,CSE,1
8.18,4,7,3,1,44,94,493,8,IT,1
9.81,1,3,6,1,63,38,66,4,MECH,1
6.27,4,6,1,2,63,34,362,5,ECE,1
5.57,6,0,7,2,43,29,453,1,IT,1
6.51,0,5,6,0,92,72,82,5,IT,1
6.29,6,0,7,2,20,48,278,1,CSE,1
9.17,4,4,7,3,29,26,448,1,CSE,1
5.7,6,3,5,1,82,78,500,7,CSE,1
9.07,6,3,4,0,17,61,49,2,CIVIL,1
9.2,1,4,5,3,49,68,427,7,IT,1
7.82,1,1,8,2,1,27,258,2,MECH,1
8.59,3,5,2,1,21,7,276,1,MECH,1
7.91,3,5,7,3,6,42,241,3,IT,1
6.54,0,1,5,0,44,98,364,6,CSE,1
8.36,2,0,3,0,79,11,411,2,CIVIL,1
9.03,1,9,1,0,28,91,384,3,CIVIL,1
8.24,0,4,1,0,47,19,189,2,IT,1
7.53,4,6,3,3,28,92,271,2,MECH,1
7.74,3,2,2,0,40,92,71,7,MECH,1
6.85,6,4,8,3,17,9,386,5,ECE,1
6.04,2,2,5,0,60,52,104,1,IT,1
9.09,0,3,7,1,57,42,431,5,ECE,1
7.96,5,8,6,2,62,55,23,3,CSE,1
8.15,1,6,8,3,15,61,157,2,MECH,1
6.16,1,6,4,1,74,52,230,3,ECE,1
5.83,3,4,7,3,2,84,292,5,CSE,1
9.34,0,10,5,1,9,83,158,6,MECH,1
6.63,5,5,0,2,23,23,178,2,CSE,1
9.53,4,7,4,0,92,80,96,7,CSE,1
9.2,2,8,7,1,6,98,456,5,IT,1
8.05,2,9,5,3,66,7,63,8,IT,1
6.63,0,3,2,1,62,81,134,4,ECE,1
5.64,6,1,4,0,52,50,230,1,MECH,1
7.15,6,10,0,0,48,52,447,6,MECH,1
6.13,0,3,3,0,84,51,29,6,MECH,1
7.46,3,3,5,2,22,38,467,6,ECE,1
8.2,2,5,4,3,86,86,137,4,IT,1
8.3,5,5,2,0,47,11,187,2,MECH,1
8.3,6,6,4,0,89,60,201,1,CIVIL,1
8.14,6,5,5,3,27,95,179,4,CSE,1
5.92,6,6,3,3,64,74,48,8,ECE,1
9.38,3,0,1,3,57,90,147,2,IT,1
6.89,1,3,5,2,2,39,146,4,MECH,1
6.65,2,7,2,0,32,0,387,6,CIVIL,1
8.67,0,5,3,3,6,98,421,4,CIVIL,1
8.68,2,7,0,3,44,30,192,4,ECE,1
6.38,4,4,6,2,57,5,174,2,MECH,1
7.13,4,3,3,2,33,2,465,4,IT,1
9.61,5,1,6,1,47,68,404,3,MECH,1
8.88,0,8,7,1,26,37,120,2,ECE,1
5.53,6,2,7,2,60,3,486,3,IT,1
6.73,0,4,1,2,11,50,398,7,ECE,1
6.79,2,1,5,0,17,43,124,1,CSE,1
8.75,4,4,6,2,35,30,70,8,CIVIL,1
9.74,4,0,6,3,92,59,14,5,CIVIL,1
7.63,6,1,4,1,34,57,100,7,ECE,1
8.91,5,1,1,3,71,27,77,5,MECH,1
8.72,6,6,0,0,8,39,57,2,IT,1
6.32,1,8,4,0,69,72,407,5,CSE,1
6.83,4,3,6,0,13,60,6,1,CSE,1
7.46,4,10,3,1,94,59,433,7,CSE,1
8.67,6,4,7,3,8,77,388,1,CSE,1
5.59,3,6,8,3,36,0,144,7,ECE,1
6.26,1,5,0,2,23,11,375,8,CSE,1
7.31,1,6,6,1,14,72,69,3,CIVIL,1
8.94,0,5,0,2,92,90,117,5,ECE,1
9.73,2,9,3,2,64,87,12,5,ECE,1
7.2,1,2,0,0,53,13,420,2,MECH,1
6.3,2,4,4,2,2,10,15,6,IT,1
7.23,6,7,6,3,53,19,131,6,CSE,1
5.8,6,2,4,1,51,91,106,6,ECE,1
6.17,4,0,8,3,68,64,428,2,ECE,1
8.38,6,0,1,1,43,91,264,6,CIVIL,1
8.59,0,0,6,1,94,9,117,1,CIVIL,1
8.89,1,2,5,2,66,28,451,8,IT,1
6.73,0,2,0,0,92,8,410,5,IT,1
9.23,4,7,4,1,9,18,113,4,CSE,1
9.76,2,1,7,3,97,4,314,8,MECH,1
9.17,6,4,7,3,49,14,45,1,CSE,1
8.83,0,7,2,1,84,58,144,2,CIVIL,1
5.68,3,10,1,3,26,28,19,8,IT,1
8.78,4,0,6,2,17,13,178,2,IT,1
7.99,6,6,2,0,55,38,494,1,MECH,1
9.6,0,10,6,3,28,47,351,6,ECE,1
8.26,5,10,8,2,22,33,118,4,CIVIL,1
6.15,0,2,4,0,4,62,231,1,ECE,1
9.66,4,4,5,3,52,8,189,6,IT,1
8.02,4,9,3,2,81,94,357,3,CIVIL,1
9.03,5,4,5,0,66,15,164,7,MECH,1
9.77,1,9,8,3,31,71,236,4,CSE,1
6.34,5,1,5,1,87,29,428,6,CSE,1
9.31,3,4,4,2,89,15,66,1,CIVIL,1
6.58,2,3,2,0,48,95,196,3,ECE,1
5.93,0,3,1,0,81,5,6,4,CIVIL,1
7.27,1,8,7,0,0,16,220,2,MECH,1
6.04,2,8,7,0,2,23,394,3,ECE,1
5.81,1,1,6,2,64,75,193,2,IT,1
6.14,3,6,8,2,63,37,199,8,ECE,1
6.93,5,7,3,1,30,80,436,4,IT,1
6.81,0,2,1,0,47,66,237,1,CIVIL,0
7.89,4,3,7,1,56,64,467,3,MECH,1
5.92,6,1,5,0,60,15,453,4,ECE,1
7.93,2,3,2,0,6,86,34,5,CSE,1
6.91,4,7,6,3,0,73,159,5,ECE,1
7.0,3,6,2,0,74,17,341,7,ECE,1
7.11,1,4,6,2,53,32,68,3,ECE,1
6.98,6,2,8,3,63,35,27,3,CIVIL,1
8.06,4,8,2,3,60,83,300,6,CIVIL,1
7.66,4,1,6,1,17,53,123,6,CSE,1
5.93,3,3,8,1,63,28,287,3,IT,1
9.04,3,2,1,2,27,29,448,7,ECE,1
9.07,0,3,2,0,52,32,387,3,IT,1
5.96,1,8,2,2,23,6,320,5,CSE,1
9.55,4,3,6,2,24,100,39,4,IT,1
9.2,6,5,5,0,88,12,194,5,CIVIL,1
8.57,3,5,6,3,88,46,157,6,IT,1
5.68,1,5,6,1,55,74,289,1,IT,1
8.0,6,5,6,0,96,61,74,2,CSE,1
7.73,2,3,2,2,26,69,34,1,IT,1
7.27,5,6,2,2,18,71,11,4,ECE,1
6.54,6,9,3,1,73,72,53,1,CSE,1
7.62,3,8,8,2,58,76,351,7,ECE,1
8.26,0,6,7,2,88,78,20,3,ECE,1
5.63,1,6,2,1,29,55,282,2,CSE,1
8.29,3,10,1,3,40,42,431,4,CIVIL,1
9.39,1,1,6,1,34,74,99,8,ECE,1
5.87,2,3,5,3,18,21,67,6,CIVIL,1
7.53,5,8,1,2,80,51,235,4,CSE,1
6.17,3,1,1,0,42,10,160,6,MECH,1
5.89,6,5,6,2,50,92,220,6,IT,1
7.59,3,3,2,3,65,88,96,7,CIVIL,1
9.12,6,6,8,0,78,39,329,4,IT,1
6.18,1,6,0,3,40,65,114,4,CSE,1
6.11,1,0,6,3,81,39,90,3,CIVIL,1
9.24,0,7,0,1,18,6,277,1,ECE,1
6.43,1,0,0,1,31,61,173,5,ECE,1
6.35,0,9,1,3,69,3,78,6,IT,1
8.47,4,2,7,1,51,95,348,3,CSE,1
5.75,3,8,2,3,43,16,43,4,CIVIL,1
6.73,4,10,1,3,41,83,71,4,CSE,1
5.78,0,8,0,2,87,62,429,2,CIVIL,1
6.19,6,0,8,2,22,18,392,7,CIVIL,1
7.25,0,6,6,2,92,100,214,8,CIVIL,1
9.61,2,0,4,2,37,73,30,3,IT,1
9.52,5,0,3,3,74,37,273,6,CSE,1
9.96,4,1,6,1,31,35,32,6,MECH,1
8.32,1,6,2,3,11,7,467,3,ECE,1
7.79,5,4,5,2,83,42,341,7,CSE,1
5.61,5,1,5,3,57,83,104,6,CIVIL,1
8.24,2,8,7,3,52,16,234,8,MECH,1
8.75,6,0,8,0,97,15,168,3,ECE,1
9.41,1,2,0,1,14,44,435,8,CIVIL,1
5.63,4,5,7,3,57,91,392,1,ECE,1
6.48,4,4,2,0,53,10,115,5,IT,1
9.12,4,6,4,0,7,27,259,4,ECE,1
8.03,1,4,2,0,73,74,442,7,CIVIL,1
7.48,4,8,5,0,60,77,427,1,ECE,1
7.32,4,4,6,2,93,30,250,6,ECE,1
8.51,1,6,8,1,71,62,407,6,CSE,1
7.2,4,0,0,0,58,32,384,8,CIVIL,1
7.25,1,6,8,1,60,39,177,5,CIVIL,1
8.25,2,7,8,3,23,8,202,3,ECE,1
8.05,0,4,4,0,10,16,5,4,CIVIL,1
9.75,6,4,7,3,44,91,347,2,ECE,1
9.78,4,8,7,1,96,39,74,1,CIVIL,1
9.44,3,6,5,1,6,52,461,8,ECE,1
8.05,6,2,0,0,58,88,119,7,ECE,1
5.57,2,0,7,2,13,66,258,3,ECE,1
8.43,4,0,6,0,95,78,132,3,IT,1
6.72,3,5,0,0,17,80,415,1,ECE,1
5.91,4,6,7,0,2,0,367,1,CSE,1
7.72,3,1,3,3,20,64,481,6,CSE,1
8.42,4,7,3,2,55,22,497,3,CIVIL,1
6.44,2,5,7,3,94,92,487,6,MECH,1
7.54,4,3,6,0,92,68,83,8,MECH,1
9.57,3,8,2,2,43,60,407,7,ECE,1
8.96,6,2,4,0,0,51,57,5,ECE,1
8.61,3,6,3,3,82,15,171,7,ECE,1
6.79,5,4,8,3,22,66,203,1,ECE,1
9.91,4,6,1,1,8,79,296,2,ECE,1
7.2,3,7,1,1,22,78,98,4,IT,1
8.6,2,9,3,0,70,47,312,1,ECE,1
6.26,5,9,0,2,47,62,14,2,CSE,1
8.8,0,6,5,0,96,51,291,4,ECE,1
7.54,6,1,8,3,62,4,343,1,ECE,1
9.59,0,3,8,2,41,64,61,6,CSE,1
5.78,6,5,3,3,58,24,185,1,ECE,1
6.64,5,1,3,1,56,57,439,8,IT,1
8.92,4,9,2,0,7,16,68,5,IT,1
7.22,2,9,5,3,42,71,190,5,MECH,1
9.1,4,2,3,0,25,42,222,1,MECH,1
6.66,3,4,0,3,53,17,46,3,MECH,1
7.64,1,10,3,1,69,12,52,7,MECH,1
8.78,2,5,6,1,69,78,283,1,CIVIL,1
7.5,6,1,6,3,14,24,394,8,MECH,1
7.66,0,2,1,0,10,88,311,3,CSE,1
9.39,4,10,8,1,20,100,310,2,MECH,1
7.25,6,3,4,0,45,18,101,4,CIVIL,1
6.8,6,3,5,0,29,75,161,1,ECE,1
9.8,3,7,6,3,96,35,225,1,ECE,1
9.42,5,2,6,2,29,33,394,4,ECE,1
8.28,6,1,5,2,46,99,38,8,ECE,1
9.93,6,1,7,1,2,65,171,7,CSE,1
6.79,1,6,0,2,63,38,71,3,ECE,1
9.56,4,7,0,2,30,28,459,3,ECE,1
5.99,3,9,3,2,61,93,82,1,MECH,1
5.84,6,2,7,1,100,12,324,8,CIVIL,1
9.72,3,3,4,2,81,14,82,2,CIVIL,1
6.46,5,2,4,2,63,7,427,8,IT,1
6.48,5,4,4,1,13,47,231,4,CSE,1
6.5,0,3,0,0,1,36,127,8,MECH,1
8.77,5,2,3,2,13,82,42,4,MECH,1
6.35,6,6,4,0,8,1,458,3,CIVIL,1
8.24,1,9,7,0,84,69,433,3,ECE,1
8.35,2,0,6,3,46,56,333,7,MECH,1
8.55,1,3,6,0,72,21,146,6,ECE,1
9.08,1,0,1,3,67,23,441,1,CIVIL,1
6.39,4,6,6,3,60,3,145,8,IT,1
9.39,4,8,1,0,51,66,313,5,ECE,1
9.35,4,2,1,1,33,80,92,7,ECE,1
5.77,3,2,4,1,35,74,304,1,MECH,1
8.91,0,6,3,0,55,77,360,1,MECH,1
9.32,6,6,5,0,57,24,121,2,CIVIL,1
8.45,1,2,8,2,92,28,356,7,ECE,1
6.12,6,2,0,0,4,34,459,4,CSE,1
7.17,1,1,8,2,2,46,143,6,IT,1
7.42,4,0,5,2,59,55,467,6,CSE,1
5.61,3,2,6,2,65,32,436,5,CSE,1
6.17,3,4,3,2,74,69,126,4,ECE,1
7.89,1,2,0,1,3,35,383,7,CSE,1
6.63,5,3,3,1,16,82,230,1,CSE,1
9.85,1,9,7,1,12,98,168,5,CIVIL,1
8.73,5,9,2,2,76,94,25,1,IT,1
9.83,5,8,0,2,44,31,52,1,CSE,1
6.07,5,7,8,1,96,38,474,4,ECE,1
8.65,0,1,6,0,11,60,227,5,CSE,1
7.06,4,5,6,1,18,45,130,3,CIVIL,1
6.08,2,6,8,1,2,60,2,7,CSE,1
7.42,0,3,3,0,9,20,289,5,CSE,1
9.1,4,10,8,3,88,64,169,8,CIVIL,1
6.29,2,10,0,0,12,41,432,1,ECE,0
8.63,5,6,4,3,73,92,158,7,MECH,1
8.09,0,7,7,3,75,80,138,5,IT,1
5.68,1,3,5,0,72,44,283,5,IT,1
8.12,0,9,3,3,46,17,322,4,CIVIL,1
6.05,0,1,0,3,84,28,403,3,CIVIL,1
5.94,6,0,2,1,13,37,162,2,CIVIL,1
7.59,4,5,7,2,32,13,466,2,IT,1
8.58,3,3,0,0,49,50,127,4,CSE,1
5.74,2,8,4,2,88,65,114,3,CSE,1
8.45,5,9,3,2,20,11,305,6,MECH,1
9.36,1,9,1,0,35,74,488,4,CSE,1
8.51,2,4,2,1,44,80,47,4,IT,1
8.95,0,8,0,3,11,89,290,6,CSE,1
7.21,4,2,1,3,11,59,326,3,MECH,1
6.18,3,7,0,0,64,60,340,8,ECE,1
5.76,6,5,1,0,93,51,422,3,MECH,1
5.98,6,2,0,1,55,5,357,3,CIVIL,1
6.46,3,0,3,3,57,95,230,8,CSE,1
8.49,5,5,2,1,77,0,403,2,ECE,1
8.14,2,2,7,0,65,43,37,1,MECH,1
9.62,6,3,3,0,37,47,454,6,ECE,1
5.52,2,0,6,2,17,6,266,4,CSE,1
6.03,2,10,4,0,15,47,345,6,ECE,1
8.35,1,3,4,0,54,72,390,1,IT,1
6.31,3,0,1,0,52,78,116,2,CIVIL,1
6.49,0,4,8,0,28,58,457,3,CSE,1
8.12,2,2,6,1,44,93,137,2,CIVIL,1
9.16,1,10,4,2,54,52,146,3,IT,1
5.78,5,9,6,2,85,30,483,8,CIVIL,1
5.51,5,6,3,2,73,9,214,6,ECE,1
5.63,0,6,6,0,37,4,342,6,MECH,1
7.95,6,1,5,1,97,7,100,3,CIVIL,1
7.88,3,10,7,0,18,13,450,2,CIVIL,1
6.1,4,0,0,1,47,3,283,6,MECH,1
6.11,1,3,1,1,29,81,6,8,ECE,1
7.51,2,7,7,3,76,31,288,6,IT,1
9.17,2,7,8,0,27,86,372,7,CSE,1
9.42,5,5,1,2,34,65,341,3,CSE,1
8.27,1,6,1,3,56,7,131,6,MECH,1
9.7,6,7,4,3,71,89,12,6,CIVIL,1
9.49,3,6,4,1,45,99,473,1,MECH,1
9.39,4,9,0,2,1,94,303,2,CIVIL,1
6.25,6,6,3,0,76,53,319,4,CIVIL,1
7.08,4,10,1,3,56,59,234,8,IT,1
6.66,5,5,2,2,12,52,458,8,CIVIL,1
7.47,1,1,6,3,20,65,415,3,IT,1
5.98,2,9,7,0,74,85,241,4,CSE,1
8.26,0,2,1,2,49,96,440,5,CIVIL,1
8.43,0,5,1,1,82,11,115,2,MECH,1
9.87,6,10,5,1,36,40,390,5,CIVIL,1
8.63,1,1,6,3,6,50,336,6,ECE,1
9.72,6,7,4,2,80,44,26,3,MECH,1
6.23,6,2,2,3,88,47,3,4,IT,1
8.97,2,0,2,1,53,35,21,1,ECE,1
7.73,4,6,1,2,12,28,249,8,CIVIL,1
5.84,4,1,6,1,67,60,190,5,IT,1
8.81,3,5,7,3,74,5,99,2,MECH,1
8.36,6,8,4,3,49,51,220,6,CIVIL,1
6.76,4,5,5,0,38,66,428,1,IT,1
7.85,5,2,5,0,44,20,285,4,MECH,1
8.01,2,2,0,0,72,63,484,5,ECE,1
6.63,3,6,2,3,41,23,280,3,IT,1
8.38,1,8,5,2,8,6,122,4,IT,1
9.69,6,4,4,0,34,15,148,1,IT,1
6.75,1,10,6,0,13,8,119,5,ECE,1
9.98,2,3,8,0,44,6,360,8,CIVIL,1
6.29,1,8,2,1,58,20,68,2,CSE,1
6.76,6,6,3,1,86,75,120,4,MECH,1
7.27,4,1,5,0,54,16,455,2,ECE,1
5.69,3,10,8,0,32,71,428,3,MECH,1
5.71,2,0,1,0,51,54,250,2,ECE,1
6.29,2,8,3,1,34,49,187,3,CSE,1
5.73,4,2,6,0,51,96,40,5,CIVIL,1
9.86,6,2,7,2,53,34,441,7,CIVIL,1
9.74,1,10,8,1,44,11,444,5,CIVIL,1
9.02,3,5,7,2,78,59,454,8,MECH,1
7.58,2,10,2,0,56,32,83,3,ECE,1
7.88,5,6,1,2,0,71,421,4,CSE,1
7.05,0,5,6,2,0,94,476,7,CIVIL,1
7.1,3,0,3,2,84,61,372,6,MECH,1
6.25,2,6,3,2,2,2,35,6,IT,1
6.95,5,6,6,2,46,93,498,7,ECE,1
7.33,3,3,0,1,54,77,431,3,MECH,1
9.07,4,4,0,3,14,38,277,8,IT,1
8.09,4,3,1,3,7,65,347,5,MECH,1
5.68,3,3,1,0,6,78,56,1,MECH,1
8.19,5,5,6,0,99,98,70,6,ECE,1
9.71,4,5,5,3,52,67,175,5,IT,1
9.81,4,6,0,3,89,57,242,1,ECE,1
9.68,1,9,4,0,93,25,384,3,MECH,1
8.75,0,4,8,1,71,91,340,6,CIVIL,1
5.79,4,7,3,0,53,96,134,5,ECE,1
7.82,5,9,0,0,14,79,326,6,IT,1
6.13,5,10,2,0,35,32,279,4,CIVIL,1
9.82,4,1,3,0,4,74,306,4,ECE,1
9.73,1,6,3,3,98,31,469,8,ECE,1
9.7,6,3,8,2,85,6,43,3,MECH,1
9.32,5,1,2,0,93,18,419,4,IT,1
5.73,1,1,4,2,71,75,281,1,CSE,1
9.99,2,2,7,2,64,32,143,8,IT,1
7.37,6,9,1,2,96,10,67,1,CSE,1
7.81,6,9,8,3,86,85,59,1,ECE,1
7.76,2,10,5,1,30,44,472,2,CSE,1
5.53,1,7,1,2,36,23,434,6,ECE,1
7.55,2,9,1,0,72,40,176,5,MECH,1
8.02,1,8,5,2,14,46,162,3,IT,1
6.48,6,8,3,1,87,79,499,1,CIVIL,1
5.62,3,6,0,3,0,40,104,2,CIVIL,1
5.99,4,8,2,1,73,6,206,4,ECE,0
5.63,0,5,1,0,65,37,224,6,MECH,1
7.46,1,10,0,3,80,66,34,1,ECE,1
6.27,1,1,5,0,51,24,281,3,CIVIL,1
9.6,2,9,6,3,88,51,419,1,ECE,1
9.79,2,0,3,1,9,41,195,3,IT,1
9.1,1,7,5,0,66,10,47,2,ECE,1
9.34,3,10,6,1,81,90,64,1,MECH,1
6.71,0,1,1,3,88,43,159,1,MECH,1
9.34,0,0,7,1,42,19,254,1,MECH,1
9.76,5,9,8,0,1,38,271,2,ECE,1
5.77,1,1,4,2,77,64,164,7,ECE,1
7.8,2,7,8,1,18,70,203,6,CSE,1
7.16,1,0,5,0,91,71,462,7,ECE,1
9.13,4,3,7,3,1,51,458,1,MECH,1
7.75,5,8,6,1,7,14,352,3,ECE,1
6.37,0,5,8,0,38,42,334,6,ECE,1
7.51,6,0,3,3,66,56,397,1,IT,1
8.54,3,10,1,3,77,72,84,8,CSE,1
7.39,6,1,3,1,68,60,428,3,IT,1
9.96,6,10,8,0,75,12,465,2,ECE,1
6.99,5,9,8,0,95,71,313,8,ECE,1
6.64,2,4,2,2,6,49,490,1,CIVIL,1
5.79,0,0,8,2,43,47,478,4,CIVIL,1
7.32,0,1,8,1,73,88,37,7,MECH,1
7.0,2,7,3,3,80,27,412,6,MECH,1
7.43,4,0,7,3,24,52,426,3,ECE,1
8.95,1,9,2,1,26,30,194,5,IT,1
8.2,1,9,2,1,87,40,472,1,MECH,1
9.71,1,6,8,0,95,26,307,2,IT,1
9.26,3,6,5,2,69,63,101,5,CSE,1
9.37,0,8,0,2,87,42,33,5,IT,1
9.52,5,0,4,2,30,0,25,8,IT,1
9.76,3,1,6,0,74,67,396,7,CIVIL,1
7.99,6,0,0,3,88,32,234,8,MECH,1
8.41,3,5,2,1,18,79,395,7,CIVIL,1
8.73,0,8,7,0,35,13,83,5,MECH,1
7.73,6,2,1,1,87,59,74,8,CIVIL,1
9.09,0,2,5,2,16,3,179,2,MECH,1
8.39,6,4,2,1,29,62,488,7,IT,1
5.89,2,8,6,0,95,58,335,8,CSE,1
8.45,0,0,4,2,98,86,70,3,IT,1
9.07,6,0,3,1,40,83,480,2,ECE,1
9.59,0,10,7,3,4,10,423,1,CIVIL,1
8.87,1,5,5,3,29,46,270,7,ECE,1
5.69,1,8,1,0,12,99,124,2,CIVIL,1
8.49,3,10,0,0,42,99,304,3,MECH,1
8.68,4,3,4,2,85,91,388,8,CSE,1
7.25,0,10,3,1,31,23,473,6,MECH,1
7.6,0,6,4,1,89,30,53,7,CIVIL,1
5.78,6,5,3,2,6,63,379,6,CSE,1
8.53,4,2,4,3,57,22,28,6,MECH,1
8.4,3,3,0,3,75,7,76,3,MECH,1
9.1,3,2,0,1,21,8,304,5,IT,1
5.88,5,0,5,0,69,69,97,1,IT,1
8.11,2,3,8,2,59,10,206,8,ECE,1
6.99,5,4,4,2,56,5,423,5,MECH,1
9.73,5,8,3,0,39,38,429,4,IT,1
7.53,6,4,5,0,87,79,184,8,CSE,1
7.46,2,2,1,3,25,96,308,5,ECE,1
5.84,5,2,7,3,57,81,312,7,CSE,1
6.38,4,10,0,0,15,1,227,3,MECH,1
8.54,3,6,2,0,41,51,197,1,CIVIL,1
8.55,1,10,7,3,55,0,121,3,CIVIL,1
5.83,3,8,8,0,15,7,299,7,CSE,1
8.68,0,6,8,0,100,57,218,4,CSE,1
7.78,4,0,1,0,67,63,254,1,IT,1
9.51,2,0,1,1,75,39,440,1,MECH,1
6.8,4,7,3,3,6,84,110,8,ECE,1
8.3,3,2,4,2,37,60,87,4,MECH,1
6.21,6,3,6,3,18,84,335,1,CIVIL,1
6.92,3,4,0,0,6,7,156,3,CSE,1
9.71,6,9,3,3,55,23,206,4,MECH,1
9.57,5,9,4,0,70,59,292,4,ECE,1
9.57,6,4,6,1,45,50,367,5,ECE,1
6.02,1,5,0,1,6,71,278,2,CIVIL,1
9.66,3,0,4,1,55,36,311,5,ECE,1
6.05,3,5,0,0,17,52,374,8,CSE,1
7.3,4,8,1,2,78,53,58,2,CIVIL,1
7.85,4,8,6,3,68,88,194,6,MECH,1
6.74,0,4,3,0,46,7,471,7,CSE,1
9.56,1,4,2,3,56,14,316,6,CSE,1
7.79,3,4,6,0,68,10,64,8,MECH,1
5.88,0,1,4,1,37,86,187,2,ECE,1
7.14,3,2,5,3,49,17,275,7,CSE,1
9.51,1,4,5,3,18,60,43,2,ECE,1
7.26,2,4,7,3,53,77,343,5,MECH,1
8.96,6,5,5,0,5,92,155,4,CIVIL,1
9.05,5,3,2,0,54,7,65,1,CIVIL,1
8.44,0,2,4,3,8,75,452,8,ECE,1
8.57,0,8,2,2,49,37,174,5,IT,1
7.66,4,5,3,2,10,66,346,3,ECE,1
6.64,2,5,1,3,56,36,435,1,ECE,1
7.73,6,8,6,1,54,97,212,8,CSE,1
7.01,2,0,4,0,82,63,422,1,ECE,1
8.69,2,4,1,2,71,8,105,7,IT,1
7.26,4,6,1,3,3,44,347,1,MECH,1
7.96,3,8,2,2,93,38,149,4,IT,1
6.53,0,8,4,0,53,98,432,1,CSE,1
7.4,5,9,6,3,68,37,17,2,IT,1
6.69,4,2,2,2,10,89,211,4,MECH,1
7.0,3,4,3,1,96,71,74,6,CSE,1
9.98,2,8,2,3,46,14,164,1,CIVIL,1
8.66,1,3,2,0,14,36,287,2,ECE,1
6.57,0,2,0,0,21,58,469,4,CIVIL,0
9.34,2,10,5,0,38,46,255,1,IT,1
5.9,5,9,5,0,58,5,152,6,CSE,1
7.54,4,0,8,1,30,88,74,8,MECH,1
7.72,0,1,6,1,27,52,229,6,CSE,1
7.72,5,2,6,3,37,44,485,1,ECE,1
5.51,5,8,2,0,70,15,118,7,ECE,1
7.02,1,1,2,3,14,95,428,4,IT,1
5.76,5,8,8,0,9,18,243,7,CIVIL,1
7.21,4,3,4,2,43,32,260,3,IT,1
7.83,6,7,4,0,16,100,203,2,CIVIL,1
9.99,0,1,1,2,41,92,368,3,MECH,1
8.02,6,10,2,3,46,71,27,1,IT,1
6.58,2,2,0,3,16,38,346,7,CSE,1
9.44,6,10,6,1,82,32,272,6,ECE,1
8.49,0,0,8,0,67,100,348,3,MECH,1
9.07,2,5,3,0,90,14,53,5,ECE,1
8.2,5,0,0,1,19,50,376,4,MECH,1
7.05,2,1,3,0,62,6,106,7,CIVIL,1
9.9,6,2,1,2,87,38,319,3,CIVIL,1
7.08,4,6,3,1,46,47,367,4,MECH,1
6.7,6,6,6,1,13,78,66,1,CIVIL,1
5.76,6,5,1,0,56,26,235,6,CIVIL,1
6.21,2,5,0,0,76,9,75,1,MECH,1
8.85,4,0,8,1,97,71,22,5,CSE,1
8.85,4,1,1,3,31,19,183,7,IT,1
8.46,0,3,3,3,66,77,99,3,CIVIL,1
8.51,3,10,4,1,13,16,395,4,IT,1
7.5,4,1,3,0,67,8,77,5,MECH,0
9.16,6,1,3,0,97,62,15,4,CSE,1
8.26,5,5,3,0,11,35,385,1,CSE,1
9.61,4,3,3,1,56,78,147,4,CIVIL,1
5.91,6,8,0,1,54,21,225,8,MECH,1
9.07,0,10,7,0,59,33,114,4,CIVIL,1
7.32,3,6,2,1,85,38,256,5,IT,1
7.82,6,3,4,2,81,40,169,6,IT,1
9.1,3,1,8,0,35,87,201,1,ECE,1
9.3,5,4,3,0,15,34,211,8,CSE,1
8.91,3,5,6,2,98,74,235,3,CIVIL,1
5.8,2,9,3,3,2,53,202,5,IT,1
6.5,3,7,2,2,5,69,443,5,CSE,1
7.2,1,2,1,1,76,95,228,6,ECE,1
5.96,1,7,2,1,14,57,100,3,MECH,1
6.36,2,1,2,0,73,40,121,3,IT,1
6.4,1,4,6,1,66,19,141,7,MECH,1
7.78,3,8,0,1,61,96,347,4,ECE,1
5.76,3,0,4,3,19,28,2,8,ECE,1
5.54,3,4,3,1,49,30,55,8,ECE,1
8.15,5,10,2,2,10,8,435,7,ECE,1
6.81,0,8,6,0,35,95,468,3,ECE,1
8.82,2,10,5,2,75,64,404,3,MECH,1
5.64,0,8,0,0,49,67,382,4,CIVIL,1
7.38,0,0,8,1,42,11,6,7,ECE,1
6.21,4,2,3,1,1,43,405,3,IT,1
6.34,2,2,3,1,42,82,110,1,ECE,1
8.66,1,8,7,2,77,21,400,1,ECE,1
7.18,1,0,1,1,30,57,83,5,IT,0
9.46,3,4,3,1,16,68,157,5,MECH,1
7.55,3,9,7,2,0,97,386,8,MECH,1
6.03,0,10,1,3,59,40,157,2,IT,1
7.31,4,10,5,0,96,21,483,7,IT,1
7.86,1,6,6,0,70,16,293,7,IT,0
7.09,6,9,8,1,83,97,16,2,CSE,1
9.12,3,4,0,2,38,64,298,5,CSE,0
8.11,3,7,8,0,60,65,451,3,CSE,1
9.9,3,1,5,1,53,57,96,8,IT,1
6.11,2,3,2,3,92,44,111,5,CIVIL,1
9.59,3,4,0,3,79,100,453,4,CIVIL,1
7.77,3,5,5,2,16,47,388,6,CIVIL,1
9.37,3,3,1,3,75,52,84,5,MECH,1
7.44,4,7,1,2,38,86,51,1,MECH,1
8.92,3,0,6,0,93,33,49,8,MECH,1
8.99,5,6,2,1,33,36,176,1,MECH,1
6.14,0,1,0,3,68,5,198,4,MECH,1
7.81,2,10,0,2,56,67,350,1,MECH,1
6.56,5,3,7,0,88,38,340,2,IT,1
8.28,2,6,8,0,75,36,421,1,ECE,1
8.73,2,2,3,2,55,6,145,4,CSE,1
9.7,6,7,7,3,60,33,327,6,IT,1
9.77,4,9,1,2,66,48,304,1,IT,1
8.39,6,4,5,3,22,90,314,5,CIVIL,1
9.95,2,5,1,3,28,31,465,8,CSE,1
8.42,2,7,2,0,48,85,147,4,MECH,1
9.16,3,10,2,2,54,34,17,3,IT,1
8.77,4,7,5,1,92,7,134,2,ECE,1
8.28,5,8,6,1,91,35,118,6,ECE,1
9.11,6,9,5,2,29,16,191,7,ECE,1
5.59,1,9,8,1,14,8,305,3,MECH,1
9.58,0,0,7,1,59,17,198,3,ECE,1
5.79,2,3,1,1,93,27,351,1,MECH,1
9.58,2,6,8,0,32,33,423,5,MECH,1
6.16,5,4,7,1,42,80,356,5,CIVIL,1
7.26,0,1,8,0,30,8,335,5,CIVIL,1
6.14,5,1,6,1,75,24,112,5,CSE,1
8.29,4,2,0,0,3,77,200,4,CSE,1
8.56,2,6,5,2,94,45,276,4,CSE,1
8.66,1,6,0,1,13,62,452,7,CIVIL,1
6.85,5,5,5,0,77,3,169,6,CIVIL,1
8.06,3,3,8,2,6,16,35,5,CSE,1
5.82,4,1,6,3,31,41,118,2,CIVIL,1
7.54,3,7,3,2,56,9,189,8,CSE,1
5.69,3,6,5,0,77,17,69,1,MECH,1
9.31,6,6,7,1,87,80,376,1,CSE,1
9.57,2,10,2,2,96,35,420,5,CSE,1
6.59,0,5,3,1,48,69,499,4,IT,1
9.96,2,2,3,2,8,74,110,2,CIVIL,1
5.83,6,10,3,1,38,57,296,5,IT,1
7.27,4,4,7,2,85,75,54,1,CSE,1
7.45,5,5,4,2,18,2,85,6,CIVIL,1
7.47,1,1,5,2,77,68,418,6,CIVIL,1
6.92,4,7,2,1,70,8,177,8,MECH,1
6.03,5,2,8,2,29,70,357,8,MECH,1
9.1,6,3,6,1,84,21,232,5,IT,1
7.64,6,6,5,0,81,20,301,4,CIVIL,1
6.28,6,4,3,0,12,18,51,2,CSE,1
7.63,0,4,8,2,22,85,405,5,ECE,1
8.23,3,8,5,3,57,94,7,4,MECH,1
6.82,0,3,0,1,6,66,4,7,IT,1
7.82,3,6,2,3,99,41,126,2,IT,1
6.65,4,2,4,0,23,47,323,8,CIVIL,1
6.64,2,9,8,2,45,36,355,8,ECE,1
8.32,3,9,5,2,75,19,291,2,ECE,1
8.39,4,2,5,2,47,71,315,6,ECE,1
6.21,2,0,6,1,100,84,240,8,CSE,1
9.97,2,9,0,1,52,35,446,3,MECH,1
8.7,6,10,6,2,59,97,498,8,IT,1
9.73,4,1,0,1,30,98,413,2,ECE,1
8.18,2,10,0,1,65,5,11,1,CSE,1
6.25,6,7,1,2,75,88,491,3,ECE,1
9.72,1,10,7,0,4,39,49,4,ECE,1
7.41,1,10,6,2,19,19,36,3,IT,1
8.41,1,0,8,2,31,35,117,5,ECE,1
9.4,3,4,8,1,75,10,152,5,CIVIL,1
9.84,1,6,1,0,82,83,163,8,MECH,1
5.76,6,5,5,0,31,58,78,4,IT,1
6.54,3,3,6,3,49,12,370,2,MECH,1
7.09,2,0,4,2,6,95,339,6,MECH,1
7.18,6,0,1,1,37,42,139,1,ECE,1
7.95,3,2,8,1,80,16,249,7,CSE,1
8.3,0,9,1,1,75,17,43,6,ECE,1
5.88,2,2,2,3,68,66,464,5,CSE,1
7.87,5,3,5,2,45,82,350,1,CSE,1
7.3,2,10,0,2,81,11,17,1,CSE,1
7.27,1,9,2,0,0,87,466,4,CIVIL,1
6.75,4,5,7,1,79,34,239,6,IT,1
9.54,4,1,4,1,88,68,421,8,ECE,1
8.3,3,0,8,3,23,20,368,5,CSE,1
6.41,0,0,6,2,85,48,5,7,CIVIL,1
5.77,3,6,6,2,86,80,328,2,CSE,1
7.38,1,5,2,2,98,4,336,2,MECH,1
8.84,2,8,1,1,22,16,102,1,CSE,1
7.32,3,7,4,0,51,0,427,8,ECE,1
6.2,3,6,2,3,0,53,162,7,IT,1
9.05,2,8,7,1,6,42,59,1,IT,1
6.07,3,7,4,3,44,21,235,5,ECE,1
7.07,6,1,6,1,61,93,171,5,CSE,1
8.91,2,4,0,3,36,36,84,1,CSE,1
7.34,3,9,3,1,62,67,23,5,ECE,1
9.52,0,5,8,1,83,83,255,1,CSE,1
6.86,0,8,8,0,20,61,307,7,CIVIL,1
7.29,6,6,2,2,44,29,143,2,CIVIL,1
9.32,3,7,5,2,87,38,252,6,IT,1
7.32,5,2,6,0,15,93,86,8,MECH,1
8.22,0,5,4,3,73,58,46,7,IT,1
9.02,6,4,3,1,26,51,25,3,CIVIL,1
8.93,0,8,8,2,95,87,118,6,CIVIL,1
5.7,1,8,0,0,96,56,78,6,CIVIL,1
9.38,5,4,0,0,99,18,31,2,CIVIL,1
6.98,4,7,2,2,4,25,398,5,CSE,1
6.92,1,3,2,2,4,13,472,6,CSE,1
8.79,5,1,1,2,55,21,369,2,MECH,1
5.72,0,10,6,3,42,69,452,7,MECH,1
6.41,1,9,2,3,22,51,499,2,CSE,1
9.65,0,0,8,0,97,83,450,6,CSE,1
9.91,0,3,6,2,17,32,282,3,CSE,1
8.66,0,9,1,2,11,27,391,2,CIVIL,1
6.08,5,5,0,2,66,30,474,8,ECE,1
7.63,6,1,4,0,66,67,314,5,MECH,1
8.05,4,5,8,2,85,32,110,6,ECE,1
6.41,2,6,4,2,95,8,247,3,CSE,1
9.22,1,1,4,3,84,66,364,7,CIVIL,1
9.52,1,2,5,0,80,70,188,8,CSE,1
8.46,5,5,0,0,10,69,301,2,IT,1
8.16,5,1,0,2,94,81,75,3,CSE,1
9.82,1,8,3,1,16,57,155,2,IT,1
8.55,2,10,4,2,7,8,322,2,MECH,1
9.39,0,6,1,1,6,30,279,5,CSE,1
5.8,2,1,0,2,58,30,300,5,IT,1
9.0,6,8,7,3,37,64,142,6,MECH,1
8.48,4,1,6,2,17,24,102,7,ECE,1
9.48,2,8,5,1,37,80,483,4,MECH,1
8.57,6,9,1,2,43,95,188,8,CSE,1
8.68,5,1,1,0,20,4,231,8,CSE,1
9.3,3,6,3,2,42,26,64,2,IT,1
9.42,6,5,0,1,60,28,411,3,MECH,1
7.97,0,7,0,0,43,99,147,7,IT,1
7.46,1,10,4,3,54,10,355,6,IT,1
9.37,1,9,7,1,58,54,433,8,ECE,1
8.55,5,3,1,2,62,88,45,3,CIVIL,1
5.6,5,10,5,3,100,46,174,2,CSE,1
8.53,2,4,5,0,85,0,6,1,MECH,1
9.6,2,10,0,2,9,86,185,1,IT,1
7.09,4,3,2,1,18,6,497,3,IT,1
7.25,3,2,7,1,85,97,440,4,IT,1
9.91,3,3,0,3,38,76,482,5,MECH,1
7.92,6,8,1,0,93,29,18,5,IT,1
8.17,4,10,6,3,75,47,465,2,IT,1
9.51,0,4,4,3,48,90,410,5,CSE,1
8.49,1,0,8,0,94,33,322,3,IT,1
9.03,0,8,1,1,49,45,419,4,ECE,1
9.04,0,4,6,2,75,17,484,1,MECH,1
8.55,3,4,8,0,50,40,127,1,MECH,1
6.33,6,10,4,3,2,23,181,6,IT,1
8.14,5,2,2,0,38,21,136,3,IT,1
5.81,3,2,6,3,21,22,24,4,CSE,1
5.59,4,6,4,0,57,43,106,8,CIVIL,1
6.94,5,1,4,1,52,45,83,3,CIVIL,1
6.31,6,7,6,3,54,39,174,7,CSE,1
6.88,5,7,1,2,77,94,285,2,ECE,1
6.93,5,10,3,1,79,74,383,1,IT,1
5.66,4,8,8,3,12,77,480,3,ECE,1
6.73,0,0,8,1,97,92,201,6,IT,1
5.87,6,5,1,0,57,16,88,5,MECH,1
5.63,2,10,5,3,32,37,217,6,IT,1
8.62,0,8,5,1,73,88,396,5,CSE,1
5.69,6,7,7,1,23,73,148,1,CSE,1
6.09,2,8,5,2,88,57,12,5,MECH,1
9.57,2,2,2,1,54,55,496,3,CSE,1
8.3,0,9,1,2,99,36,315,2,CSE,1
7.49,1,0,5,0,63,65,278,4,MECH,1
9.14,0,7,7,1,16,47,289,1,IT,1
7.9,3,5,6,3,27,29,4,4,MECH,1
6.23,1,5,5,3,23,0,210,1,MECH,1
8.85,5,6,5,0,15,55,304,6,CIVIL,1
8.4,6,2,0,3,65,18,406,8,ECE,1
6.61,6,3,6,0,14,32,21,8,IT,1
5.99,6,7,0,0,87,70,492,4,CSE,1
8.51,4,5,5,3,88,97,435,4,MECH,1
9.69,4,4,6,0,77,44,431,8,MECH,1
8.23,6,6,8,1,25,36,433,1,CIVIL,1
9.34,2,1,4,3,79,12,54,8,MECH,1
9.57,1,6,6,1,88,17,149,1,MECH,1
7.31,5,6,6,3,99,30,241,1,CSE,1
6.1,5,5,2,3,96,53,97,3,CIVIL,1
5.56,5,3,3,1,8,51,331,6,MECH,1
6.15,3,1,3,0,43,51,496,1,CSE,1
6.7,4,1,5,3,71,51,24,7,IT,1
7.05,6,6,2,0,62,99,103,2,CSE,1
7.04,0,3,5,1,53,34,251,7,MECH,1
5.79,3,6,5,1,1,13,357,4,CSE,1
9.26,1,3,7,1,32,88,0,1,MECH,1
6.05,4,2,7,0,96,17,185,2,CSE,1
7.21,3,4,7,3,75,78,7,7,ECE,1
9.36,1,9,1,1,36,1,132,6,IT,1
7.7,1,3,3,1,58,52,56,1,MECH,1
6.14,2,8,3,2,88,74,64,7,IT,1
9.34,3,3,4,2,61,55,128,8,CSE,1
6.26,1,4,0,2,15,18,392,5,ECE,1
9.7,3,8,6,1,88,66,491,3,CSE,1
8.71,2,8,2,0,84,7,471,6,IT,1
8.96,4,0,7,1,4,75,74,5,CSE,1
8.49,5,3,8,2,6,53,415,1,MECH,1
5.71,2,10,0,3,28,87,235,3,CIVIL,1
5.67,5,9,3,1,100,11,41,2,IT,1
9.11,0,4,5,1,92,31,110,4,CSE,1
7.33,0,1,1,3,38,77,434,1,IT,1
7.04,4,5,0,2,59,69,351,2,IT,1
7.75,4,2,7,3,65,65,187,6,CSE,1
8.98,6,6,8,2,30,8,486,7,CSE,1
6.7,0,0,3,1,1,1,421,8,IT,1
9.43,6,7,8,1,95,13,38,6,CSE,1
7.74,6,1,8,0,12,28,118,5,ECE,1
6.66,3,0,0,0,54,20,207,7,MECH,1
8.05,0,2,1,3,13,32,52,5,CIVIL,1
9.74,1,3,8,2,22,88,347,3,CSE,1
8.77,2,7,2,3,72,16,114,8,MECH,1
6.05,4,8,8,2,42,17,205,3,MECH,1
6.1,4,2,7,3,51,2,242,7,CIVIL,1
7.92,0,2,3,2,26,85,254,7,MECH,1
8.23,6,4,1,3,2,57,155,2,MECH,1
8.07,1,2,8,0,26,21,220,7,CSE,1
6.66,1,4,0,0,86,53,375,5,ECE,1
6.21,1,8,1,1,34,71,429,4,CSE,1
7.58,4,3,6,2,37,16,465,2,MECH,1
6.53,1,3,4,0,46,59,391,1,CSE,1
6.85,4,3,5,2,45,71,494,6,MECH,1
9.23,3,7,6,3,10,32,67,3,IT,1
6.91,1,0,3,2,92,69,142,6,ECE,1
8.61,4,10,0,0,95,57,419,7,MECH,1
9.43,0,8,6,2,17,83,404,7,CIVIL,1
5.67,5,8,6,1,32,46,495,2,IT,1
8.42,4,10,5,3,33,3,264,7,CSE,1
8.29,0,9,2,2,84,24,383,7,ECE,1
7.07,4,4,4,2,69,67,96,6,MECH,1
7.01,1,1,0,1,9,82,262,4,MECH,1
8.53,4,6,7,2,53,83,205,2,CIVIL,1
5.56,2,5,8,2,84,49,280,4,CSE,1
8.5,3,5,1,0,49,40,257,2,CIVIL,1
6.29,1,0,7,2,78,6,178,6,IT,1
8.46,4,3,3,1,98,69,422,6,IT,1
9.75,1,3,2,3,3,90,335,2,CSE,1
5.56,0,3,3,3,29,79,434,7,CSE,1
6.27,6,2,0,3,55,15,122,8,ECE,1
8.62,3,7,1,3,32,45,397,3,CIVIL,1
8.57,0,2,4,1,49,80,132,6,CSE,1
9.87,0,9,5,3,5,17,294,7,ECE,1
5.5,3,3,3,2,40,14,82,4,ECE,1
5.83,3,10,2,2,44,5,214,2,ECE,1
9.23,4,0,4,2,8,91,68,4,IT,1
9.04,4,3,8,2,47,98,192,6,MECH,1
9.33,4,4,4,1,90,61,464,4,CSE,1
7.16,5,7,1,2,89,64,484,2,MECH,1
9.21,4,0,2,1,73,43,425,7,ECE,1
7.5,0,9,0,1,16,77,121,4,ECE,1
6.28,6,1,4,0,44,49,276,3,ECE,1
6.97,5,1,6,0,18,36,443,6,IT,1
8.98,4,7,3,1,14,64,151,5,ECE,1
9.85,0,6,1,1,82,91,430,7,ECE,1
5.78,2,4,3,2,22,8,110,8,CIVIL,1
9.48,2,6,4,2,96,32,191,1,IT,1
7.2,4,2,3,1,83,89,169,4,ECE,1
5.7,6,1,0,0,43,42,495,5,CIVIL,1
5.71,2,0,4,3,58,40,486,8,MECH,1
9.02,5,5,2,3,85,12,246,3,CIVIL,1
9.3,2,2,0,3,95,32,60,6,ECE,1
7.2,2,5,1,2,31,43,99,1,IT,1
8.12,4,5,4,2,74,84,35,3,CSE,1
7.95,0,6,8,2,8,21,222,5,CIVIL,1
6.75,2,3,3,3,99,27,203,3,MECH,1
8.68,4,10,1,1,22,42,298,1,ECE,1
9.18,0,9,2,0,20,88,253,4,ECE,1
5.57,5,3,3,2,52,61,437,5,CIVIL,1
8.39,6,3,2,3,80,81,137,7,ECE,1
9.03,3,8,8,1,48,49,256,6,CSE,1
7.21,4,6,6,3,21,79,378,3,CIVIL,1
8.58,6,4,3,1,83,54,436,4,MECH,1
5.84,6,1,2,2,53,73,315,5,IT,1
9.79,4,9,8,2,56,60,185,5,CIVIL,1
6.76,0,8,8,1,3,91,475,6,IT,1
8.35,2,4,2,0,82,92,362,3,MECH,1
6.68,4,10,2,2,4,7,165,7,CIVIL,1
9.03,4,1,8,1,71,17,481,2,IT,1
5.88,3,2,6,3,46,23,38,5,MECH,1
8.15,6,10,2,0,100,85,273,2,IT,1
9.52,2,8,2,1,78,27,19,5,ECE,1
9.03,0,9,6,1,23,72,447,3,IT,1
8.77,4,0,6,0,23,73,235,5,MECH,1
9.27,0,2,3,0,4,34,218,6,IT,1
7.8,2,1,7,0,42,30,9,4,MECH,1
6.54,5,7,2,1,80,87,61,6,IT,1
7.67,4,0,8,3,89,96,480,2,IT,1
7.28,3,1,1,0,9,66,37,2,IT,1
9.8,5,5,0,3,98,32,494,3,CSE,1
9.88,2,8,7,1,83,88,415,4,CIVIL,1
7.37,1,3,7,0,76,18,118,7,CIVIL,1
8.54,3,0,3,3,46,62,12,7,MECH,1
6.09,1,0,2,2,94,23,70,2,CIVIL,0
9.12,4,5,5,1,37,69,355,6,ECE,1
7.09,1,7,3,2,13,55,257,8,IT,1
5.54,0,5,8,3,44,4,178,8,CIVIL,1
9.68,0,0,7,2,99,5,71,5,IT,1
6.93,0,0,6,0,39,49,254,4,CSE,1
8.66,1,6,2,2,1,95,127,3,ECE,1
7.6,1,7,1,1,79,32,459,1,MECH,1
6.61,6,1,8,3,47,29,303,8,CSE,1
6.57,5,9,6,0,91,74,164,3,CIVIL,1
5.8,5,5,8,1,66,30,27,7,MECH,1
7.94,6,1,5,2,63,44,396,7,CSE,1
5.71,1,7,3,3,50,3,193,7,IT,1
9.43,6,6,1,1,54,44,112,5,ECE,1
9.4,3,3,0,0,93,55,52,5,CIVIL,1
8.51,2,3,1,0,32,62,42,1,IT,1
9.86,4,7,3,2,39,87,70,6,MECH,1
9.09,6,8,8,2,74,10,478,8,CIVIL,1
8.28,4,0,3,1,92,52,220,6,ECE,1
7.45,1,1,3,3,4,10,400,1,ECE,1
7.39,4,10,4,2,43,21,333,4,IT,1
5.96,5,4,6,3,97,25,22,6,IT,1
7.44,4,2,7,1,18,91,380,8,ECE,1
9.11,0,8,4,3,66,95,197,1,IT,1
6.7,1,10,4,3,99,73,176,8,IT,1
5.67,6,2,0,2,82,56,93,5,ECE,1
7.18,2,10,7,1,85,18,31,5,ECE,1
8.73,5,6,0,1,23,43,48,4,ECE,1
8.48,2,6,1,0,88,45,193,4,ECE,1
9.04,2,9,0,2,43,72,303,7,MECH,1
7.55,0,5,3,1,62,6,321,5,IT,1
9.7,2,4,5,0,70,0,134,6,CIVIL,1
9.25,2,3,4,0,78,66,436,7,CSE,1
9.4,2,8,8,2,57,15,61,5,CIVIL,1
8.01,0,8,8,1,16,53,484,3,CIVIL,1
8.95,0,6,2,1,22,53,207,4,MECH,1
5.76,5,9,0,1,41,19,234,8,ECE,1
5.77,5,9,6,1,72,57,223,5,IT,1
7.17,2,2,5,2,64,41,302,3,IT,1
9.32,5,5,2,0,82,40,201,2,CSE,1
8.68,2,4,1,1,50,27,278,2,IT,1
7.73,3,5,2,0,69,67,242,6,CSE,1
6.14,0,4,8,0,13,93,262,8,ECE,1
6.11,6,9,0,1,63,1,239,5,ECE,1
9.77,3,2,7,2,25,34,165,1,CSE,1
7.83,5,4,0,1,87,58,460,3,IT,1
6.04,1,2,4,2,49,37,498,4,MECH,1
8.74,0,6,0,3,64,92,356,8,IT,1
7.27,6,5,3,1,4,14,186,8,CIVIL,1
6.7,3,10,0,1,95,91,329,2,IT,1
7.82,5,4,5,2,39,11,211,2,CSE,1
8.2,5,6,1,1,37,25,237,4,CIVIL,1
8.53,6,9,7,3,73,82,350,7,MECH,1
7.6,5,1,5,1,91,63,405,1,CIVIL,1
8.85,4,7,3,1,70,60,47,2,MECH,1
8.58,0,8,3,1,97,10,224,5,ECE,1
7.58,2,5,6,0,81,35,178,5,CSE,1
6.65,3,3,1,1,39,65,69,2,MECH,1
9.41,6,0,0,0,39,35,87,3,ECE,1
6.54,0,2,0,3,57,77,250,5,IT,1
9.4,2,0,2,3,18,82,54,1,CSE,1
8.54,1,2,6,1,39,68,250,6,ECE,1
9.0,6,1,5,2,36,39,228,2,ECE,1
5.85,4,7,8,0,80,47,392,7,CSE,1
5.75,0,5,0,2,78,37,477,7,CSE,1
8.04,0,7,1,2,58,66,346,7,IT,1
9.25,0,9,7,1,75,58,280,5,CIVIL,1
8.12,1,2,1,2,2,7,478,5,IT,1
6.02,5,8,5,3,32,81,336,5,CIVIL,1
9.05,0,10,1,3,59,38,249,4,ECE,1
6.95,3,3,2,0,0,53,183,5,CSE,1
9.06,6,5,8,2,43,92,332,5,ECE,1
6.31,3,6,4,3,81,85,149,7,ECE,1
9.81,5,0,2,2,9,84,236,5,IT,1
5.85,2,9,5,2,40,17,159,4,IT,1
7.45,6,0,7,3,12,92,285,5,IT,1
6.84,1,6,4,3,25,62,271,2,MECH,1
10.0,5,8,8,3,83,32,389,6,CIVIL,1
9.69,5,2,0,0,33,73,415,5,MECH,1
8.39,4,8,5,2,58,9,405,8,MECH,1
6.62,0,9,5,3,1,29,258,6,IT,1
8.31,3,7,3,2,74,100,177,2,ECE,1
9.12,3,2,6,2,67,31,412,6,IT,1
9.78,6,9,3,1,3,41,117,3,CSE,1
6.97,1,5,1,3,48,43,2,6,CSE,1
6.36,5,3,1,2,42,75,83,5,MECH,1
6.36,6,2,3,2,28,23,240,7,CSE,1
9.06,6,1,1,1,94,33,183,8,MECH,1
6.13,5,8,7,2,34,60,417,7,ECE,1
7.24,0,9,5,2,32,91,49,2,CIVIL,1
6.46,0,5,6,1,81,8,350,4,IT,1
8.83,1,1,1,0,33,13,196,1,IT,1
6.46,4,6,8,2,40,78,322,3,CIVIL,1
9.25,4,10,4,2,93,0,347,5,MECH,1
5.59,1,0,6,1,39,50,337,8,MECH,0
8.35,1,5,8,1,89,45,246,4,MECH,1
6.5,6,3,1,0,5,87,71,8,CSE,1
5.63,2,7,3,0,73,13,374,7,ECE,1
6.73,2,4,6,1,62,57,164,1,ECE,1
5.92,0,3,7,1,72,14,211,1,CSE,1
9.66,1,7,7,0,58,74,301,3,CSE,1
6.1,0,6,1,3,87,61,178,2,ECE,1
7.06,4,2,2,0,45,72,466,5,MECH,1
8.43,6,0,1,1,13,24,228,1,IT,1
5.75,6,10,5,2,8,19,95,4,CSE,1
9.26,1,0,1,3,99,41,346,2,ECE,1
5.85,2,1,2,1,86,45,144,6,CSE,1
8.7,2,9,0,3,66,25,318,7,MECH,1
6.29,1,4,5,3,66,69,300,1,CIVIL,1
8.59,1,10,0,1,26,4,156,4,CIVIL,1
8.46,2,9,5,2,8,94,187,3,MECH,1
8.67,3,6,6,2,93,32,163,8,CSE,1
6.41,5,2,2,3,1,89,291,8,CIVIL,1
7.1,4,0,1,2,86,65,8,2,IT,1
7.27,1,8,7,3,58,33,488,1,IT,1
9.46,3,5,8,0,35,41,208,6,IT,1
7.59,1,2,0,2,81,11,223,2,MECH,1
9.35,3,9,0,2,2,33,257,4,IT,1
9.14,3,1,0,1,17,22,288,5,MECH,0
7.93,6,10,6,3,73,96,112,6,ECE,1
9.4,2,10,8,3,1,44,424,4,ECE,1
8.07,2,7,1,1,2,94,230,1,CIVIL,1
8.74,0,0,5,0,75,8,130,2,CSE,1
8.29,1,0,2,0,50,61,140,5,IT,0
8.13,2,4,5,1,73,55,76,7,IT,1
6.97,6,10,8,3,61,11,391,5,MECH,1
7.65,6,0,6,0,10,50,252,4,ECE,1
9.21,5,10,6,3,92,68,383,7,ECE,1
5.87,3,2,8,3,13,67,495,3,ECE,1
7.42,4,10,8,3,96,35,161,7,IT,1
8.3,0,5,3,3,27,49,80,2,MECH,1
7.73,0,9,5,2,18,79,243,4,CSE,1
9.13,3,7,7,0,35,28,482,7,MECH,1
7.14,0,5,3,1,86,46,493,1,MECH,1
8.67,5,10,7,1,82,86,113,4,MECH,1
6.04,4,3,0,0,97,67,304,3,ECE,1
7.7,1,10,3,1,66,92,282,7,ECE,1
8.22,0,6,1,3,5,90,94,4,MECH,1
7.27,2,2,2,0,73,39,1,1,CIVIL,1
7.5,1,7,5,1,24,55,383,2,IT,1
9.71,0,1,7,2,95,54,348,1,IT,1
6.07,5,1,8,2,1,88,244,3,ECE,1
6.49,2,5,2,0,2,9,167,5,IT,1
8.11,4,10,4,3,6,94,392,4,CSE,1
6.57,6,4,1,1,60,14,139,7,MECH,1
8.58,0,3,7,1,95,77,391,5,MECH,1
6.89,3,2,8,0,33,70,436,8,MECH,1
5.65,4,10,7,2,29,64,324,5,ECE,1
9.25,3,0,7,3,15,30,404,5,MECH,1
5.93,0,3,2,2,51,39,403,3,CSE,1
6.61,0,0,6,0,96,44,163,1,ECE,1
8.76,5,0,7,0,51,21,190,5,IT,1
9.7,2,0,4,1,31,15,484,6,IT,1
6.76,5,7,5,0,58,57,238,3,ECE,1
7.12,6,6,4,0,21,62,475,8,CIVIL,1
8.92,3,3,5,1,81,36,193,8,CSE,1
6.38,1,7,8,0,89,52,265,2,MECH,1
7.54,0,1,8,0,59,42,330,7,CIVIL,1
9.88,2,3,1,2,40,79,417,2,CIVIL,1
9.17,1,9,6,0,53,17,84,8,IT,1
8.94,3,8,1,0,62,12,53,7,IT,1
8.96,1,3,8,0,5,12,250,5,MECH,1
5.89,3,1,1,2,87,79,492,8,ECE,1
5.83,5,9,2,1,0,54,366,2,IT,1
7.05,4,8,8,2,27,32,361,6,CSE,1
8.79,5,10,6,1,54,99,459,2,ECE,1
9.99,6,9,1,2,94,34,85,4,CSE,1
5.69,5,2,6,1,7,30,236,2,CSE,1
8.91,6,2,4,3,44,49,97,4,ECE,1
7.91,2,4,3,2,38,46,266,5,ECE,1
5.78,2,5,6,2,7,95,152,1,CSE,1
6.4,6,7,6,3,4,44,118,2,CIVIL,1
7.64,5,1,0,3,61,69,120,3,IT,1
8.84,3,7,1,0,27,9,367,1,MECH,1
9.85,6,2,8,1,92,84,425,1,CSE,1
9.34,1,10,6,2,24,80,197,6,CSE,1
8.02,4,9,0,3,59,53,381,7,ECE,1
9.62,2,2,8,3,19,35,470,1,CIVIL,1
7.85,2,7,1,3,20,37,242,1,MECH,1
6.17,0,5,2,2,44,6,117,4,CSE,1
5.61,0,8,1,0,26,44,50,5,CSE,1
7.33,5,10,1,1,57,25,457,5,MECH,1
8.23,2,3,2,3,77,92,83,7,CSE,1
9.98,2,7,2,3,30,10,406,3,MECH,1
9.31,6,10,8,2,37,72,81,1,MECH,1
6.85,5,9,8,3,93,100,401,6,MECH,1
8.28,0,4,8,1,31,66,475,6,MECH,1
7.38,3,6,0,3,93,16,104,7,ECE,1
6.09,4,1,1,2,23,12,56,4,CSE,1
9.14,4,1,6,3,58,83,82,2,ECE,1
6.04,1,2,4,2,79,26,467,6,ECE,1
6.19,0,9,6,1,13,19,253,5,MECH,1
9.86,5,8,3,2,31,3,462,2,CSE,1
6.84,4,5,7,1,23,15,1,2,MECH,1
6.6,3,7,2,0,67,37,247,6,IT,1
6.88,3,6,2,0,87,8,45,2,ECE,1
6.71,4,10,3,0,30,66,4,7,IT,1
7.91,6,8,7,0,24,66,223,6,IT,1
9.84,2,4,4,2,88,22,160,4,CIVIL,1
7.81,6,7,7,3,47,81,148,2,IT,1
9.09,4,9,8,2,7,24,100,7,CSE,1
9.23,4,6,6,3,48,18,97,7,IT,1
9.45,2,5,8,3,92,81,438,4,IT,1
9.01,4,0,4,2,100,34,341,6,ECE,1
8.6,6,0,4,3,23,46,184,3,MECH,1
8.78,0,0,4,0,13,53,404,1,ECE,1
6.82,3,0,1,3,6,59,125,5,IT,1
9.89,3,2,3,1,42,100,211,6,ECE,1
7.02,0,5,7,3,0,17,36,1,ECE,1
9.97,0,1,0,2,3,54,446,6,MECH,1
7.92,1,0,8,0,62,92,2,5,IT,1
6.63,0,3,7,2,46,45,410,5,ECE,1
7.38,1,3,4,3,93,32,255,7,IT,1
6.44,3,7,5,1,44,72,165,6,IT,1
8.33,4,5,7,3,77,90,371,6,IT,1
9.37,0,4,1,1,22,61,275,6,ECE,1
8.84,2,10,8,0,21,67,68,8,CSE,1
7.32,5,2,8,3,59,21,285,3,IT,1
8.91,5,2,5,1,18,72,195,7,CSE,1
5.77,1,2,1,2,26,75,398,7,CIVIL,1
9.53,1,3,4,1,82,94,196,3,IT,1
6.22,0,10,5,2,15,39,171,5,CIVIL,1
6.29,6,10,6,1,10,91,149,6,CSE,1
5.58,0,0,4,1,75,55,26,4,CSE,1
9.86,4,6,5,2,5,95,403,3,ECE,1
8.97,0,3,1,2,15,20,482,3,CIVIL,1
8.46,5,7,0,3,18,74,487,1,CIVIL,1
8.5,1,6,2,1,75,9,229,7,MECH,1
8.16,5,3,4,2,42,15,193,3,CSE,1
6.21,4,0,6,2,72,3,214,7,MECH,1
6.51,4,4,7,0,45,54,415,4,CIVIL,1
6.85,2,10,6,0,14,84,253,7,CIVIL,1
9.52,0,8,8,1,1,80,63,3,ECE,1
5.98,0,3,5,1,18,48,459,4,IT,0
7.25,0,10,4,2,41,100,160,6,ECE,1
5.82,6,5,3,3,68,89,241,6,CSE,1
5.73,2,10,1,0,24,100,137,2,MECH,0
9.78,6,10,7,2,84,21,399,5,MECH,1
7.47,6,10,2,0,61,69,88,6,ECE,1
8.12,2,4,3,0,73,4,7,1,ECE,1
8.39,0,8,5,2,66,35,409,8,ECE,1
9.3,3,3,0,2,78,65,107,5,ECE,1
5.78,4,5,3,3,49,23,488,1,IT,1
8.94,5,6,2,3,87,23,248,7,CSE,1
7.26,4,7,8,0,52,98,44,8,MECH,1
7.7,3,9,1,1,20,56,195,7,IT,1
8.05,6,7,0,3,28,41,300,7,CSE,1
7.27,2,1,2,2,22,32,188,2,CIVIL,1
8.13,5,0,7,0,91,73,202,3,IT,1
8.42,2,1,3,1,86,86,401,4,CIVIL,1
7.01,0,6,8,2,87,2,368,1,CSE,1
8.23,4,4,8,3,66,43,321,1,CSE,1
9.91,3,7,8,2,87,25,136,6,MECH,1
7.72,3,6,1,2,77,36,137,5,ECE,1
7.38,0,4,4,0,36,1,210,6,CSE,0
9.41,5,1,4,0,59,5,215,3,MECH,1
9.4,5,6,0,3,7,41,442,7,IT,1
6.81,1,4,1,0,82,93,339,6,ECE,1
8.46,4,1,3,1,73,37,468,1,CIVIL,1
8.3,5,6,4,2,74,42,412,2,IT,1
6.88,3,0,6,1,63,91,284,3,ECE,1
7.03,1,7,1,0,91,23,232,7,CSE,1
6.24,0,4,8,1,95,27,89,2,IT,1
8.09,1,7,2,2,44,61,63,2,CIVIL,1
5.67,6,1,5,3,50,71,498,1,ECE,1
9.55,4,6,5,0,60,63,309,1,IT,1
9.37,5,1,3,1,84,81,139,5,CIVIL,1
9.21,4,6,3,3,38,94,128,3,CIVIL,1
6.4,5,3,1,0,92,70,185,6,ECE,1
6.52,1,9,6,1,62,7,406,4,ECE,1
9.64,6,4,8,1,38,74,272,5,MECH,1
7.67,0,8,4,2,10,67,29,8,CIVIL,1
6.33,1,10,5,0,16,73,315,8,MECH,1
6.85,0,1,8,2,89,13,360,4,CIVIL,1
6.2,2,2,2,1,43,72,48,7,IT,1
9.56,0,5,8,1,57,99,154,8,IT,1
6.18,3,10,5,2,30,22,492,1,ECE,1
5.9,5,6,4,3,79,96,236,6,CSE,1
7.67,2,1,2,3,40,1,367,8,CIVIL,1
8.72,3,5,6,2,94,34,96,8,IT,1
9.93,3,6,6,0,6,26,190,2,MECH,1
8.98,4,6,6,1,12,99,313,4,IT,1
7.32,6,4,0,0,62,87,241,5,CSE,1
9.78,1,10,3,2,43,57,141,5,IT,1
6.59,0,4,3,0,48,96,174,3,CIVIL,1
7.25,5,8,2,3,74,55,29,5,MECH,1
5.87,3,8,6,3,41,80,133,6,CSE,1
9.94,5,2,6,2,75,33,100,2,MECH,1
9.55,2,7,4,0,63,76,259,3,IT,1
8.15,0,2,0,2,67,41,291,2,CSE,1
5.96,0,10,6,3,17,66,283,2,ECE,1
6.84,1,5,3,0,14,26,299,6,CIVIL,1
8.94,4,1,2,1,88,63,242,7,CIVIL,1
7.21,1,5,3,3,28,79,423,4,MECH,1
5.77,5,4,6,2,43,4,209,4,CSE,1
9.31,2,4,5,3,42,57,42,7,CSE,1
5.62,0,2,1,2,50,97,48,5,ECE,1
5.95,6,10,6,3,76,0,266,6,CIVIL,1
6.95,1,1,3,2,100,9,436,4,IT,1
6.62,2,2,8,0,40,79,321,8,MECH,1
8.24,0,5,1,0,47,19,219,5,CIVIL,1
7.92,6,4,7,2,38,51,388,3,CIVIL,1
8.15,4,3,4,1,48,24,479,3,ECE,1
6.32,2,3,3,0,89,55,4,7,CIVIL,1
9.35,4,8,1,2,88,54,497,2,ECE,1
6.3,0,2,5,2,30,7,153,7,MECH,1
7.02,3,6,5,0,75,12,434,6,CSE,1
7.14,4,10,4,1,70,89,98,8,MECH,1
8.88,1,1,3,0,83,24,176,5,IT,1
6.94,5,0,2,0,88,84,28,2,MECH,1
6.22,0,5,1,2,70,18,29,1,MECH,1
8.0,5,4,8,0,43,18,229,5,ECE,1
8.25,5,8,7,2,99,66,269,2,ECE,1
5.54,6,8,6,2,49,57,165,6,ECE,1
7.12,2,6,2,3,87,16,368,3,IT,1
9.37,4,3,1,0,5,3,207,7,CSE,1
9.43,4,4,3,2,13,0,409,5,CIVIL,1
5.9,2,1,4,0,43,79,91,5,IT,1
6.21,4,8,4,1,77,26,132,6,CSE,1
7.81,4,10,3,1,97,93,70,5,ECE,1
7.92,2,7,0,2,49,47,22,8,IT,1
6.89,6,8,4,2,98,39,259,5,MECH,1
6.09,4,9,5,3,0,6,286,8,MECH,1
6.09,4,4,5,1,52,44,11,3,CSE,1
6.28,4,10,1,2,98,14,414,7,CIVIL,1
9.54,5,6,7,1,6,1,107,7,MECH,1
7.63,5,7,8,2,7,12,4,6,MECH,1
6.96,5,7,0,2,49,97,317,2,ECE,1
8.46,2,8,1,0,16,85,120,6,ECE,1
9.18,4,4,7,2,87,96,212,7,IT,1
9.17,0,5,0,3,8,6,279,7,CSE,1
7.93,3,1,1,3,97,78,157,1,MECH,1
9.06,6,10,1,2,78,77,142,1,CIVIL,1
7.73,6,6,4,3,13,30,360,7,ECE,1
8.98,3,10,2,1,21,32,216,1,CSE,1
6.6,3,9,6,1,67,64,99,1,IT,1
5.9,6,9,1,2,95,80,438,7,CIVIL,1
6.72,6,6,7,2,74,35,130,4,ECE,1
6.84,3,1,4,0,51,93,29,6,MECH,1
8.31,3,0,4,0,16,31,307,8,MECH,1
9.37,6,8,7,2,37,78,456,6,CSE,1
9.16,5,9,5,2,4,15,220,3,IT,1
9.23,2,5,5,3,69,53,161,8,ECE,1
8.29,3,3,6,1,46,29,221,7,IT,1
9.77,1,8,8,0,77,54,189,6,CSE,1
5.78,5,5,4,2,60,11,421,6,MECH,1
8.36,0,1,8,0,89,11,177,1,ECE,1
9.14,0,7,3,1,0,75,354,3,CIVIL,1
5.55,4,8,0,0,98,64,252,8,ECE,1
9.25,5,5,3,0,61,75,478,7,ECE,1
9.16,3,3,1,3,30,12,238,8,ECE,1
5.87,4,7,1,1,92,24,148,4,CSE,1
8.1,6,5,7,0,93,61,236,1,ECE,1
9.89,3,7,4,0,53,81,305,1,ECE,1
9.52,1,4,0,2,20,10,335,7,ECE,1
9.02,5,1,3,0,86,11,11,3,ECE,1
9.6,0,4,7,1,92,58,73,3,CSE,1
7.17,2,2,4,0,74,48,83,1,ECE,1
9.09,1,6,7,2,55,77,282,3,CIVIL,1
9.19,0,10,3,3,90,71,122,5,CIVIL,1
7.96,5,1,0,0,12,12,14,4,IT,1
5.99,4,0,8,3,45,62,490,7,CIVIL,1
8.04,0,1,6,0,38,13,123,8,CIVIL,1
7.24,5,7,6,3,12,6,361,3,CSE,1
7.52,2,0,8,0,63,26,308,1,CIVIL,1
7.77,5,7,1,3,63,89,16,7,CSE,1
7.55,5,10,5,2,100,42,218,7,ECE,1
7.08,1,10,5,3,85,50,24,4,CSE,1
5.8,3,6,0,0,51,2,182,1,IT,1
8.36,5,9,6,3,72,4,302,6,ECE,1
8.41,3,3,7,3,46,52,84,1,CIVIL,1
8.01,3,6,0,1,61,72,31,5,ECE,1
9.51,2,7,2,0,34,93,91,1,ECE,1
6.98,5,8,5,0,35,84,317,4,IT,1
9.72,1,8,4,2,44,62,164,2,CIVIL,1
9.51,5,2,6,3,87,95,243,3,IT,1
9.09,6,8,2,3,79,81,395,8,ECE,1
7.64,4,1,4,0,37,54,91,6,CIVIL,1
7.7,2,2,3,0,65,31,189,3,CSE,1
9.94,4,5,8,3,24,29,2,7,ECE,1
7.79,3,4,1,1,67,55,208,1,ECE,1
9.78,1,4,1,0,75,36,426,7,ECE,1
7.49,1,10,2,0,8,46,433,1,ECE,1
8.94,2,7,0,0,69,4,78,6,CIVIL,1
7.23,4,1,2,0,99,93,474,2,ECE,1
9.05,1,8,4,3,30,15,432,1,CSE,1
6.86,0,0,4,2,51,46,68,1,MECH,1
8.54,6,7,7,1,3,31,93,4,CIVIL,1
8.15,3,4,4,3,37,90,168,2,MECH,1
8.67,6,5,8,3,75,81,331,4,ECE,1
8.76,5,8,7,0,9,68,408,7,ECE,1
7.06,1,7,0,2,55,22,79,2,IT,1
6.22,2,2,5,1,5,9,65,4,ECE,1
7.84,5,5,6,2,79,34,373,5,MECH,1
8.62,2,7,4,3,13,93,253,8,CIVIL,1
6.94,4,3,7,2,60,4,366,7,ECE,1
8.58,2,1,7,3,68,27,266,6,IT,1
7.83,5,1,2,1,31,16,281,6,CSE,1
7.12,1,0,3,1,63,54,222,4,CSE,1
9.15,4,8,2,0,15,4,120,8,IT,1
8.55,2,0,5,2,64,59,315,4,IT,1
7.89,6,6,8,3,18,24,165,5,MECH,1
9.32,3,2,6,2,47,69,475,2,IT,1
7.89,3,2,5,2,77,0,387,5,ECE,1
5.77,5,10,0,0,98,46,91,3,ECE,1
7.46,3,10,6,0,49,27,43,7,ECE,1
9.55,4,1,7,3,70,59,397,7,IT,1
9.1,4,2,3,0,6,96,190,1,CSE,1
8.87,0,0,0,1,59,97,423,5,MECH,1
8.67,1,1,4,2,44,49,100,6,IT,1
7.6,0,5,7,0,48,46,276,7,CSE,1
8.93,0,10,7,3,15,54,132,8,IT,1
6.01,3,8,0,0,41,88,493,7,IT,1
7.31,4,0,4,0,31,34,27,6,CIVIL,1
7.85,3,2,6,0,70,13,486,3,IT,1
8.19,2,3,5,0,14,46,209,8,MECH,1
6.8,4,6,6,2,35,85,450,6,CIVIL,1
5.82,3,6,7,2,100,66,129,5,IT,1
9.62,4,8,6,0,58,61,360,7,CIVIL,1
5.83,4,1,6,0,75,17,348,5,CIVIL,1
5.87,2,5,1,2,88,49,361,5,MECH,1
6.32,4,9,0,3,59,13,429,5,CSE,1
9.94,5,8,1,2,90,100,18,4,IT,1
6.21,6,3,6,1,17,30,409,3,CIVIL,1
6.1,6,2,0,2,45,74,123,6,CIVIL,1
7.83,1,5,5,1,91,37,56,7,MECH,1
6.28,0,9,6,2,97,47,182,1,ECE,1
8.93,2,4,3,0,50,41,372,7,MECH,1
5.75,1,7,4,1,96,60,477,8,ECE,1
6.2,6,2,3,2,59,11,148,2,ECE,1
9.11,1,5,0,0,45,75,93,4,ECE,1
6.95,5,6,1,0,67,73,300,5,ECE,1
7.66,2,5,6,0,42,92,465,3,CIVIL,1
7.32,4,10,0,1,61,31,213,6,IT,1
9.81,3,2,5,1,56,66,317,4,IT,1
8.55,1,9,4,3,83,49,481,4,ECE,1
8.17,1,5,7,2,78,100,469,7,MECH,1
8.42,3,9,7,2,64,94,307,1,ECE,1
8.83,1,9,8,1,89,25,250,3,IT,1
8.29,6,9,8,2,85,13,139,8,CIVIL,1
8.77,0,7,4,0,87,8,397,4,ECE,1
7.57,3,0,6,1,82,63,266,4,IT,1
8.92,6,3,6,1,31,79,54,4,ECE,1
7.94,0,1,6,2,24,37,106,8,CIVIL,1
6.68,5,3,0,3,21,59,253,2,ECE,1
9.53,0,6,4,0,70,21,169,6,CIVIL,1
8.64,6,1,0,1,35,1,95,4,IT,1
6.88,3,9,0,1,79,65,149,4,ECE,1
7.81,6,4,2,1,78,4,212,2,IT,1
6.54,6,10,4,1,0,47,466,8,CIVIL,1
7.27,6,0,1,2,28,21,328,3,ECE,1
8.75,6,10,4,0,100,47,495,2,CIVIL,1
9.66,4,5,8,1,53,74,248,7,ECE,1
8.47,5,0,8,2,69,27,341,4,IT,1
7.93,4,1,3,1,68,69,52,3,MECH,1
7.02,0,4,2,0,72,6,283,2,CSE,0
9.1,0,5,3,2,43,77,148,8,CIVIL,0
9.02,5,1,8,3,1,59,278,5,CIVIL,1
7.46,4,4,8,0,94,66,2,6,CIVIL,1
8.66,1,10,2,1,31,16,78,6,ECE,1
9.15,0,5,8,0,68,20,278,7,ECE,1
8.56,6,9,8,2,14,56,112,5,CIVIL,1
7.77,4,2,3,2,62,22,134,8,ECE,1
9.37,3,10,6,0,42,40,144,8,ECE,1
9.61,6,5,6,2,85,13,232,5,CSE,1
9.27,1,8,2,0,9,74,318,6,CSE,1
7.36,3,4,5,3,50,9,241,6,CIVIL,1
7.76,1,8,3,0,45,100,390,1,CIVIL,1
8.06,4,1,1,3,69,6,123,8,MECH,1
7.7,4,1,4,1,86,50,60,7,CSE,1
7.01,4,10,7,3,38,1,351,2,ECE,1
9.85,0,8,6,0,87,64,57,1,ECE,1
7.84,5,2,3,0,81,88,306,2,ECE,1
8.61,2,3,0,3,38,30,496,5,CSE,1
7.29,2,10,8,2,44,56,336,7,MECH,1
8.76,5,0,0,0,8,93,236,4,MECH,1
5.69,0,1,7,1,55,33,5,1,MECH,1
6.06,1,1,4,1,18,56,329,3,ECE,1
8.54,4,8,5,2,20,27,192,4,IT,1
9.67,6,5,6,2,4,92,333,4,CSE,1
8.37,0,9,2,1,20,89,40,8,IT,1
6.49,2,6,1,2,37,4,319,1,MECH,0
8.77,6,5,0,1,2,58,376,7,ECE,1
6.79,2,5,8,2,10,82,329,5,CSE,1
8.74,5,10,6,1,89,63,488,1,CIVIL,1
8.2,4,3,7,0,12,13,370,7,IT,1
7.84,6,7,4,3,51,93,300,7,CSE,1
5.92,6,5,4,2,36,11,321,2,CIVIL,1
6.1,3,2,2,3,96,12,382,7,CIVIL,1
8.66,6,2,8,1,89,3,163,7,IT,1
7.55,6,0,3,2,52,14,342,5,CIVIL,1
8.66,6,0,1,3,50,78,410,7,MECH,1
9.38,0,0,3,0,58,9,313,5,ECE,1
8.69,5,10,0,3,20,49,89,6,ECE,1
6.75,6,9,5,0,1,18,55,7,ECE,1
6.16,0,5,1,2,94,45,243,8,MECH,1
6.69,6,7,0,1,33,55,478,2,MECH,1
6.09,0,4,5,0,61,79,393,2,ECE,1
6.18,0,2,2,3,19,29,42,8,CSE,1
6.52,6,0,8,2,55,34,396,8,MECH,1
5.7,4,4,1,1,74,26,213,8,CIVIL,1
5.94,2,8,1,0,45,67,150,2,MECH,1
7.66,3,4,7,1,1,29,240,4,CSE,1
7.9,2,1,2,2,27,31,308,2,IT,1
5.89,6,6,3,0,85,32,231,1,ECE,1
8.57,5,1,1,0,68,68,284,4,ECE,1
6.35,3,0,2,2,77,0,4,2,IT,1
8.25,0,7,8,2,8,21,247,2,CSE,1
8.45,3,7,8,3,61,51,122,7,MECH,1
6.05,4,5,4,3,28,72,37,7,IT,1
9.99,2,1,3,0,79,4,219,1,ECE,1
9.85,0,9,1,2,20,4,358,6,CSE,1
5.55,1,0,2,2,84,84,2,4,IT,1
7.11,5,8,0,0,85,24,220,1,CIVIL,1
8.19,3,6,2,2,40,39,375,1,ECE,1
8.14,0,0,4,1,71,65,129,4,ECE,1
7.73,3,1,3,0,20,10,382,8,CSE,1
7.39,0,3,3,3,35,87,456,4,CSE,1
7.4,4,2,5,1,46,33,226,1,CIVIL,1
8.16,3,1,6,2,40,60,311,6,IT,1
7.59,6,5,3,0,82,26,465,3,CSE,1
7.01,0,8,2,1,29,54,3,7,CIVIL,1
7.51,4,3,4,2,53,20,135,2,IT,1
7.14,4,0,2,0,32,67,361,1,CIVIL,1
9.84,2,7,4,1,47,95,229,8,ECE,1
6.24,5,5,1,0,23,4,37,1,CSE,1
8.9,0,0,0,0,61,44,417,8,ECE,1
9.89,5,9,2,1,5,27,153,3,ECE,1
6.98,5,3,8,3,27,59,35,8,CIVIL,1
9.63,3,4,3,2,67,30,269,3,CIVIL,1
7.59,1,2,0,0,96,43,55,5,CIVIL,0
9.05,6,1,4,3,58,68,7,2,CIVIL,1
8.25,4,0,5,2,1,23,45,6,IT,1
6.48,1,1,8,2,44,1,349,1,CSE,1
7.4,2,1,1,2,77,68,350,1,MECH,1
8.03,1,8,4,0,98,71,460,6,CSE,1
6.32,6,10,7,2,31,53,445,7,ECE,1
8.59,4,4,8,0,51,98,325,2,MECH,1
6.26,0,1,7,2,38,65,469,5,CSE,1
5.81,5,1,8,0,100,98,70,1,ECE,1
9.98,1,1,0,1,64,69,249,6,MECH,1
9.78,3,6,2,3,77,69,74,8,CIVIL,1
7.96,2,5,2,0,78,39,396,4,ECE,1
9.0,3,5,6,2,84,99,251,1,ECE,1
7.31,0,2,3,2,80,23,293,3,CSE,1
9.33,0,3,4,3,55,14,365,8,CIVIL,1
8.1,4,8,8,2,100,25,222,5,ECE,1
9.55,0,9,1,2,18,4,280,3,CIVIL,1
6.99,6,10,2,2,78,46,343,8,ECE,1
7.16,2,9,5,3,92,52,277,3,CIVIL,1
7.4,3,10,2,3,18,4,252,6,CIVIL,1
8.63,1,7,3,3,8,72,340,7,MECH,1
8.22,0,8,2,1,50,53,30,6,ECE,1
8.69,3,7,5,0,42,55,419,1,MECH,1
6.12,4,0,8,2,96,25,186,5,IT,1
8.55,2,6,7,2,15,76,421,8,CIVIL,1
5.62,2,0,5,1,22,12,228,5,CSE,1
8.08,1,5,0,1,64,81,360,4,ECE,1
6.68,5,5,3,2,90,5,211,3,ECE,1
7.21,1,6,0,2,12,36,155,6,CSE,1
9.87,5,3,5,1,92,79,191,3,CIVIL,1
6.72,3,6,5,2,86,45,389,7,CSE,1
8.05,4,3,5,0,29,64,0,3,IT,1
8.4,6,3,3,1,5,53,320,3,CSE,1
8.61,6,9,6,3,15,14,130,6,MECH,1
9.57,5,4,3,0,77,70,200,4,IT,1
7.89,4,4,6,1,17,42,224,2,ECE,1
9.26,2,0,1,3,34,1,241,8,IT,1
8.79,4,5,5,1,56,47,443,2,ECE,1
7.4,5,9,8,3,53,78,97,1,CSE,1
6.83,1,8,4,2,19,44,421,2,ECE,1
9.98,3,3,2,3,66,60,27,8,MECH,1
6.06,1,6,3,0,11,80,62,6,MECH,1
7.36,2,6,4,2,53,40,364,2,ECE,1
7.08,3,9,2,1,20,30,434,5,IT,1
6.38,1,9,1,3,23,53,433,4,CSE,1
5.56,5,7,5,1,25,100,167,8,IT,1
8.87,4,7,7,1,49,11,33,4,IT,1
6.45,4,9,1,1,22,27,195,7,ECE,1
9.71,5,4,8,3,57,5,414,3,CSE,1
6.74,4,0,8,3,55,53,496,7,IT,1
6.9,3,1,0,0,100,10,373,3,CSE,1
6.65,0,8,2,1,17,99,298,5,MECH,1
9.31,0,10,7,1,18,12,7,4,CSE,1
6.83,4,0,5,2,95,75,101,4,CSE,1
6.87,4,4,7,3,57,37,261,6,CIVIL,1
6.61,6,1,5,1,91,38,34,6,CSE,1
5.82,0,4,8,1,81,49,401,6,IT,1
9.38,3,4,2,0,50,17,444,4,CSE,1
7.73,6,7,8,3,60,27,451,4,IT,1
5.72,4,6,8,0,96,37,145,4,CSE,1
8.79,1,3,8,0,89,10,229,1,IT,1
8.72,5,0,5,3,58,98,198,6,MECH,1
7.46,1,0,3,1,44,53,263,7,CSE,1
6.24,3,3,7,2,5,42,283,1,IT,1
8.76,1,8,4,3,77,5,419,7,CIVIL,1
5.74,0,5,5,0,33,87,298,6,CIVIL,1
7.73,3,0,2,1,5,68,20,3,CIVIL,1
6.19,0,8,4,2,18,67,346,7,MECH,1
9.94,6,9,4,1,89,80,32,4,IT,1
6.36,1,3,3,0,11,18,115,1,ECE,1
8.23,3,8,6,2,19,6,120,8,ECE,1
8.82,6,0,0,2,99,53,26,1,CIVIL,1
9.6,2,0,1,0,21,32,314,6,MECH,1
8.77,3,6,0,0,87,28,280,7,IT,1
7.26,5,10,8,3,28,53,151,4,IT,1
8.99,2,10,4,2,87,85,354,7,IT,1
6.8,0,7,8,3,22,19,73,6,CSE,1
9.72,2,10,0,0,68,97,14,3,ECE,1
6.76,2,2,2,1,12,8,359,6,CSE,1
7.45,2,0,5,0,47,77,284,5,ECE,1
8.43,4,4,8,0,83,93,153,2,CSE,1
7.96,0,5,1,2,52,17,233,6,ECE,1
9.02,0,10,6,2,53,43,214,3,IT,1
8.91,2,6,5,2,15,66,351,1,CSE,1
6.27,0,8,8,3,14,38,54,7,IT,1
6.56,5,4,7,3,95,29,61,1,MECH,1
6.34,2,8,0,1,0,11,379,3,IT,1
8.93,0,10,6,3,19,12,40,8,IT,1
8.57,3,6,1,2,43,37,369,7,CSE,1
9.03,0,1,8,1,25,85,391,2,IT,1
8.21,5,9,1,3,39,33,250,2,CSE,1
6.3,3,8,1,3,72,93,105,2,ECE,1
9.36,5,9,2,0,76,65,215,1,MECH,1
9.71,0,10,8,0,19,43,373,8,MECH,1
9.26,2,3,5,3,13,76,179,2,IT,1
5.52,1,3,4,1,11,83,0,7,CSE,1
5.71,5,7,2,2,78,86,346,5,IT,1
7.09,1,4,0,1,32,43,423,5,CIVIL,1
8.13,4,1,4,3,79,77,356,3,ECE,1
7.72,3,2,0,3,48,68,255,6,IT,1
7.21,4,1,2,2,85,46,497,8,CIVIL,1
8.41,3,7,5,2,92,53,320,6,ECE,1
8.53,4,5,0,0,41,5,400,8,CIVIL,1
8.21,0,5,1,3,22,48,121,8,IT,1
9.9,1,6,0,2,8,72,211,4,ECE,1
8.34,3,1,3,1,16,97,439,2,CSE,1
7.67,6,3,7,3,52,97,140,2,MECH,1
5.65,6,6,8,0,30,100,313,1,CIVIL,1
6.13,5,2,4,3,32,81,87,5,IT,1
6.89,0,10,3,2,33,43,462,6,ECE,1
8.75,3,5,2,0,5,91,79,1,CSE,1
6.55,0,7,3,3,92,55,317,3,MECH,1
6.18,6,9,1,3,73,77,276,5,CIVIL,1
6.44,4,10,1,1,26,62,454,5,CIVIL,1
8.44,6,8,5,3,28,49,499,8,IT,1
5.65,3,7,7,2,47,36,346,5,CIVIL,1
8.94,4,9,2,2,56,57,291,1,MECH,1
9.88,4,2,7,1,74,37,52,6,CSE,1
5.51,2,6,5,3,89,11,332,1,MECH,1
6.64,6,10,0,2,8,36,251,7,IT,1
8.02,0,9,6,3,41,71,160,8,CIVIL,1
9.03,3,2,1,3,60,6,305,7,MECH,1
5.76,0,8,6,0,93,35,325,7,ECE,1
9.56,4,4,4,1,83,11,34,4,ECE,1
6.45,6,5,8,0,93,5,210,1,ECE,1
8.58,6,9,2,2,54,9,2,1,MECH,1
7.63,0,1,4,2,86,12,92,2,MECH,1
8.68,5,6,3,2,0,25,77,7,ECE,1
6.95,1,5,8,3,34,57,201,3,IT,1
7.48,5,6,2,0,64,14,114,7,CIVIL,1
7.0,2,2,8,2,83,98,476,4,IT,1
9.59,5,1,5,2,78,68,372,8,ECE,1
9.83,4,4,8,2,3,45,105,3,CIVIL,1
8.25,2,8,7,2,55,27,434,7,CIVIL,1
8.6,6,10,5,2,5,31,72,1,CSE,1
8.07,3,2,2,0,77,75,32,3,CIVIL,1
5.62,0,9,5,3,49,19,493,3,CSE,1
8.91,0,5,2,0,7,55,495,6,CIVIL,0
6.47,5,1,8,2,94,27,259,5,IT,1
9.95,4,3,0,0,81,46,186,5,ECE,1
8.03,3,7,8,3,83,100,486,3,ECE,1
6.69,3,5,5,1,33,45,222,2,IT,1
6.3,3,9,8,0,80,33,91,7,MECH,1
9.93,2,1,1,0,45,71,124,5,CIVIL,1
6.68,6,7,3,3,29,6,23,7,CIVIL,1
8.07,4,7,6,1,56,65,411,6,IT,1
9.52,1,5,0,0,0,12,58,3,CIVIL,1
7.53,3,0,3,2,15,78,447,4,CIVIL,1
7.09,3,8,5,3,85,6,356,1,MECH,1
6.75,3,3,5,0,87,34,216,3,MECH,1
9.48,1,7,1,0,69,11,436,5,CIVIL,1
9.2,2,1,1,3,80,86,341,8,IT,1
7.9,5,6,8,3,78,93,373,5,MECH,1
6.61,0,6,6,2,29,80,362,3,IT,1
8.2,0,1,6,3,60,26,264,4,CIVIL,1
9.64,1,6,4,3,50,72,284,5,MECH,1
7.49,0,5,5,0,38,84,207,3,IT,1
8.97,1,3,6,3,52,41,176,4,IT,1
8.11,3,6,0,2,63,32,330,4,CSE,1
6.58,4,3,8,2,46,43,314,4,CIVIL,1
9.9,2,5,1,2,40,85,459,5,CIVIL,0
7.44,0,5,1,1,40,97,476,6,IT,1
8.87,1,2,4,2,76,46,225,8,IT,1
5.66,4,10,7,2,51,60,28,6,MECH,1
7.25,1,8,8,1,77,80,281,5,ECE,1
8.93,4,6,6,2,20,67,131,5,ECE,1
6.67,2,7,7,3,57,52,192,7,CSE,1
6.47,3,1,2,2,31,63,299,6,MECH,1
8.91,5,6,0,0,5,9,366,7,MECH,1
8.75,2,4,5,2,26,41,168,4,MECH,1
7.67,4,8,8,3,44,34,109,6,MECH,1
6.28,1,3,8,1,25,14,52,3,IT,1
9.75,6,1,6,3,53,84,407,1,CSE,1
9.29,3,2,4,1,68,23,6,7,CIVIL,1
5.75,0,6,4,2,83,2,250,6,IT,1
6.44,0,7,2,0,79,36,253,1,CSE,1
7.36,0,7,5,1,18,94,101,3,CIVIL,1
7.15,3,7,2,3,75,84,242,6,MECH,1
6.53,6,3,6,2,67,15,107,4,CIVIL,1
7.51,4,0,8,0,30,76,307,5,IT,1
9.74,5,7,6,3,94,0,86,4,IT,1
9.05,6,9,1,0,51,47,439,1,CSE,1
6.49,0,10,4,1,20,55,424,7,CSE,1
8.98,0,3,1,3,100,20,383,8,IT,1
7.65,1,10,3,0,97,96,435,4,CSE,1
7.44,1,3,2,0,100,88,376,7,CIVIL,1
7.62,5,5,1,0,92,56,391,1,CIVIL,1
7.45,0,8,5,2,55,97,55,6,CSE,1
5.83,2,0,1,3,59,2,2,6,CSE,1
5.96,1,10,3,0,82,8,267,8,ECE,1
6.84,1,2,8,3,74,86,144,7,MECH,1
8.38,6,5,0,3,33,90,22,1,MECH,1
9.56,5,1,3,0,58,76,371,7,CSE,1
8.68,2,10,2,1,74,45,39,8,MECH,1
8.49,5,0,5,0,100,26,138,6,ECE,1
8.99,3,4,7,1,8,15,455,8,ECE,1
9.91,5,0,2,0,81,83,83,2,CSE,1
9.53,5,2,0,0,59,80,396,4,IT,1
7.98,6,1,3,3,7,27,287,7,MECH,1
6.95,0,10,3,3,77,32,408,4,IT,1
5.95,0,5,0,3,36,34,244,4,MECH,1
5.81,0,7,1,3,99,38,490,8,CIVIL,1
7.78,4,1,3,1,62,63,481,5,ECE,1
6.5,4,3,7,0,31,89,195,1,CSE,1
8.97,1,1,6,2,49,47,136,6,MECH,1
9.39,1,2,4,0,76,57,433,5,ECE,1
5.88,1,6,5,3,41,90,408,7,IT,1
9.08,0,2,0,3,80,75,54,4,CIVIL,1
8.85,5,6,3,0,32,48,463,3,CIVIL,1
7.9,5,1,2,3,40,16,455,8,CIVIL,1
8.91,4,6,1,3,68,23,47,5,CSE,1
8.14,0,3,3,3,66,31,115,7,CSE,1
6.4,0,0,3,2,55,71,471,5,MECH,1
6.73,6,0,8,3,70,57,16,6,MECH,1
9.27,4,6,7,0,68,14,184,2,MECH,1
8.58,4,3,4,3,1,3,452,3,CIVIL,1
9.13,2,3,1,0,63,48,343,6,IT,1
7.57,4,7,0,3,68,44,96,5,MECH,1
8.07,1,9,4,0,70,20,432,2,MECH,1
8.33,2,10,0,0,80,96,410,8,MECH,1
8.38,6,0,4,1,55,10,456,8,IT,1
8.94,6,9,1,1,40,1,416,4,CIVIL,1
9.25,3,7,7,1,90,99,159,7,CIVIL,1
9.75,6,9,6,1,56,40,365,2,MECH,1
6.51,6,5,1,1,57,1,6,4,MECH,1
9.78,1,7,4,0,52,93,489,8,CIVIL,1
9.28,3,7,4,2,84,36,354,4,ECE,1
9.64,0,5,2,3,61,56,206,5,ECE,1
8.6,3,3,5,0,21,58,457,3,CSE,1
7.57,1,8,3,3,88,83,46,8,IT,1
9.06,5,3,2,0,93,93,177,6,MECH,1
5.9,3,1,1,2,76,97,75,2,CIVIL,1
6.87,4,0,6,3,48,70,298,5,IT,1
6.22,4,2,3,2,77,20,491,4,CIVIL,1
6.53,0,5,2,2,80,13,161,1,CSE,1
8.31,6,7,1,0,74,23,119,2,IT,1
8.11,6,4,1,3,65,5,463,1,CIVIL,1
8.77,4,6,7,2,42,86,266,2,IT,1
7.49,4,2,5,2,24,14,36,8,IT,1
5.53,2,0,6,2,58,50,134,5,CSE,1
5.8,6,4,1,2,9,7,15,4,CIVIL,1
6.52,3,5,1,1,27,25,395,6,CSE,1
7.09,1,10,1,0,87,44,428,6,MECH,1
9.33,0,2,2,2,37,67,151,1,ECE,1
7.65,2,5,4,1,29,74,20,8,CIVIL,1
6.66,2,0,2,1,75,31,245,2,CIVIL,0
6.67,0,10,3,1,57,39,172,3,CSE,1
9.6,2,9,6,3,50,30,168,4,CSE,1
8.29,1,4,0,3,42,32,85,3,MECH,1
6.91,1,2,2,2,55,17,146,6,CIVIL,1
8.6,0,2,5,2,77,74,40,5,CIVIL,1
9.27,2,1,0,2,47,29,53,2,CSE,1
6.54,2,5,1,1,30,34,377,2,MECH,1
5.64,1,2,7,3,5,0,57,6,MECH,1
6.22,4,4,1,2,10,45,276,5,CIVIL,1
7.58,0,8,6,3,14,35,272,7,IT,1
6.39,4,5,4,0,88,19,149,6,ECE,1
7.32,0,6,2,3,61,100,129,3,MECH,1
8.82,0,5,0,1,28,89,376,8,IT,1
7.03,6,2,8,0,91,100,273,7,CSE,1
9.32,3,2,8,3,38,86,398,6,CSE,1
6.0,1,10,8,3,14,12,368,4,ECE,1
7.8,5,2,6,1,69,47,343,5,ECE,1
8.45,6,6,6,1,84,10,486,4,CIVIL,1
7.57,3,6,1,3,92,56,287,4,MECH,1
5.65,0,2,4,2,67,37,473,7,MECH,1
9.77,0,8,3,1,20,50,470,3,ECE,1
7.34,3,6,3,2,3,82,244,5,IT,1
9.5,0,9,4,1,42,11,224,8,CIVIL,1
9.48,5,0,6,3,73,57,450,3,ECE,1
5.89,3,2,7,3,40,83,13,4,IT,1
8.59,5,3,0,0,71,3,241,3,CIVIL,1
6.1,6,7,3,0,32,52,16,5,IT,1
9.67,5,4,6,1,54,57,268,5,IT,1
6.77,5,8,1,3,83,7,182,4,IT,1
7.72,5,1,3,1,65,64,240,7,ECE,1
5.98,3,0,0,3,74,43,315,7,CIVIL,1
6.4,2,7,3,0,41,29,442,5,ECE,1
6.56,0,0,2,0,33,52,233,1,IT,1
9.14,6,7,6,3,79,70,148,4,CSE,1
8.96,6,2,6,1,49,86,261,3,MECH,1
9.38,5,2,8,3,24,81,413,3,CSE,1
6.58,6,5,5,3,35,8,211,6,CSE,1
7.97,6,0,0,3,96,100,237,3,ECE,1
7.07,5,0,0,0,9,62,94,7,CIVIL,1
9.52,4,3,4,1,57,51,31,5,IT,1
8.0,1,7,6,2,3,37,131,8,CIVIL,1
8.2,1,1,8,1,94,35,90,1,ECE,1
5.59,6,7,8,1,26,35,444,4,MECH,1
5.65,2,3,4,3,93,22,298,6,CIVIL,1
7.5,3,9,0,3,74,22,201,8,MECH,1
9.61,2,4,3,3,85,3,149,8,CIVIL,1
8.56,0,7,8,3,1,93,75,7,ECE,1
6.24,3,4,1,2,13,86,65,5,MECH,1
7.92,0,7,4,1,72,83,374,4,ECE,1
6.73,3,10,1,2,89,1,64,2,IT,1
7.0,1,1,5,3,15,31,51,5,ECE,1
7.53,4,10,6,1,19,5,410,1,ECE,1
7.92,1,4,7,3,74,70,30,8,CSE,1
6.82,1,9,8,0,100,56,164,8,CIVIL,1
6.38,0,3,6,2,73,53,166,6,CIVIL,1
9.94,0,7,0,1,85,81,147,8,MECH,1
9.13,6,0,8,1,49,94,397,4,IT,1
6.76,6,2,1,1,46,26,160,7,IT,1
6.52,5,0,7,1,51,24,464,5,MECH,1
7.14,1,5,0,3,15,94,481,1,CIVIL,1
9.76,5,7,4,2,90,41,392,8,IT,1
9.02,4,10,6,1,79,79,336,6,CSE,1
9.22,3,2,3,3,85,9,258,4,IT,1
8.78,2,3,6,0,28,6,154,5,ECE,1
6.46,4,7,3,3,6,49,65,6,ECE,1
7.54,6,1,1,3,18,14,80,5,CSE,1
9.91,4,5,3,3,7,20,166,8,ECE,0
9.15,3,5,6,2,16,88,269,2,ECE,1
6.51,6,7,2,1,36,34,447,4,MECH,1
7.64,4,8,3,1,14,21,200,5,CIVIL,1
9.35,1,3,8,0,60,83,367,5,CSE,1
6.63,3,6,4,1,5,11,39,4,MECH,1
9.6,4,2,6,2,24,40,226,1,ECE,1
6.18,4,3,5,0,11,2,379,6,CSE,1
8.53,4,9,4,1,17,74,92,1,ECE,1
9.87,3,3,4,0,99,13,324,3,ECE,1
6.47,1,2,2,0,62,66,152,6,ECE,1
8.09,3,7,6,3,23,5,69,4,MECH,1
8.56,3,6,8,1,85,90,455,5,ECE,1
7.98,2,3,2,1,80,32,322,6,CSE,1
7.97,2,10,4,0,51,71,51,6,CIVIL,1
6.21,6,3,8,1,42,99,432,3,ECE,1
8.28,1,1,6,3,22,68,267,4,IT,1
6.29,2,10,6,3,52,17,498,7,CIVIL,1
7.04,2,7,5,1,43,14,249,5,IT,1
6.88,6,3,4,2,88,73,34,8,ECE,1
9.84,6,6,7,3,10,3,106,3,CIVIL,1
5.68,3,0,7,0,44,81,170,4,ECE,1
6.74,2,5,6,0,53,7,78,6,CIVIL,1
6.65,4,5,7,0,21,32,344,6,CIVIL,1
8.71,4,4,1,2,28,5,386,5,IT,1
8.56,4,4,0,3,12,28,119,2,IT,1
8.98,2,8,3,3,64,99,38,8,CIVIL,1
7.45,3,2,0,1,84,56,495,6,ECE,1
8.81,3,3,1,0,19,72,368,8,IT,1
9.22,0,5,7,2,46,70,456,8,IT,1
5.77,2,4,7,2,3,26,222,1,MECH,1
9.87,1,3,5,0,28,37,344,4,ECE,1
7.98,3,6,6,0,72,70,375,3,ECE,1
5.92,2,5,2,3,95,47,0,8,MECH,1
9.7,4,2,1,0,20,51,404,2,CIVIL,1
9.08,4,1,7,2,1,44,318,1,ECE,1
6.1,4,1,6,0,16,9,235,3,CSE,1
6.0,0,6,6,3,84,34,496,3,ECE,1
8.72,2,2,0,0,40,81,91,3,CSE,1
7.84,0,9,5,0,30,75,61,1,IT,1
8.34,0,4,3,3,75,66,232,6,ECE,1
5.58,1,9,4,0,88,9,450,2,MECH,1
7.1,2,5,6,1,51,26,329,7,IT,1
9.92,0,0,4,2,27,11,163,5,MECH,1
8.94,2,8,8,2,98,34,56,1,CIVIL,1
7.08,6,5,4,0,90,70,448,7,ECE,1
5.53,5,0,6,3,78,2,293,8,MECH,1
7.13,6,2,3,3,4,51,305,3,ECE,1
8.78,5,7,6,2,67,15,452,3,MECH,1
9.51,6,0,0,1,41,76,421,8,CIVIL,1
5.81,6,5,7,1,59,49,344,6,IT,1
6.87,3,10,7,1,78,62,275,2,CSE,1
9.4,0,9,4,2,13,70,415,4,CIVIL,1
7.03,6,3,3,2,44,2,409,2,IT,1
9.48,0,6,8,2,40,53,156,5,IT,1
9.1,0,7,1,1,87,20,343,5,ECE,1
8.2,3,4,6,3,22,63,294,7,CSE,1
6.1,5,10,1,2,65,39,317,6,IT,1
9.04,5,0,6,0,18,44,48,7,IT,1
8.67,1,1,8,2,65,0,167,2,CIVIL,1
7.57,5,5,7,2,69,21,79,7,ECE,1
8.58,2,5,3,1,75,16,88,7,IT,1
6.68,4,3,7,3,1,9,226,4,MECH,1
8.95,1,3,4,3,89,6,356,4,IT,1
9.18,4,8,6,1,54,99,471,1,CSE,1
9.15,2,8,8,1,30,49,447,6,IT,1
9.22,6,10,3,0,64,9,264,1,ECE,1
9.17,0,3,2,1,4,63,314,1,IT,1
6.07,6,4,6,2,0,47,19,6,IT,1
6.55,5,7,7,3,36,78,79,6,IT,1
7.7,6,0,7,1,0,8,368,3,CSE,1
8.82,0,2,8,2,79,7,420,2,IT,1
6.05,6,2,8,3,10,37,72,4,CSE,1
9.73,4,8,5,2,30,31,459,4,ECE,1
5.88,6,0,1,2,7,23,249,1,IT,1
9.1,2,3,5,2,47,28,185,7,IT,1
9.86,3,0,1,1,60,12,65,8,ECE,1
5.71,0,5,6,2,64,63,56,4,ECE,1
8.06,4,5,7,3,44,55,279,1,CIVIL,1
9.3,5,0,0,0,57,74,461,8,CSE,1
8.94,1,1,3,2,45,3,488,4,IT,1
8.83,0,4,8,0,46,89,61,7,CSE,1
5.54,5,4,7,1,58,24,320,4,ECE,1
8.33,6,2,0,1,71,31,88,7,CSE,1
8.03,0,10,8,0,79,51,323,4,CSE,1
8.2,1,8,5,2,64,34,168,3,IT,1
8.44,1,3,1,0,78,56,458,6,ECE,1
7.16,4,5,1,3,64,83,402,2,CSE,1
7.71,3,3,6,0,52,69,43,5,ECE,1
8.09,2,9,0,1,65,93,218,7,IT,1
9.69,5,8,7,3,11,46,7,7,MECH,1
9.06,6,1,4,2,80,34,129,1,CIVIL,1
7.84,6,3,6,3,14,68,78,2,CIVIL,1
5.72,6,7,7,2,72,78,211,4,MECH,1
5.88,0,10,2,0,62,10,364,5,IT,1
9.52,2,7,4,3,11,44,322,4,MECH,1
6.16,0,3,4,2,0,82,76,3,IT,1
6.84,1,1,5,3,53,10,43,5,IT,0
7.26,3,5,8,0,8,60,376,3,CIVIL,1
6.45,5,1,6,0,82,57,160,1,IT,1
8.27,0,8,8,3,90,54,238,8,ECE,1
7.04,5,8,1,3,41,51,393,4,CIVIL,1
9.45,0,9,5,0,24,46,233,3,MECH,1
8.73,3,8,4,2,18,94,468,3,CSE,1
6.06,3,8,3,1,44,35,270,7,CIVIL,1
9.04,6,6,0,0,46,56,47,2,ECE,1
9.53,1,1,8,3,22,95,108,3,CSE,1
8.13,5,10,1,2,37,43,309,8,ECE,1
6.86,4,5,6,3,90,16,4,6,IT,1
7.9,2,9,8,1,1,23,357,8,IT,1
8.62,0,4,8,0,23,94,164,7,MECH,1
7.8,5,1,0,2,63,64,334,3,CIVIL,1
5.77,2,0,6,3,40,83,376,2,ECE,1
7.16,5,8,7,3,8,24,373,8,CSE,1
9.51,5,7,1,0,55,27,127,1,MECH,1
8.58,2,4,7,0,21,8,149,2,ECE,1
6.77,1,9,3,1,61,6,414,1,IT,1
7.35,4,1,4,3,44,16,410,8,ECE,1
5.97,3,3,5,0,88,48,57,4,CSE,1
6.31,4,5,5,0,2,57,379,1,MECH,1
5.6,3,5,3,0,10,37,18,8,MECH,1
9.05,3,0,4,0,47,91,284,5,CIVIL,1
6.54,3,10,8,3,53,51,312,5,CIVIL,1
8.45,4,7,2,1,1,80,254,1,CSE,1
5.78,6,1,1,3,17,2,291,1,IT,1
9.99,5,3,3,1,63,24,131,2,CSE,1
9.26,3,5,7,3,44,36,112,8,IT,1
9.32,1,4,0,0,63,88,148,6,CSE,1
8.17,4,10,2,3,90,0,19,4,MECH,1
6.56,2,8,8,3,68,43,122,7,MECH,1
9.9,3,9,6,1,15,14,126,8,MECH,1
6.73,4,1,4,1,14,28,197,3,CSE,1
6.87,2,5,1,3,58,40,335,2,ECE,1
8.18,0,5,3,0,43,43,413,1,ECE,1
6.6,2,10,5,2,96,17,490,3,CIVIL,1
9.69,3,10,7,1,73,64,327,3,ECE,1
6.84,4,7,6,2,72,16,329,1,CSE,1
8.45,6,7,2,1,36,92,370,7,ECE,1
9.51,3,10,0,0,36,21,364,7,IT,1
8.41,2,4,7,0,89,84,232,6,CIVIL,1
8.66,2,2,7,2,11,60,1,3,CIVIL,1
5.64,6,10,4,2,83,92,252,4,CSE,1
9.75,1,3,8,3,14,62,383,3,ECE,1
6.96,0,6,5,0,7,98,266,6,CSE,1
8.52,2,8,0,2,36,63,129,6,MECH,1
7.63,1,0,7,1,75,67,206,3,ECE,1
5.95,4,6,6,3,35,36,223,1,MECH,1
9.77,1,2,7,0,63,65,336,4,ECE,1
5.82,2,0,7,1,99,91,284,2,ECE,1
7.09,2,10,1,1,44,77,329,6,IT,1
6.97,2,3,1,1,81,58,345,6,CIVIL,1
6.9,3,0,8,0,19,91,414,8,IT,1
8.67,5,8,8,2,57,94,432,3,ECE,1
7.81,0,4,8,0,29,38,238,8,MECH,1
6.08,0,1,8,2,49,49,159,2,MECH,1
7.58,4,2,4,2,10,3,88,7,ECE,1
9.95,2,4,0,3,36,46,178,3,CIVIL,1
9.32,0,2,4,1,75,51,201,7,CSE,1
6.14,5,3,0,1,93,58,416,8,MECH,1
8.89,6,0,6,1,74,9,238,6,ECE,1
9.85,0,8,4,3,51,61,395,4,CIVIL,1
9.87,1,7,6,3,10,50,435,7,ECE,1
7.56,6,4,7,3,50,25,7,6,IT,1
7.56,3,6,8,0,96,16,315,1,CIVIL,1
8.03,0,6,2,0,83,42,266,3,IT,1
9.28,5,4,7,2,89,0,493,1,IT,1
7.79,0,5,5,2,1,2,401,6,CSE,1
7.19,2,1,8,2,10,82,237,8,MECH,1
7.2,4,9,4,0,100,60,475,5,MECH,1
7.78,2,0,3,1,42,56,230,2,IT,1
9.24,5,8,6,0,8,81,320,4,ECE,1
8.56,6,0,8,1,59,4,316,8,IT,1
5.75,2,0,2,0,49,40,130,7,CSE,1
6.43,6,6,0,3,29,50,297,3,CSE,1
9.31,3,5,6,2,66,38,217,4,IT,1
6.31,5,5,4,3,22,37,148,3,CSE,1
7.05,5,1,5,0,13,24,151,8,ECE,1
9.35,3,8,6,0,42,76,89,1,ECE,1
6.63,6,9,3,3,43,24,134,8,MECH,1
7.02,5,8,3,1,48,39,110,3,IT,1
6.71,2,6,8,1,26,24,123,4,ECE,1
5.7,6,8,3,1,34,24,411,5,MECH,1
9.21,2,3,5,3,65,12,358,6,CSE,1
5.59,5,6,3,2,22,79,130,7,CIVIL,1
5.78,3,7,5,0,34,12,466,1,CSE,1
6.08,2,10,0,3,29,95,14,6,IT,1
9.19,2,5,4,3,97,76,246,7,IT,1
7.39,5,0,3,2,51,33,295,5,CIVIL,1
5.9,6,2,1,0,69,16,12,7,CIVIL,1
9.41,5,8,5,0,60,67,145,6,IT,1
7.15,4,0,8,1,31,12,108,1,MECH,1
8.43,0,8,4,3,9,39,389,3,IT,1
8.03,3,4,4,2,92,35,66,3,ECE,1
8.81,4,2,3,3,88,81,5,5,ECE,1
7.49,3,6,2,2,93,38,181,3,CIVIL,1
6.16,5,1,4,3,36,94,405,4,CIVIL,1
7.66,3,8,6,3,53,80,406,2,CIVIL,1
6.52,1,1,4,0,94,14,460,6,MECH,1
9.33,6,10,2,0,89,47,192,1,IT,1
6.88,2,0,2,2,56,71,246,5,CIVIL,1
9.38,2,4,2,0,18,3,365,1,CSE,1
8.04,3,0,3,0,60,73,200,3,MECH,1
5.86,4,9,6,3,70,14,297,5,ECE,1
7.57,2,4,4,0,90,41,106,5,ECE,1
6.8,0,0,8,0,4,32,294,3,ECE,1
7.39,2,1,6,1,100,30,260,6,IT,1
9.85,2,7,2,0,48,53,117,8,IT,1
9.72,5,3,8,1,69,79,344,3,ECE,1
9.38,5,3,7,3,89,19,239,1,CIVIL,1
7.5,4,7,8,0,86,19,169,6,IT,1
9.59,6,1,5,1,68,78,285,3,CSE,1
9.22,3,6,4,2,5,61,261,5,ECE,1
9.14,6,2,4,3,33,49,216,3,ECE,1
5.7,6,8,2,3,52,71,374,3,IT,1
9.51,4,9,8,1,82,36,285,5,CIVIL,1
9.75,3,1,1,3,38,80,39,3,MECH,1
6.97,1,7,0,1,40,49,244,4,IT,1
7.66,3,0,7,0,48,65,6,7,IT,1
8.57,4,0,5,3,72,95,106,8,MECH,1
8.84,1,4,0,3,52,65,169,2,CSE,1
6.43,3,8,1,2,76,17,438,4,CIVIL,0
9.82,6,0,6,1,47,71,125,1,MECH,1
6.25,1,6,8,1,85,34,482,2,CIVIL,1
7.54,6,5,5,2,21,86,229,4,ECE,1
9.23,6,4,4,0,8,51,344,5,ECE,1
7.84,5,1,8,2,60,37,236,8,MECH,1
7.87,3,0,2,3,6,82,259,7,CIVIL,1
8.4,1,7,5,0,22,22,352,4,CSE,1
7.97,4,3,5,2,30,40,119,7,CSE,1
8.18,0,3,6,3,25,56,201,8,CSE,1
5.61,1,3,1,0,23,50,26,8,CSE,1
6.28,1,5,5,1,59,26,370,8,CIVIL,1
6.79,5,5,6,3,93,37,434,3,IT,1
6.42,5,8,2,2,34,66,364,4,IT,1
6.69,1,1,5,0,95,92,345,6,CIVIL,1
6.76,6,4,5,1,33,2,453,3,ECE,1
7.06,0,4,0,3,92,67,42,1,ECE,1
5.86,3,4,4,2,26,98,45,1,MECH,1
6.58,2,2,5,2,22,0,181,5,ECE,1
8.97,5,3,4,3,10,60,156,7,CSE,1
7.15,4,1,0,3,39,80,432,1,MECH,1
7.62,0,6,1,2,48,65,212,4,CSE,1
9.66,0,5,4,1,7,10,311,8,CSE,1
5.64,2,10,4,3,64,2,300,2,ECE,1
6.92,0,1,6,3,71,57,346,5,IT,1
8.71,1,4,8,1,26,31,13,1,CIVIL,1
8.01,3,9,1,0,70,10,260,7,CSE,1
9.67,0,7,1,1,59,62,87,3,CIVIL,1
5.78,6,0,5,1,82,92,45,1,CSE,1
9.54,1,8,5,0,42,97,11,3,MECH,1
9.23,3,4,4,3,6,64,441,3,CSE,1
7.4,3,6,6,1,22,22,77,2,CIVIL,1
7.22,2,3,5,3,79,85,458,8,MECH,1
8.91,5,5,0,3,0,56,50,2,ECE,1
8.94,4,8,1,2,18,79,454,5,ECE,1
9.13,3,2,4,0,85,83,227,7,CIVIL,1
8.28,6,9,3,0,11,14,91,2,CIVIL,1
7.06,5,9,6,1,83,39,149,5,CSE,1
9.57,4,4,1,0,20,88,430,6,CSE,1
6.58,0,7,3,0,85,9,422,8,MECH,1
6.33,5,8,5,3,94,71,396,7,ECE,1
8.3,4,10,0,3,58,33,380,6,CIVIL,1
6.72,3,3,7,3,44,21,377,6,IT,1
6.59,0,4,8,3,86,60,286,8,ECE,1
9.18,1,0,4,3,14,93,85,8,MECH,1
8.82,6,2,6,0,86,46,26,5,ECE,1
9.45,2,5,8,3,57,3,24,7,ECE,1
6.81,4,6,5,0,3,56,305,3,MECH,1
7.37,0,2,0,1,13,46,474,1,CSE,1
5.58,3,0,2,1,8,87,321,7,MECH,1
9.21,2,3,0,0,44,22,384,5,CIVIL,1
5.64,0,7,2,0,28,8,5,8,CIVIL,1
8.42,5,4,1,3,17,43,186,7,CIVIL,1
7.1,2,1,1,2,12,18,79,8,IT,1
9.26,2,0,0,3,40,53,276,5,MECH,1
6.4,0,4,2,1,10,34,424,7,CSE,1
8.63,0,0,0,2,57,97,230,5,ECE,1
9.72,0,1,4,0,8,35,245,5,MECH,1
7.6,6,2,8,3,80,29,290,4,ECE,1
6.11,0,9,8,1,92,20,446,1,IT,1
7.07,1,0,5,2,84,91,468,6,ECE,1
7.53,6,1,8,0,92,90,264,8,IT,1
9.46,5,2,1,3,35,28,202,6,MECH,1
5.73,4,8,0,2,92,75,72,3,CIVIL,1
8.44,1,1,7,1,70,63,383,2,ECE,1
5.54,2,3,5,2,15,49,411,2,MECH,0
9.15,4,1,6,1,65,83,146,3,MECH,1
7.2,1,8,7,2,51,36,84,3,CSE,1
8.78,1,3,5,1,62,44,124,2,CIVIL,1
6.41,6,0,7,0,65,94,500,6,MECH,1
6.53,1,2,7,3,51,84,183,3,CIVIL,1
9.6,4,10,0,0,10,90,207,1,CIVIL,1
6.35,5,9,2,1,44,3,229,3,IT,1
7.34,1,7,6,3,10,20,268,8,CSE,1
7.53,3,10,8,3,13,83,247,2,IT,1
7.46,1,9,7,1,23,80,383,7,IT,1
6.05,1,2,7,1,96,17,243,4,CIVIL,1
6.63,6,5,4,0,14,66,364,2,IT,1
9.62,0,2,4,0,25,38,232,8,CIVIL,1
8.99,3,4,1,0,71,18,126,5,MECH,1
6.66,5,8,8,0,0,65,107,8,MECH,1
8.27,0,10,7,1,44,77,341,1,CIVIL,1
9.8,6,2,4,3,54,29,183,7,CSE,1
8.17,0,7,4,3,32,72,57,6,IT,1
9.1,6,5,6,1,6,27,3,8,CIVIL,1
7.42,5,4,3,2,95,37,492,6,IT,1
9.44,3,3,4,2,17,72,16,5,ECE,1
5.7,1,5,1,2,38,74,467,8,IT,1
9.73,6,8,6,1,92,68,142,2,IT,1
9.82,3,5,6,0,59,53,230,8,CSE,1
8.95,1,4,7,3,3,64,326,6,IT,1
6.39,3,4,2,2,55,94,155,8,MECH,1
6.2,2,5,3,2,6,100,135,4,ECE,1
7.32,1,1,6,1,2,1,463,2,IT,1
9.88,6,10,7,0,75,87,170,7,ECE,1
6.9,2,1,8,3,30,28,491,1,ECE,1
8.44,1,3,7,1,80,13,436,8,CSE,1
6.46,6,10,3,3,91,46,401,8,CSE,1
9.46,3,7,4,0,96,86,38,7,MECH,1
9.71,6,9,8,1,79,47,184,2,MECH,1
6.76,6,4,7,1,27,99,366,1,MECH,1
6.79,2,10,6,1,59,58,425,6,MECH,1
8.6,4,9,7,1,17,53,452,1,CSE,1
7.46,4,8,8,3,73,36,315,7,CIVIL,1
6.75,2,10,1,1,77,66,277,1,IT,1
5.72,1,0,5,2,38,2,94,3,IT,1
6.85,1,6,0,2,94,25,268,6,CIVIL,1
9.58,5,1,3,0,17,71,214,3,IT,1
8.85,0,7,5,1,90,14,300,7,ECE,1
5.83,0,10,7,0,40,24,3,4,ECE,1
9.99,0,10,3,1,81,51,170,2,ECE,1
6.71,0,4,2,1,77,8,186,8,CIVIL,1
8.86,2,6,2,1,72,85,334,4,ECE,1
6.04,3,3,0,1,44,8,351,3,CIVIL,1
6.08,3,5,6,1,38,95,441,8,IT,1
9.17,2,6,8,1,7,98,40,6,IT,1
9.1,5,9,3,3,85,93,407,8,CSE,1
5.98,4,5,6,0,48,90,413,5,CSE,1
7.1,1,9,1,2,61,68,360,4,CIVIL,1
5.95,6,7,8,2,31,76,3,5,ECE,1
7.83,6,1,4,1,62,94,377,4,IT,1
9.59,0,10,5,2,47,76,106,6,MECH,1
6.63,6,9,1,0,6,64,28,5,MECH,1
7.69,5,5,6,3,55,10,375,2,CSE,1
7.32,6,10,5,1,90,90,287,5,ECE,1
6.02,1,8,4,0,98,6,303,3,MECH,1
6.97,4,8,8,3,75,42,12,6,MECH,1
7.23,0,4,8,3,70,86,451,8,IT,1
9.03,6,5,3,0,51,14,260,5,IT,1
5.52,1,6,2,1,54,59,166,5,CIVIL,1
9.63,4,3,4,0,34,51,355,7,CSE,1
9.46,6,3,4,2,30,95,440,7,CIVIL,1
7.41,5,1,0,0,43,68,404,2,IT,1
6.93,2,10,0,2,28,67,296,3,MECH,1
6.99,0,0,3,1,10,29,478,7,IT,1
9.84,4,8,4,1,80,16,462,7,MECH,1
10.0,4,2,8,1,45,4,355,7,CSE,1
9.62,5,7,8,3,6,71,313,5,IT,1
9.96,5,5,7,3,27,93,133,4,CSE,1
6.28,2,3,3,0,89,44,280,1,MECH,1
6.94,3,5,1,2,91,73,301,3,MECH,1
7.57,0,2,1,0,79,3,474,2,ECE,1
7.72,1,6,2,0,87,81,264,8,MECH,1
9.89,2,4,1,3,67,59,147,2,CSE,1
9.2,3,9,1,0,2,42,249,3,MECH,1
6.14,4,5,7,1,84,18,498,7,MECH,1
6.74,1,5,2,1,24,20,353,7,MECH,1
9.92,4,1,2,3,30,42,317,6,IT,1
8.79,5,9,2,1,4,4,61,7,MECH,1
8.61,5,9,3,0,18,6,374,2,ECE,1
5.56,1,6,6,0,97,30,215,5,IT,1
9.73,6,5,4,1,29,16,200,8,CSE,1
8.66,0,3,0,2,96,21,90,2,IT,1
6.55,3,7,8,0,28,13,78,4,ECE,1
5.55,6,10,6,2,69,69,387,7,IT,1
9.31,0,1,4,3,80,95,359,7,IT,1
7.2,2,0,0,0,55,43,467,6,CIVIL,1
6.23,5,8,8,3,13,86,228,7,ECE,1
6.81,0,2,2,3,46,50,333,1,CIVIL,1
6.32,2,9,4,1,62,81,213,2,ECE,1
9.05,6,0,4,0,56,55,228,3,IT,1
8.77,0,9,4,3,27,89,61,8,IT,1
6.85,1,6,8,2,6,84,194,8,ECE,1
7.04,0,6,2,0,17,80,207,7,CSE,1
6.11,1,7,5,2,26,34,108,1,CSE,1
5.53,6,5,2,1,75,45,376,1,CIVIL,1
8.41,4,2,0,3,38,69,271,8,ECE,1
8.93,0,8,0,3,76,27,341,8,MECH,1
8.94,0,3,8,2,85,60,374,6,ECE,1
9.97,2,2,2,3,24,73,228,4,CSE,1
7.41,6,5,0,0,76,7,228,5,IT,1
8.78,4,10,6,3,62,25,497,5,IT,1
9.03,3,0,6,1,73,66,496,7,MECH,1
6.89,3,0,8,0,73,61,328,7,IT,1
8.71,1,3,8,0,56,33,332,4,ECE,1
6.18,1,6,8,1,76,68,493,8,IT,1
6.25,2,10,3,1,95,81,274,2,CSE,1
6.68,2,4,1,1,40,56,167,5,ECE,1
8.84,1,0,0,3,14,98,232,5,CSE,1
7.71,6,7,3,3,50,23,406,6,IT,1
9.66,1,9,5,1,70,7,362,7,CIVIL,1
8.12,5,6,7,2,41,32,213,8,CSE,1
5.64,0,8,7,3,32,64,29,1,ECE,1
8.21,2,8,7,0,75,56,295,8,MECH,1
7.9,6,4,5,2,81,62,91,1,IT,1
6.76,3,7,7,3,72,79,212,5,IT,1
7.26,6,9,1,3,95,99,470,1,IT,1
9.92,3,2,0,1,43,75,19,6,CSE,1
9.73,0,10,8,2,38,51,213,6,ECE,1
7.02,0,3,6,3,38,66,55,1,CSE,1
8.71,1,1,2,3,50,68,391,8,CSE,1
7.87,5,6,5,0,37,86,82,2,MECH,1
6.55,6,2,0,2,3,82,299,4,MECH,1
8.52,3,1,8,1,49,93,48,3,MECH,1
6.34,6,5,6,1,43,24,268,1,ECE,1
8.44,6,0,2,0,21,49,111,3,CIVIL,1
7.09,6,0,6,3,94,76,351,5,ECE,1
5.93,4,0,8,3,65,4,159,1,ECE,1
5.54,2,5,7,0,60,46,289,8,ECE,1
9.01,0,2,0,3,7,73,334,2,CSE,1
8.21,3,0,4,3,26,84,191,6,IT,1
6.34,2,8,7,0,98,72,458,7,CSE,1
7.98,6,9,3,1,93,77,178,8,CSE,1
8.27,2,6,6,1,41,59,280,6,CSE,1
8.98,2,3,4,1,71,70,315,2,ECE,1
7.77,4,3,4,3,100,19,288,8,CIVIL,1
8.63,6,4,2,3,72,77,277,1,IT,1
9.51,6,3,6,3,63,46,231,7,CSE,1
8.79,2,3,4,2,26,58,275,1,CIVIL,1
5.91,2,2,8,2,73,21,481,2,CSE,1
8.54,4,4,0,0,48,60,229,6,IT,1
8.13,2,1,8,3,0,42,131,1,ECE,1
9.55,2,0,7,0,88,78,426,7,IT,1
9.39,1,5,1,2,39,39,12,8,IT,1
9.14,5,4,2,3,16,12,164,6,CIVIL,1
8.01,5,9,3,1,27,8,200,8,MECH,1
6.1,3,2,4,3,57,85,443,3,MECH,1
6.71,5,8,8,3,80,66,348,2,CIVIL,1
9.33,2,9,3,0,41,53,59,8,IT,1
8.86,0,7,0,1,96,82,65,6,IT,1
9.84,3,1,0,1,51,59,260,6,IT,1
7.06,6,5,3,1,14,85,330,7,CIVIL,1
6.38,3,3,2,3,0,73,72,5,CSE,1
7.46,6,9,3,1,43,87,210,5,CIVIL,1
6.54,6,0,3,2,98,53,235,4,CSE,1
5.86,0,4,7,0,53,35,54,3,CSE,1
9.43,2,9,3,0,13,42,110,2,CIVIL,1
9.73,0,9,6,3,1,70,29,2,MECH,1
5.57,6,8,8,0,69,37,391,5,CIVIL,1
6.11,0,1,0,2,40,6,463,8,CIVIL,1
9.23,5,2,2,1,42,83,70,7,IT,1
9.64,1,0,4,1,55,72,426,8,IT,1
7.36,3,8,1,2,57,42,334,3,ECE,1
6.18,3,5,8,0,87,38,59,2,MECH,1
8.35,1,9,6,1,72,95,179,2,CSE,1
7.4,3,6,6,3,44,14,361,4,IT,1
9.69,4,1,6,3,39,40,334,4,MECH,1
8.41,3,5,4,2,48,100,235,4,MECH,1
8.51,5,2,3,3,71,19,433,5,ECE,1
8.18,5,5,8,2,96,51,220,8,ECE,1
7.62,4,5,2,0,37,38,249,7,IT,1
6.15,3,3,8,3,90,66,247,5,CIVIL,1
9.68,3,9,7,0,71,10,132,1,IT,1
6.49,4,3,4,2,40,21,336,8,ECE,1
9.67,4,8,7,0,87,30,474,8,ECE,1
8.17,3,6,2,3,19,51,177,5,ECE,1
9.38,1,3,6,0,89,69,490,2,CSE,1
9.74,4,6,7,0,3,77,397,1,CIVIL,1
8.84,0,6,1,3,68,12,215,3,MECH,1
6.18,6,0,3,3,62,29,432,6,MECH,1
6.13,5,6,2,0,52,59,315,3,IT,1
7.92,0,4,8,3,12,44,332,7,CSE,1
7.07,2,7,1,1,56,25,376,3,CSE,1
8.4,5,10,3,3,68,31,174,8,ECE,1
6.26,6,6,8,2,50,82,233,3,IT,1
9.88,2,3,6,0,66,91,442,8,ECE,1
8.11,2,4,6,0,88,47,364,4,CIVIL,1
9.24,5,6,0,0,99,4,149,4,IT,1
8.3,4,2,4,3,51,94,181,5,CSE,1
7.3,5,1,2,0,100,98,130,7,CSE,1
7.07,1,6,8,3,49,90,219,1,CIVIL,1
9.69,6,6,3,3,14,28,390,3,CIVIL,1
9.51,4,7,8,2,2,70,488,4,MECH,1
6.98,1,10,1,3,28,100,499,3,IT,1
9.82,3,7,6,2,58,88,81,2,CIVIL,1
5.64,5,3,2,1,21,71,290,6,MECH,1
9.62,2,3,3,1,97,68,244,2,MECH,1
5.72,1,4,4,0,44,78,192,8,CSE,1
9.09,5,1,1,3,93,59,58,5,CIVIL,1
8.2,3,1,5,2,42,14,403,7,IT,1
7.91,3,7,1,0,98,91,264,6,IT,1
7.43,1,8,5,3,37,89,199,3,MECH,1
7.18,3,6,7,2,96,69,112,4,CIVIL,1
7.11,6,4,8,0,67,56,186,8,CSE,1
9.61,1,0,5,2,95,40,317,8,MECH,1
7.79,2,8,7,1,2,97,140,2,IT,1
9.69,1,4,4,1,100,42,84,8,IT,1
6.28,1,0,1,3,36,72,52,3,MECH,1
6.51,5,9,1,3,20,41,0,6,CSE,1
6.55,2,1,4,1,99,48,338,4,ECE,1
8.88,3,5,4,3,73,92,328,3,MECH,1
7.18,4,3,8,2,38,32,82,2,MECH,1
7.44,3,1,3,0,61,51,103,8,IT,1
9.61,3,7,4,3,30,15,41,5,ECE,1
7.47,3,1,4,0,68,78,83,7,ECE,1
6.77,1,8,4,3,20,9,464,5,IT,1
8.3,1,9,4,3,67,24,295,7,MECH,1
5.84,3,6,6,3,25,29,485,7,MECH,1
8.02,1,1,3,3,22,41,410,3,IT,1
8.79,6,7,1,0,70,58,209,7,CIVIL,1
8.6,4,10,4,1,62,47,212,6,ECE,1
5.5,0,7,2,3,76,49,99,2,IT,1
8.59,4,4,5,0,46,20,33,7,MECH,1
7.89,0,8,1,3,67,46,150,5,ECE,1
7.05,4,5,5,1,73,87,214,1,MECH,1
9.21,3,5,6,1,44,72,271,4,CIVIL,1
7.18,6,9,0,1,95,23,328,8,CIVIL,1
5.9,2,4,1,0,23,93,83,7,ECE,1
7.88,4,7,3,2,5,0,106,8,CIVIL,1
5.7,4,9,4,0,83,69,324,6,CIVIL,1
8.09,4,8,5,1,83,55,328,4,ECE,1
8.8,4,4,4,0,77,33,481,5,ECE,1
6.01,3,6,8,3,50,80,156,1,CIVIL,1
7.5,0,6,6,0,20,97,330,8,MECH,1
5.67,6,1,4,3,0,71,70,7,ECE,1
9.35,5,4,6,1,46,7,177,5,CIVIL,1
7.3,4,0,0,2,16,27,115,3,CSE,1
8.46,6,8,8,2,74,90,187,5,CIVIL,1
7.77,4,2,2,3,35,96,363,7,IT,1
5.6,6,5,3,3,2,81,99,7,ECE,1
6.53,5,3,3,0,61,12,112,5,ECE,1
6.97,4,7,3,2,92,70,65,7,ECE,1
7.44,6,6,6,0,9,16,265,7,IT,1
8.55,2,1,8,0,97,52,90,1,IT,1
5.86,1,4,1,0,69,9,306,2,CIVIL,1
6.96,1,9,2,0,60,62,239,2,CSE,1
7.74,5,6,4,2,70,50,179,7,IT,1
6.06,3,4,1,0,65,79,263,5,CSE,1
9.75,3,6,0,3,23,92,146,8,CIVIL,1
9.83,4,2,4,2,24,24,362,7,ECE,1
7.31,4,1,1,1,24,7,278,4,CIVIL,1
8.08,6,7,5,0,51,6,485,8,ECE,1
9.01,0,2,0,0,64,0,332,8,MECH,1
7.49,0,4,3,2,0,95,285,4,MECH,1
9.56,2,0,4,0,49,94,340,4,CSE,1
8.63,1,8,4,3,50,47,303,6,ECE,1
6.71,6,6,0,1,61,59,287,7,CSE,1
8.35,3,6,3,2,74,66,398,4,IT,1
7.15,5,2,0,2,66,29,304,1,MECH,1
8.13,4,9,6,0,80,19,308,7,IT,1
8.15,0,3,1,3,56,46,104,7,CIVIL,1
9.29,1,7,0,3,26,40,85,4,ECE,1
6.86,1,6,1,2,69,85,342,4,CIVIL,1
9.68,3,9,3,3,18,30,32,6,MECH,1
6.54,6,9,8,0,55,34,22,5,CIVIL,1
7.83,3,6,4,0,56,64,119,4,CIVIL,1
8.46,0,9,1,0,33,50,293,8,CSE,1
6.57,0,8,6,2,57,40,251,6,CSE,1
9.68,3,1,2,2,8,86,350,8,CIVIL,1
9.48,0,8,0,1,56,79,494,7,MECH,1
6.2,4,5,7,1,19,43,242,4,ECE,1
5.52,2,0,2,1,84,7,280,4,CSE,1
8.48,4,8,2,2,4,81,115,6,CSE,1
8.23,1,10,6,1,57,13,149,7,IT,1
6.1,2,8,6,3,1,74,376,5,IT,1
9.49,6,3,2,3,57,81,178,4,CSE,1
7.62,6,8,6,2,32,1,293,8,CSE,1
6.51,2,1,2,3,16,67,172,6,CIVIL,1
5.54,4,2,6,2,88,75,21,5,CIVIL,1
5.56,5,0,5,2,16,47,369,7,CIVIL,1
7.13,3,5,7,3,99,58,435,1,MECH,1
7.55,4,6,3,3,55,33,122,4,ECE,1
7.08,3,4,5,1,66,80,278,7,MECH,1
7.46,3,7,1,3,1,37,72,3,MECH,1
5.58,0,8,8,3,68,94,403,7,CIVIL,1
7.25,0,10,8,0,54,6,495,5,CIVIL,1
5.93,1,0,8,3,9,71,156,2,IT,1
5.95,5,3,8,1,94,42,79,6,IT,1
5.84,5,5,5,1,77,39,458,8,IT,1
8.18,3,9,8,2,67,42,383,8,IT,1
9.1,3,5,2,1,25,61,433,2,IT,1
9.89,3,7,3,3,0,81,297,7,MECH,1
6.51,5,6,8,3,62,29,64,4,MECH,1
6.71,4,7,4,0,42,68,222,4,CIVIL,1
8.24,6,2,4,3,86,32,61,7,ECE,1
5.76,0,2,2,3,69,1,282,8,ECE,1
7.42,4,5,7,3,51,97,226,6,CSE,1
7.11,5,7,5,3,62,77,101,7,ECE,1
5.65,3,9,7,3,68,25,225,4,ECE,1
9.42,6,5,5,1,34,97,374,2,MECH,1
7.93,0,5,5,2,54,5,222,8,CSE,1
7.56,6,2,5,1,68,56,266,3,MECH,1
8.19,5,8,6,0,47,96,228,3,IT,1
6.44,4,7,5,0,59,67,478,8,MECH,1
7.96,1,5,4,3,43,63,369,5,CIVIL,1
9.66,1,8,5,2,23,19,412,3,IT,1
6.69,4,8,8,0,19,11,235,1,CSE,1
9.47,4,3,3,0,16,24,25,3,ECE,1
6.66,2,4,6,1,2,17,182,2,CSE,0
8.59,6,9,6,0,80,40,253,8,CSE,1
8.14,6,8,4,0,100,82,419,1,CIVIL,1
9.43,1,0,2,1,0,24,300,7,CIVIL,1
9.54,4,1,4,0,22,15,191,6,CIVIL,1
9.95,6,6,7,0,23,64,343,1,MECH,1
8.34,1,2,2,0,64,73,429,4,CIVIL,1
7.1,3,4,1,3,74,9,398,2,IT,1
7.01,4,2,3,3,81,86,109,7,MECH,1
5.91,6,4,3,1,14,19,437,3,MECH,1
8.9,6,2,0,1,26,0,40,8,CIVIL,1
5.7,0,10,2,0,39,98,149,7,MECH,1
9.99,1,1,4,2,55,47,397,2,IT,1
6.85,2,8,8,2,40,6,410,4,CSE,1
9.79,0,8,3,3,15,29,247,4,MECH,1
7.78,3,4,4,3,60,34,41,3,IT,1
7.57,3,1,1,0,87,39,217,1,IT,1
7.4,3,0,5,3,68,73,67,2,CSE,1
8.4,4,1,1,2,12,58,42,6,CIVIL,1
8.6,0,4,6,3,4,28,259,3,IT,1
5.67,6,8,6,1,26,32,226,3,CIVIL,1
7.51,5,1,4,0,24,27,226,6,CIVIL,1
9.33,6,4,2,2,32,81,69,2,CSE,1
9.64,6,2,5,3,47,36,144,7,CSE,1
7.09,5,5,8,0,44,93,317,7,CIVIL,1
9.1,0,2,0,0,86,53,273,6,MECH,1
9.77,4,4,4,2,94,9,481,7,IT,1
5.81,0,3,3,1,70,93,428,6,CIVIL,0
9.12,6,7,2,3,51,10,469,4,IT,1
7.8,2,1,6,1,67,19,351,2,MECH,1
9.16,2,9,4,2,17,62,480,7,MECH,1
7.0,6,9,5,1,48,45,183,5,MECH,1
5.63,1,0,5,0,66,75,17,5,CIVIL,1
9.23,1,1,6,1,77,20,398,7,CSE,1
7.6,2,4,7,1,8,60,23,6,CIVIL,1
8.5,6,9,8,2,69,2,35,4,MECH,1
5.87,5,7,8,3,24,25,122,6,MECH,1
5.66,6,5,8,2,11,48,270,5,MECH,1
6.41,2,7,2,2,92,47,430,1,CIVIL,1
8.01,5,9,3,0,3,60,387,8,CSE,1
7.93,2,0,4,3,47,38,368,6,ECE,1
8.69,5,8,3,0,23,2,461,7,CIVIL,1
7.0,5,9,4,0,26,4,79,8,MECH,1
8.83,5,5,7,2,86,99,116,5,ECE,1
9.7,0,6,5,1,34,9,468,2,IT,1
9.71,4,0,3,3,4,13,245,1,IT,1
9.32,1,8,1,0,81,73,396,4,ECE,1
8.44,6,8,6,0,20,0,239,2,CIVIL,1
5.94,1,0,2,0,95,99,146,1,ECE,1
9.54,3,8,5,3,14,48,250,6,IT,1
8.09,1,3,6,1,12,46,95,8,CIVIL,1
6.74,0,0,8,0,27,67,291,7,CIVIL,1
6.11,4,10,4,3,0,47,133,4,ECE,1
8.14,0,1,2,3,24,78,364,5,MECH,1
7.85,0,2,3,0,74,90,12,3,CIVIL,1
5.86,2,4,2,3,43,85,127,4,IT,1
6.06,5,6,3,1,20,63,187,7,IT,1
9.85,1,9,1,1,46,22,115,7,CIVIL,1
7.07,5,3,4,3,60,1,396,6,CIVIL,1
6.02,1,3,0,1,41,81,19,6,CIVIL,1
9.48,4,0,1,0,44,8,248,6,CIVIL,1
6.51,1,8,6,2,29,36,186,8,CSE,1
7.02,0,2,1,0,52,81,185,5,CIVIL,1
7.44,5,9,4,1,76,44,356,6,MECH,1
6.13,5,8,6,2,37,20,50,4,CSE,1
8.19,6,0,1,1,85,25,308,4,CIVIL,1
5.91,3,6,0,0,91,45,395,6,ECE,1
7.64,1,1,0,2,27,94,438,3,CIVIL,1
5.57,4,10,7,1,42,88,446,6,MECH,1
7.12,5,4,2,0,27,72,155,1,ECE,1
5.87,3,6,5,2,89,15,142,8,IT,1
8.3,3,3,6,0,37,9,125,2,MECH,1
8.2,2,8,3,1,56,3,338,8,ECE,1
5.65,2,4,3,2,70,17,247,8,CIVIL,1
8.68,1,3,2,1,24,12,65,3,MECH,1
7.4,3,1,6,1,29,80,255,4,MECH,1
5.75,1,4,4,1,91,68,460,5,MECH,1
9.36,0,8,0,0,81,9,207,3,ECE,1
9.78,0,0,3,2,59,83,377,1,CSE,1
6.97,0,6,4,0,46,28,286,4,CSE,1
7.69,6,9,1,0,76,43,241,2,IT,1
6.65,0,0,5,3,49,75,215,2,CSE,1
7.88,1,9,4,3,25,89,358,7,IT,1
7.26,1,4,0,2,41,12,406,2,ECE,1
6.04,2,1,6,3,11,32,35,7,MECH,1
7.4,5,9,8,0,63,93,352,5,IT,1
7.61,6,3,1,1,67,54,498,5,IT,1
7.85,4,8,1,0,70,55,303,8,IT,1
9.92,2,7,2,0,78,15,117,7,CSE,1
7.83,3,9,2,3,80,92,154,4,CIVIL,1
6.74,3,3,7,0,60,47,462,8,ECE,1
9.38,2,1,1,3,99,58,163,7,IT,1
9.15,2,7,0,1,90,90,25,4,CIVIL,1
8.04,0,5,7,0,58,52,316,6,MECH,1
8.68,2,2,2,1,96,33,356,5,IT,1
8.07,2,10,2,2,97,22,69,4,CIVIL,1
9.68,0,4,5,0,32,76,323,2,CSE,1
9.75,1,2,5,1,31,85,434,5,CSE,1
9.94,6,9,0,1,50,12,263,7,ECE,1
7.29,5,3,5,3,10,41,217,7,ECE,1
5.78,4,1,4,1,79,10,102,7,MECH,1
6.3,0,2,4,2,11,88,248,1,CIVIL,1
6.81,6,9,0,3,36,64,314,7,CSE,1
9.32,2,6,1,1,69,43,199,6,MECH,1
5.61,3,9,2,3,96,49,372,1,MECH,1
7.71,2,8,4,3,86,35,330,6,CSE,1
6.96,5,3,0,3,35,35,120,6,CIVIL,1
9.35,6,5,3,0,19,31,259,2,CSE,1
8.45,0,4,4,3,45,56,187,2,CSE,1
9.6,6,5,0,1,24,2,98,5,MECH,1
7.49,2,0,6,0,97,0,1,3,CSE,1
8.53,0,4,3,0,77,39,484,7,CIVIL,1
8.86,0,9,6,1,88,8,160,4,ECE,1
5.73,4,10,6,0,22,78,128,6,CSE,1
9.73,6,0,5,1,42,31,29,4,CIVIL,1
8.47,1,8,0,0,6,8,252,1,ECE,1
7.35,4,8,7,2,12,89,270,2,MECH,1
9.01,4,8,0,0,94,24,168,4,MECH,1
9.42,5,4,4,3,81,89,254,7,MECH,1
7.75,0,9,2,2,69,21,357,1,IT,1
7.38,6,5,2,2,15,41,383,8,IT,1
8.32,3,4,6,1,26,80,54,8,MECH,1
8.06,1,3,0,1,50,51,392,1,MECH,1
8.3,4,7,5,3,95,62,438,8,CIVIL,1
8.15,4,1,0,3,9,55,196,4,CIVIL,1
7.35,0,10,3,0,70,82,59,5,MECH,1
6.2,0,4,5,2,89,3,235,2,CIVIL,1
7.29,4,9,0,0,4,48,389,6,MECH,1
5.74,3,7,1,3,80,3,15,8,MECH,1
6.31,0,7,5,2,14,99,361,6,CSE,1
5.98,2,9,6,0,86,77,299,6,CIVIL,1
5.61,3,5,7,2,47,87,65,5,CSE,1
9.98,0,7,4,1,69,75,37,3,CSE,1
7.48,0,2,1,2,54,35,80,4,MECH,1
9.79,1,9,0,2,62,31,243,8,ECE,1
9.27,3,8,7,3,13,39,448,3,ECE,1
7.93,2,4,5,2,45,58,285,8,MECH,1
8.91,1,1,0,1,74,2,268,8,ECE,1
9.5,1,10,5,1,55,96,481,1,IT,1
5.67,4,2,7,2,8,2,89,1,MECH,1
8.44,2,3,7,0,7,99,36,8,CSE,1
9.31,5,6,5,3,87,17,92,2,CSE,1
7.41,6,3,0,2,17,84,112,3,ECE,1
7.93,3,10,6,0,47,54,149,5,ECE,1
6.75,6,1,7,1,88,84,440,7,ECE,1
9.76,0,5,4,1,81,25,282,7,CSE,1
6.04,2,9,8,2,86,24,61,8,ECE,1
7.32,4,6,1,0,44,97,69,1,MECH,1
7.68,0,9,5,2,31,65,61,2,MECH,1
6.44,0,9,3,0,55,12,93,1,ECE,1
7.88,5,4,0,3,38,64,270,4,ECE,1
8.8,5,6,4,2,0,90,75,4,MECH,1
5.59,2,2,6,2,34,98,138,1,ECE,1
5.56,3,3,4,2,6,84,186,2,ECE,1
7.18,2,7,2,1,40,78,226,2,CSE,1
8.97,2,7,5,1,72,20,124,4,IT,1
8.14,6,9,7,1,33,83,380,2,CIVIL,1
9.51,6,10,6,3,68,6,404,2,CSE,1
9.5,2,0,3,1,9,23,96,8,ECE,1
9.18,0,7,1,2,32,94,192,6,MECH,1
5.94,6,10,4,0,92,6,457,5,IT,1
7.21,0,0,2,0,53,48,372,8,ECE,1
8.76,3,2,3,2,49,50,196,3,IT,1
9.79,4,10,2,2,36,38,133,8,ECE,1
9.42,0,6,0,0,94,9,81,4,MECH,1
9.05,3,8,3,0,3,14,19,6,CIVIL,1
8.71,6,4,5,2,69,59,431,2,MECH,1
8.9,2,9,7,0,20,54,117,5,CIVIL,1
5.6,3,5,5,0,40,51,460,4,MECH,1
7.55,3,5,5,3,13,91,65,5,ECE,1
6.87,0,3,0,0,76,62,331,7,IT,1
9.48,6,1,7,0,82,73,389,6,CIVIL,1
6.15,5,7,5,0,27,39,221,4,ECE,1
8.98,2,0,2,3,72,36,130,6,CIVIL,1
6.92,1,3,7,1,1,22,293,4,ECE,1
9.73,3,3,6,0,69,61,139,3,ECE,1
6.96,4,4,0,2,58,43,54,5,ECE,1
9.49,2,1,8,2,50,20,112,5,CSE,1
6.74,0,6,6,2,60,23,69,8,CSE,1
5.86,3,6,2,2,80,59,442,4,CSE,1
7.3,0,7,8,0,89,25,273,1,IT,1
5.78,6,8,1,2,48,43,21,1,CSE,1
7.42,4,4,5,0,78,33,315,2,MECH,1
9.03,5,10,0,2,32,68,282,4,CSE,1
9.68,1,9,6,3,43,74,420,7,CSE,1
9.88,1,5,7,2,60,84,399,1,ECE,1
6.09,3,2,0,2,34,62,332,4,ECE,1
6.41,4,2,2,0,65,97,32,1,CSE,1
8.6,1,10,7,0,15,76,430,5,MECH,1
6.11,1,2,0,2,46,9,28,6,IT,1
9.67,4,7,7,1,25,27,438,7,CIVIL,1
6.3,6,3,7,2,88,97,448,3,ECE,1
9.76,1,4,8,3,34,36,135,2,IT,1
9.0,5,9,5,0,35,17,321,5,MECH,1
7.78,4,0,4,0,95,58,255,4,MECH,1
9.06,0,6,4,2,64,34,80,6,MECH,1
7.6,5,7,6,1,26,57,185,6,CSE,1
6.0,6,6,5,3,17,86,45,2,CSE,1
9.68,4,6,2,2,85,82,467,6,CIVIL,1
7.18,5,4,3,1,63,21,152,6,CSE,1
5.93,5,8,3,2,99,40,34,1,MECH,1
5.97,5,0,4,3,24,39,309,7,IT,1
8.57,5,5,5,2,77,13,456,7,IT,1
9.43,3,5,1,2,63,19,459,4,IT,1
5.86,1,3,1,2,27,27,491,5,ECE,1
9.18,2,2,8,0,73,97,366,8,ECE,1
5.57,1,8,1,2,31,64,257,2,CIVIL,1
8.21,2,4,7,2,73,32,291,2,MECH,1
8.02,1,4,3,3,30,48,292,8,CSE,1
9.47,2,3,4,2,19,23,249,2,IT,1
6.2,2,2,0,2,14,73,151,1,CSE,1
9.74,3,9,7,0,13,48,374,3,CSE,1
6.49,0,10,0,2,56,61,54,4,MECH,1
9.9,1,5,2,1,13,57,362,5,CIVIL,1
5.9,6,6,6,1,59,85,71,4,ECE,1
9.6,6,5,2,2,8,86,117,1,ECE,1
8.1,6,8,7,2,38,28,281,5,ECE,1
6.0,6,8,1,2,12,97,12,3,CSE,1
6.86,6,2,8,1,24,100,353,8,MECH,1
7.46,0,7,0,0,56,25,74,5,CSE,1
8.62,5,3,0,1,70,38,419,3,IT,1
7.69,6,4,2,3,52,7,285,5,CSE,1
6.03,6,1,3,3,98,10,245,8,IT,1
7.08,5,4,4,3,75,54,220,2,CSE,1
5.55,1,7,7,2,38,62,164,7,ECE,1
7.02,2,0,4,1,24,50,200,8,MECH,1
5.9,0,8,1,1,42,96,272,7,CSE,1
5.68,4,8,0,3,97,93,84,8,ECE,1
9.33,1,4,1,3,71,45,102,2,ECE,1
8.07,3,3,4,3,1,37,288,7,IT,1
7.51,6,6,6,0,61,82,80,1,MECH,1
7.36,0,4,5,0,83,82,466,7,CSE,1
6.64,2,0,7,1,15,27,278,1,CIVIL,1
6.39,1,8,8,0,39,13,169,1,CSE,1
7.66,6,6,6,3,11,15,53,6,MECH,1
7.97,5,1,5,2,74,60,24,7,ECE,1
9.43,3,8,1,2,63,24,183,6,ECE,1
6.44,4,6,2,2,100,95,254,6,MECH,1
9.58,2,4,3,0,17,4,214,8,CSE,1
8.21,3,4,5,1,1,39,336,2,MECH,1
6.3,2,8,3,3,72,67,374,6,IT,1
8.12,2,3,1,0,88,20,331,2,IT,1
7.77,3,7,2,0,57,67,60,5,IT,1
9.86,0,9,3,2,94,75,416,7,IT,1
7.68,4,1,5,3,87,94,26,6,ECE,1
7.19,1,4,7,2,72,99,263,3,CSE,1
9.97,0,0,2,3,71,89,72,3,MECH,1
5.55,4,4,5,3,9,8,174,8,CIVIL,1
8.06,2,1,3,2,0,61,120,7,CIVIL,1
9.43,3,1,1,3,23,95,95,7,IT,1
6.3,4,0,4,0,91,39,96,4,MECH,1
8.89,1,2,5,1,53,65,75,2,IT,1
7.29,6,2,5,0,20,12,272,3,CIVIL,1
9.31,0,7,4,2,85,32,347,1,CIVIL,1
8.8,2,5,8,0,98,28,125,3,MECH,1
7.53,4,1,0,2,3,77,279,3,IT,1
6.54,1,7,5,3,14,75,77,3,MECH,1
7.23,6,5,5,3,66,47,33,6,MECH,1
9.63,4,10,6,2,13,59,334,5,CSE,1
9.6,1,9,6,0,88,14,60,3,MECH,1
8.51,2,5,7,3,19,19,90,4,CSE,1
7.76,4,10,0,3,72,71,343,6,MECH,1
6.67,5,1,8,0,4,72,52,4,CSE,1
8.4,5,1,3,1,89,0,315,6,MECH,1
6.04,6,10,4,3,86,19,21,4,IT,1
7.45,4,4,6,2,18,83,485,8,IT,1
5.92,2,3,2,2,78,38,415,2,MECH,1
6.72,1,0,2,0,66,27,101,5,MECH,1
6.41,4,10,2,2,98,84,74,8,CSE,1
7.07,4,7,7,1,88,94,20,8,CIVIL,1
9.68,3,1,2,0,40,21,223,7,IT,1
9.53,4,3,0,1,59,76,230,6,CSE,1
7.27,1,2,8,2,99,70,217,3,ECE,1
6.08,4,3,4,0,69,25,154,5,CSE,1
9.97,1,0,3,1,33,10,146,3,MECH,1
9.82,3,6,5,3,83,56,260,8,IT,1
6.97,6,3,6,2,58,47,221,7,IT,1
6.97,3,10,5,2,42,98,397,1,ECE,1
8.13,1,7,7,1,41,19,499,4,MECH,1
6.65,0,3,1,3,16,75,274,3,IT,1
8.33,4,3,6,1,62,72,160,6,CSE,1
9.16,3,8,1,0,26,59,85,6,CIVIL,1
6.23,2,2,1,1,100,91,363,1,IT,1
9.04,0,8,0,2,23,92,324,8,MECH,1
5.69,6,1,7,1,59,2,348,6,MECH,1
9.52,0,7,4,2,81,58,213,5,CIVIL,1
8.39,6,3,0,1,69,12,196,3,ECE,1
9.87,3,2,6,3,78,55,246,6,CSE,1
9.21,1,7,8,0,36,59,491,5,CSE,1
7.58,4,4,5,3,79,23,418,2,CSE,1
5.97,4,4,4,2,25,40,242,8,MECH,1
8.44,0,7,7,2,78,93,70,7,IT,1
6.59,5,7,0,2,9,35,220,5,ECE,1
7.86,2,2,5,0,81,20,88,4,IT,1
9.4,6,9,3,1,52,27,424,3,ECE,1
8.42,2,10,2,2,56,36,49,4,ECE,1
9.33,3,4,8,0,91,78,29,1,CIVIL,1
7.99,3,5,2,2,79,63,493,7,ECE,1
7.15,2,7,7,2,23,50,128,2,ECE,1
8.09,2,4,7,2,32,63,75,8,CIVIL,1
6.3,0,1,0,2,68,7,274,1,MECH,1
8.97,2,0,3,0,95,7,41,5,CIVIL,1
9.21,0,2,2,1,100,18,73,2,MECH,1
9.57,0,9,6,1,6,38,330,1,ECE,1
8.94,0,0,8,0,52,45,473,8,CIVIL,1
8.26,3,6,4,1,78,91,158,6,CSE,1
7.6,4,4,5,3,75,4,118,2,MECH,1
8.77,3,8,6,2,85,44,49,8,CSE,1
8.47,2,10,3,3,37,93,480,2,ECE,1
9.31,4,4,2,2,65,83,229,5,MECH,1
8.52,3,1,5,3,98,47,171,1,MECH,1
7.08,1,2,2,1,58,75,109,8,CSE,1
9.15,6,9,1,0,27,86,405,7,MECH,1
7.6,5,9,8,0,99,94,178,6,CIVIL,1
5.72,4,9,2,0,89,80,294,7,ECE,1
7.25,1,5,1,2,12,38,490,3,IT,1
8.68,1,10,6,3,11,55,316,4,CSE,1
5.57,5,3,6,2,34,66,447,7,IT,1
6.38,2,6,0,2,94,65,150,6,MECH,1
8.64,0,2,1,3,26,96,169,1,ECE,1
5.7,0,4,2,2,36,95,194,2,MECH,1
7.87,2,7,0,0,36,81,271,5,CIVIL,1
9.91,4,6,8,2,24,90,466,1,CIVIL,1
9.34,1,2,1,1,48,22,311,1,IT,1
5.67,3,2,6,0,91,43,178,6,MECH,1
6.79,2,0,8,2,72,48,32,4,ECE,1
6.96,1,1,8,1,94,7,149,8,ECE,1
7.31,3,4,3,1,8,84,252,6,CSE,1
5.68,5,0,5,1,12,46,376,1,ECE,1
5.85,6,5,2,0,27,42,202,2,MECH,1
6.91,6,10,4,0,97,51,174,3,MECH,1
7.21,2,0,2,1,1,52,106,5,CSE,1
5.9,1,9,4,0,96,85,171,6,CSE,1
7.38,2,1,0,0,95,59,207,1,CSE,1
9.78,2,9,4,2,3,25,363,5,CIVIL,1
9.93,0,3,6,1,21,65,317,5,MECH,1
6.39,1,4,4,0,5,21,453,3,CIVIL,1
6.68,4,1,0,1,29,53,276,5,IT,1
6.32,2,10,6,3,18,51,9,6,IT,1
5.8,2,2,1,0,57,22,287,8,MECH,1
8.8,1,8,6,0,80,26,231,5,MECH,1
5.59,1,1,8,0,12,59,240,1,MECH,1
8.33,0,2,8,2,63,55,328,4,CSE,1
9.33,2,5,2,3,7,51,251,3,ECE,1
7.2,3,4,2,1,91,89,157,6,CSE,0
9.41,3,3,7,2,42,18,395,8,IT,1
9.22,6,0,8,0,85,84,179,2,IT,1
7.51,1,7,7,1,2,54,489,7,CSE,1
7.96,4,3,0,3,72,23,312,6,IT,1
8.92,6,3,0,3,44,10,137,1,CIVIL,1
8.63,4,8,8,1,43,26,235,1,CSE,1
5.53,0,6,5,2,20,55,210,6,CSE,1
8.95,1,0,5,2,73,21,207,1,IT,1
7.8,1,3,0,2,40,53,218,2,ECE,1
9.42,3,10,4,1,100,80,362,4,CSE,1
8.13,2,3,5,2,91,49,263,1,CIVIL,1
6.18,4,2,8,3,53,92,50,7,CSE,1
8.98,0,4,3,2,80,7,437,6,ECE,1
9.13,6,3,0,1,78,1,292,7,CSE,1
6.08,5,4,6,2,40,56,111,7,CSE,1
6.98,2,0,5,2,49,0,384,6,ECE,1
9.87,2,0,0,1,93,14,122,8,MECH,1
5.62,6,2,4,3,62,36,491,8,CIVIL,1
8.15,5,1,5,1,45,25,79,4,CSE,1
7.09,6,10,2,3,12,16,342,1,CSE,1
9.83,5,8,1,1,57,18,426,3,IT,1
7.83,6,7,7,1,74,87,370,1,IT,1
9.22,0,5,8,0,1,74,127,1,IT,1
7.59,0,4,5,3,0,17,146,6,CSE,1
6.76,5,0,2,2,64,78,339,4,CIVIL,1
6.88,6,0,3,1,38,65,388,6,CIVIL,1
6.98,2,0,7,1,33,21,411,3,CIVIL,1
7.39,2,10,1,2,38,21,215,3,IT,1
7.15,4,2,6,0,75,74,114,7,ECE,1
9.91,6,10,0,2,83,70,321,3,CIVIL,1
9.61,1,9,1,3,47,75,260,3,IT,1
6.72,5,5,6,2,17,4,296,6,ECE,1
8.23,6,5,4,1,3,3,82,7,CSE,1
8.12,5,9,6,1,65,25,345,1,CIVIL,1
8.31,1,2,2,3,46,87,442,7,ECE,1
9.02,4,0,2,2,22,26,103,3,IT,1
9.63,3,2,2,0,53,27,226,3,IT,1
6.57,0,8,7,3,97,85,47,6,CSE,1
8.97,0,10,1,0,30,86,15,4,CIVIL,1
8.08,4,8,1,1,28,88,35,6,CSE,1
9.79,4,2,8,2,12,59,249,7,CIVIL,1
6.04,0,10,5,2,59,7,191,3,CSE,1
9.66,6,4,8,3,78,32,217,8,MECH,1
5.8,1,9,2,0,85,79,282,7,MECH,1
9.27,3,5,5,1,39,61,118,4,MECH,1
5.58,3,9,7,1,72,62,147,7,CSE,1
7.93,4,3,6,3,8,99,122,2,CSE,1
6.49,4,9,7,2,0,77,44,5,IT,1
9.74,3,1,2,1,69,81,429,7,IT,1
7.02,1,4,3,0,94,24,357,1,IT,1
8.95,1,10,7,0,37,86,377,6,CSE,1
8.05,4,9,6,0,23,88,339,2,CIVIL,1
8.35,2,6,8,1,41,53,491,7,MECH,1
5.54,0,5,4,3,54,44,223,4,CIVIL,1
7.14,0,5,3,1,62,26,118,7,IT,1
7.35,4,2,1,3,83,61,443,3,IT,1
8.82,3,9,3,2,57,64,488,6,IT,1
8.61,3,9,4,0,35,12,442,3,CSE,1
9.36,6,9,5,0,47,49,57,2,MECH,1
8.78,2,10,8,3,10,91,364,1,CIVIL,1
8.68,0,2,4,3,33,36,425,7,IT,1
8.97,6,2,2,0,63,49,112,1,IT,1
8.77,5,6,3,1,4,9,423,1,CIVIL,1
5.76,2,10,4,1,63,96,227,4,ECE,1
8.04,4,1,0,2,67,82,425,2,CSE,1
8.78,4,0,8,2,18,39,351,3,ECE,1
7.3,5,8,8,3,72,36,56,1,CSE,1
6.68,0,6,5,3,35,63,69,5,MECH,1
7.89,6,1,5,1,53,11,476,2,CSE,1
9.3,1,4,6,1,82,83,245,6,MECH,1
6.82,1,9,5,2,53,60,48,3,CIVIL,1
5.55,3,4,1,3,97,45,333,3,CIVIL,1
6.75,2,0,3,0,39,42,257,1,MECH,1
9.13,5,6,6,0,75,51,0,2,IT,1
9.67,1,6,0,0,83,44,79,4,CSE,1
6.16,4,4,3,1,65,76,334,8,ECE,1
8.63,4,8,1,2,98,86,245,3,ECE,1
8.35,1,3,2,0,36,29,439,5,CIVIL,1
9.95,6,8,8,2,48,0,69,8,CSE,1
8.09,5,0,4,0,8,0,117,3,IT,1
9.62,4,10,8,1,90,11,350,5,ECE,1
6.34,1,1,0,3,12,56,365,2,CSE,1
6.06,0,6,6,1,6,53,187,1,CSE,1
6.67,2,7,6,2,5,82,197,7,ECE,1
8.52,4,3,7,1,84,99,62,6,CSE,1
6.12,6,7,4,3,57,14,454,2,CIVIL,1
6.6,1,1,4,1,81,51,446,6,MECH,1
5.73,6,1,6,1,1,58,350,1,CSE,1
8.79,0,9,7,1,93,3,239,8,ECE,1
6.82,4,3,8,1,72,45,125,2,CSE,1
7.92,3,5,5,1,75,98,224,8,CIVIL,1
6.02,6,3,3,1,10,56,284,6,CIVIL,1
6.94,2,4,2,3,9,39,403,4,CSE,1
9.68,2,1,6,1,68,75,40,1,MECH,1
7.47,0,10,0,1,39,81,355,7,CSE,1
7.3,5,3,8,3,91,70,451,8,IT,1
8.57,2,7,2,3,38,14,361,1,CSE,1
7.43,2,9,3,2,70,96,51,4,CSE,1
6.8,1,10,3,0,82,29,142,7,ECE,1
8.31,3,8,4,3,70,9,299,6,ECE,1
8.64,3,7,5,1,60,72,2,7,CSE,1
5.88,4,0,5,2,59,17,128,5,MECH,1
8.95,4,4,2,3,28,15,409,3,ECE,1
8.43,2,7,5,2,19,97,211,4,ECE,1
6.18,3,3,2,2,1,68,310,4,ECE,1
9.45,6,6,0,2,82,38,103,4,IT,1
8.46,6,4,7,2,64,37,92,4,IT,1
9.42,1,10,8,0,38,63,24,8,MECH,1
9.96,0,2,4,3,89,35,98,7,CSE,1
8.3,6,1,6,2,20,79,460,5,IT,1
5.67,3,5,0,1,96,71,196,8,ECE,1
9.43,2,8,3,3,73,2,265,5,IT,1
6.36,4,10,2,3,71,45,212,5,IT,1
5.67,3,2,0,2,46,52,446,7,CSE,0
9.44,1,8,8,3,18,75,45,7,MECH,1
6.48,0,10,7,2,10,19,1,6,IT,1
6.79,4,10,1,3,88,68,58,5,IT,1
9.41,0,1,7,0,3,40,12,4,CSE,1
8.45,2,3,3,0,11,56,374,5,MECH,1
5.92,1,8,6,3,90,0,32,3,MECH,1
5.79,3,5,6,0,38,21,326,3,CIVIL,1
7.78,6,9,2,3,30,30,37,6,CSE,1
8.19,6,4,6,2,1,75,40,6,CSE,1
6.25,6,10,2,3,72,66,284,4,CSE,1
9.78,5,8,4,2,45,43,454,4,ECE,1
9.88,5,8,7,1,97,18,85,7,IT,1
7.05,6,7,7,2,22,47,388,4,CSE,1
9.84,6,10,7,2,82,75,166,4,IT,1
9.02,3,6,0,1,9,0,391,3,CIVIL,1
6.12,0,5,0,1,95,43,477,5,MECH,1
7.83,3,7,4,2,100,20,258,4,IT,1
9.75,0,8,4,2,31,68,247,3,IT,1
5.8,4,6,0,2,42,33,155,8,CSE,1
6.49,6,3,6,2,8,31,337,3,ECE,1
7.49,3,7,5,2,90,45,414,3,ECE,1
5.55,0,2,8,1,35,78,80,1,MECH,1
8.86,1,5,2,1,58,15,171,5,IT,1
9.98,1,4,5,2,44,82,236,8,IT,1
5.99,5,10,6,1,84,20,46,7,MECH,1
9.21,1,8,3,2,6,86,438,7,ECE,1
8.75,3,5,1,2,33,31,441,1,IT,1
6.36,2,9,7,2,62,11,188,2,MECH,1
6.32,0,5,4,0,26,78,422,6,ECE,1
8.21,2,7,5,2,20,57,167,1,MECH,1
7.55,4,9,5,0,37,13,461,4,CIVIL,1
7.68,0,9,4,3,78,34,419,2,MECH,1
7.83,5,3,5,0,70,76,459,8,IT,1
9.65,0,4,3,1,92,96,74,2,CIVIL,1
9.12,5,10,6,2,37,94,27,6,CIVIL,1
8.19,2,4,0,1,55,26,73,1,IT,1
7.59,0,2,6,2,36,67,426,7,ECE,1
9.97,6,5,4,0,20,5,339,6,CIVIL,1
5.9,2,2,0,2,48,30,245,6,CIVIL,1
5.99,4,7,5,0,24,33,148,8,CIVIL,1
6.79,5,4,3,2,43,41,322,8,IT,1
7.23,5,3,8,1,65,49,313,8,ECE,1
9.35,5,8,6,3,52,6,280,5,CIVIL,1
9.75,2,8,8,3,79,73,68,6,ECE,1
7.47,3,10,4,0,32,56,435,1,ECE,1
7.13,3,1,7,0,93,32,389,7,CSE,1
9.81,3,5,0,0,77,11,267,3,MECH,1
6.38,0,5,3,3,71,10,194,7,ECE,1
8.53,3,6,5,1,89,44,202,2,IT,1
9.98,1,5,1,0,49,100,191,8,CIVIL,1
6.55,6,6,6,1,73,68,474,7,ECE,1
6.42,0,8,0,1,78,56,260,4,ECE,1
6.72,0,5,5,3,24,54,120,8,MECH,1
8.81,3,10,4,2,67,56,368,5,CSE,1
6.52,1,4,1,2,71,91,486,5,ECE,1
6.69,4,10,7,2,99,42,460,3,MECH,1
5.55,4,3,4,3,85,18,149,6,IT,1
6.28,1,5,6,0,38,57,190,6,CSE,1
7.55,6,2,6,3,83,19,329,8,MECH,1
6.09,1,10,6,3,33,83,81,5,CSE,1
7.47,6,4,0,0,64,22,289,7,CIVIL,1
7.28,2,3,1,3,59,3,431,7,ECE,1
9.38,4,5,8,1,44,50,14,2,CIVIL,1
8.82,3,0,0,3,83,88,19,8,CSE,1
6.17,1,0,3,2,63,33,346,2,MECH,1
9.4,4,1,1,1,76,69,17,2,ECE,1
5.58,2,2,4,0,48,0,283,7,IT,1
5.72,1,5,6,3,44,49,73,2,CSE,1
5.57,4,4,8,1,39,19,197,6,IT,1
9.77,2,3,6,2,57,73,240,2,CSE,1
9.43,3,0,2,0,34,76,475,5,ECE,1
5.52,6,6,1,2,5,30,106,1,CIVIL,1
6.12,6,5,6,2,47,61,138,1,IT,1
8.09,4,5,3,0,85,27,312,4,CSE,1
7.41,2,1,2,1,74,35,82,1,IT,1
7.22,0,5,7,3,51,94,310,7,MECH,1
9.42,4,9,7,3,35,28,283,2,MECH,1
9.91,5,4,5,0,33,5,465,4,IT,1
6.45,5,7,2,3,36,72,336,2,ECE,1
8.08,6,2,2,0,74,38,83,1,IT,1
9.04,5,6,8,1,73,13,72,7,CSE,1
6.28,6,6,7,2,24,96,456,7,CIVIL,1
8.57,2,8,1,3,77,46,12,8,CSE,1
8.68,6,7,0,0,38,75,373,6,MECH,1
9.91,3,9,0,3,43,50,247,7,MECH,1
5.55,1,9,6,1,21,62,202,4,CSE,1
8.51,0,0,7,2,77,70,62,4,MECH,1
6.19,4,4,0,0,83,86,220,3,CIVIL,1
8.66,2,1,7,3,11,67,373,1,MECH,1
9.62,4,9,2,3,41,31,355,6,ECE,1
7.98,0,0,0,0,91,59,284,8,ECE,1
8.91,5,2,4,0,70,49,162,7,CSE,1
8.18,2,6,3,3,4,6,324,2,IT,1
5.83,1,7,3,3,41,6,69,4,IT,1
6.99,3,5,3,1,35,95,376,4,IT,1
8.63,2,0,0,0,97,79,134,6,MECH,1
6.46,0,7,7,0,45,82,244,7,MECH,1
9.6,2,9,2,1,40,72,298,4,IT,1
6.27,3,3,5,0,16,90,403,4,IT,1
9.57,1,10,1,2,1,94,471,7,MECH,1
5.98,1,6,3,2,61,29,438,8,ECE,1
9.29,1,4,0,3,17,86,117,6,CIVIL,1
9.92,6,1,2,1,57,91,270,8,CIVIL,1
7.36,3,6,1,2,86,51,425,3,ECE,1
5.65,5,7,8,3,61,22,277,2,ECE,1
8.63,2,1,0,2,100,56,70,4,ECE,1
9.16,4,5,2,0,58,38,3,8,CIVIL,1
6.98,5,2,1,3,51,73,422,6,CSE,1
8.95,2,3,0,1,6,11,450,7,IT,1
6.51,5,4,6,1,90,28,141,1,CSE,1
9.22,5,1,6,3,94,34,214,2,CIVIL,1
5.84,0,5,1,2,97,54,182,5,CSE,1
8.51,2,9,3,3,90,62,155,2,ECE,1
8.64,1,6,6,2,92,0,278,4,CIVIL,1
7.95,6,0,5,0,34,93,320,1,CIVIL,1
6.73,4,8,2,2,13,57,468,2,MECH,1
9.71,4,9,8,2,33,96,165,4,ECE,1
7.8,1,8,3,3,18,5,242,3,IT,1
9.1,6,4,0,0,15,78,477,1,MECH,1
6.58,5,0,6,3,97,91,261,6,ECE,1
8.74,6,0,3,0,70,11,226,6,ECE,1
6.72,1,6,5,2,51,4,156,1,CIVIL,1
7.1,4,6,0,1,96,89,272,3,CSE,1
7.85,5,4,5,0,14,23,186,6,CSE,1
6.15,4,10,1,0,34,62,185,3,CIVIL,1
7.94,0,4,0,1,89,28,119,5,ECE,1
8.98,3,2,2,3,22,86,329,5,CIVIL,1
7.49,6,8,4,1,80,37,395,3,IT,1
8.18,3,10,4,3,77,11,230,1,MECH,1
9.88,5,3,8,1,41,72,136,4,CIVIL,1
6.18,2,8,0,1,10,38,107,1,MECH,1
6.68,2,6,1,3,50,52,195,2,ECE,1
8.55,4,4,2,3,20,24,463,5,CSE,1
9.64,4,6,3,1,61,8,87,8,ECE,1
5.61,1,4,2,3,11,73,397,3,CIVIL,1
7.67,3,7,2,0,40,14,160,2,CIVIL,1
7.7,0,8,1,3,42,69,171,6,ECE,1
6.02,5,6,2,1,35,25,258,3,IT,1
6.54,5,8,4,2,45,79,100,5,CSE,1
7.84,4,0,4,1,20,52,106,6,IT,1
7.76,2,1,8,3,61,79,425,4,IT,1
8.52,5,6,2,3,75,72,29,5,CIVIL,1
6.62,6,4,6,0,42,30,338,4,MECH,1
8.46,2,8,2,1,13,82,490,1,MECH,1
8.47,5,9,8,0,24,19,77,7,CIVIL,1
9.83,3,4,2,3,32,96,459,4,MECH,1
7.02,5,6,1,2,68,58,462,7,CSE,1
8.21,2,10,0,0,92,35,247,5,MECH,1
9.5,6,5,2,0,62,53,310,7,CSE,1
6.02,0,8,2,1,97,96,38,4,ECE,1
9.96,3,6,1,0,23,55,279,1,CIVIL,1
8.28,5,9,7,0,40,60,126,4,ECE,1
8.38,2,1,4,1,100,38,326,6,ECE,1
6.47,6,5,1,0,66,99,378,3,MECH,1
5.57,1,8,4,0,72,23,198,3,CIVIL,1
8.42,6,10,8,2,34,69,196,8,CIVIL,1
7.08,2,2,3,1,60,45,380,5,CSE,1
7.87,3,10,7,3,47,98,358,8,MECH,1
6.48,3,4,2,1,8,77,270,2,CSE,1
9.59,3,3,4,1,16,25,482,8,ECE,1
9.65,3,2,1,1,30,87,61,1,MECH,1
7.05,1,7,6,0,12,21,157,1,CIVIL,1
9.07,2,7,5,2,35,44,489,3,CIVIL,1
5.74,4,3,3,1,57,39,174,2,CIVIL,1
7.9,2,10,4,0,64,51,435,8,ECE,1
7.8,6,2,2,2,2,48,73,5,CSE,1
6.26,6,5,7,3,40,57,486,4,MECH,1
6.46,6,6,3,2,3,100,64,7,CSE,1
7.77,3,1,1,3,67,42,253,2,CSE,1
6.57,3,0,6,2,0,77,277,2,ECE,1
9.33,6,3,1,2,36,17,134,1,CSE,1
6.77,5,7,2,0,7,20,481,6,CSE,1
6.71,5,2,5,2,72,55,207,4,CSE,1
9.18,0,0,3,0,79,24,419,2,CSE,1
6.26,5,0,2,2,2,80,90,4,CIVIL,1
8.62,3,0,2,2,79,29,202,5,MECH,1
5.76,4,0,1,0,11,87,202,7,CSE,1
7.27,2,5,1,1,58,25,71,6,CSE,1
7.3,2,1,4,0,4,67,398,1,CIVIL,1
9.66,5,9,4,2,33,13,350,4,MECH,1
5.95,3,2,5,3,13,56,362,6,CIVIL,1
9.4,0,2,6,1,35,34,462,5,IT,1
7.42,0,6,6,1,89,36,257,7,CSE,1
6.61,2,6,4,3,44,68,4,4,IT,1
8.61,1,10,1,2,99,19,464,2,IT,1
7.81,4,8,8,1,58,43,18,1,ECE,1
7.86,6,3,7,1,56,66,307,3,IT,1
8.29,0,0,1,2,51,0,141,8,ECE,1
9.27,0,4,6,0,56,83,117,4,MECH,1
7.49,4,8,0,2,27,60,314,1,MECH,1
6.16,5,8,1,3,42,93,343,3,CSE,1
7.71,3,8,4,1,92,4,471,5,CIVIL,1
5.83,2,10,2,2,65,69,36,4,MECH,1
9.21,5,5,6,3,91,76,406,5,ECE,1
5.72,6,10,4,1,58,97,206,3,MECH,1
6.44,2,5,3,2,9,39,301,8,CSE,1
5.7,1,9,2,2,28,50,82,3,CSE,1
8.16,3,2,2,2,8,74,159,7,IT,1
8.71,1,9,7,1,73,19,116,4,CSE,1
6.49,3,3,8,3,49,72,38,5,IT,1
8.95,0,9,0,0,59,58,428,5,CIVIL,1
8.52,5,2,8,0,61,73,166,8,MECH,1
8.05,0,1,5,3,15,74,315,2,CSE,1
6.59,2,9,2,0,48,4,313,5,MECH,1
7.89,3,3,0,1,17,73,285,5,ECE,1
8.15,4,2,8,3,41,80,405,6,MECH,1
9.85,5,9,0,3,33,50,303,4,ECE,1
7.98,3,5,6,3,1,49,384,5,CSE,1
8.99,0,1,5,1,92,0,194,4,MECH,1
5.85,6,1,4,2,66,60,17,3,CIVIL,1
8.76,2,7,8,0,61,58,419,3,MECH,1
5.53,1,8,8,1,87,57,191,8,MECH,1
5.9,6,6,6,3,87,78,97,2,CSE,1
6.56,3,2,0,0,93,12,57,1,ECE,1
8.2,0,0,1,0,8,48,433,1,CSE,1
7.12,2,6,1,1,8,95,476,2,ECE,1
7.37,6,1,0,1,83,71,131,6,MECH,1
8.64,6,1,0,3,22,42,424,7,ECE,1
9.16,6,10,0,1,74,13,77,8,ECE,1
9.72,5,2,3,3,58,50,300,8,CSE,1
9.34,6,10,5,1,8,4,411,2,CSE,1
7.33,1,7,0,0,91,92,51,4,MECH,1
8.13,0,3,2,1,45,68,335,5,CSE,1
8.55,5,6,2,2,97,96,267,3,CSE,1
9.91,5,4,2,3,0,78,62,2,CIVIL,1
5.93,0,4,8,0,41,42,107,7,MECH,1
6.28,4,10,8,3,69,9,311,5,CSE,1
9.16,6,2,7,1,43,6,80,1,CIVIL,1
8.84,2,0,0,3,55,1,473,4,IT,1
6.13,1,5,2,1,70,30,377,6,MECH,1
5.63,4,1,3,3,74,66,364,7,MECH,1
6.82,2,10,8,0,56,100,457,5,CSE,1
8.07,4,9,1,1,79,75,479,2,CIVIL,1
7.64,3,8,5,3,68,37,218,2,IT,1
9.6,0,3,4,2,20,12,207,1,CIVIL,1
9.09,0,5,2,2,90,53,5,5,CSE,1
9.06,5,4,3,3,58,22,19,5,MECH,1
7.53,5,3,2,0,82,18,175,1,CSE,1
7.21,5,6,4,3,36,43,25,6,MECH,1
9.41,6,7,1,2,89,73,75,6,CIVIL,1
6.95,4,9,8,1,74,48,350,6,CIVIL,1
7.11,5,5,6,3,57,32,278,2,CSE,1
9.64,0,7,3,1,22,0,360,5,IT,0
8.76,6,10,4,3,27,30,225,8,CIVIL,1
9.19,5,8,2,1,69,76,384,8,ECE,1
9.02,0,3,4,1,99,18,135,8,IT,1
7.77,0,10,8,0,38,3,13,5,CSE,1
9.78,2,6,0,1,27,78,147,6,CIVIL,1
9.12,1,6,7,3,91,70,420,3,MECH,1
9.67,0,1,6,0,42,60,167,3,CIVIL,1
7.58,3,1,8,1,73,46,37,3,ECE,1
5.84,2,2,5,2,77,0,147,4,CIVIL,1
8.95,6,0,3,0,21,25,287,4,IT,1
5.56,1,1,6,3,73,27,478,5,MECH,1
8.05,4,2,1,3,71,24,23,1,MECH,1
5.55,4,4,6,2,100,35,183,1,ECE,1
9.71,6,10,4,1,23,1,128,3,MECH,1
8.36,1,1,6,1,40,19,11,6,ECE,1
9.29,2,3,7,2,79,72,97,1,MECH,1
8.56,4,2,5,3,33,45,47,4,IT,1
8.05,2,1,6,0,31,24,437,8,CIVIL,1
6.62,6,3,7,3,33,7,312,7,CSE,1
8.38,4,6,1,2,3,88,44,1,IT,1
9.86,3,7,2,3,72,72,121,1,CIVIL,1
8.83,5,1,3,3,32,90,353,3,IT,0
8.26,2,4,8,1,50,78,348,5,CSE,1
7.98,3,0,1,3,19,54,170,8,ECE,1
8.13,1,7,6,1,38,95,300,4,IT,1
8.02,0,9,5,1,70,74,34,3,IT,1
7.96,2,7,8,3,12,16,426,2,ECE,1
8.89,3,9,1,0,21,51,454,5,IT,1
7.4,2,4,8,0,94,80,13,7,CIVIL,1
6.21,1,4,1,0,52,25,385,3,ECE,1
6.18,5,3,8,1,10,48,172,8,ECE,1
8.64,4,4,6,1,31,17,446,5,MECH,1
5.54,4,6,3,3,33,29,457,8,IT,1
6.54,5,0,0,2,90,43,485,8,ECE,1
9.83,1,5,0,3,12,47,313,2,MECH,1
7.81,1,6,1,2,93,0,45,1,CIVIL,1
6.53,2,10,0,1,60,87,250,4,IT,1
10.0,3,0,8,2,28,25,186,1,MECH,1
9.25,0,5,3,2,35,66,191,1,IT,1
9.5,6,6,3,3,69,13,71,5,ECE,1
5.51,0,4,3,3,44,98,250,7,CIVIL,1
8.58,3,10,6,2,86,70,305,2,ECE,1
7.48,6,7,0,2,20,25,287,6,MECH,1
7.32,1,1,5,2,6,85,52,8,IT,1
7.58,6,9,5,2,63,8,424,3,MECH,1
7.91,0,2,5,1,2,75,400,4,IT,0
6.59,1,10,4,2,50,11,194,6,CSE,1
9.83,3,7,5,1,14,20,172,2,MECH,1
9.47,1,6,3,3,93,78,179,6,CIVIL,1
6.12,5,8,2,0,23,11,141,6,CIVIL,1
5.67,0,6,1,3,28,76,418,6,CSE,1
7.24,2,2,5,0,34,40,224,1,ECE,1
6.06,2,1,0,0,15,41,413,5,CIVIL,1
9.54,4,2,1,3,58,14,121,1,ECE,1
6.42,4,8,5,2,50,60,291,5,ECE,1
6.17,1,6,5,3,19,81,93,6,ECE,1
9.25,2,1,1,3,25,95,277,5,IT,1
8.87,5,8,3,1,9,68,146,7,CSE,1
9.63,6,6,6,2,79,59,216,1,CIVIL,1
7.46,6,5,7,2,17,22,197,3,ECE,1
7.09,6,10,3,1,93,26,217,8,CIVIL,0
9.36,6,1,6,1,45,5,332,1,IT,1
8.91,6,9,2,2,44,47,394,5,ECE,1
9.42,4,2,2,1,75,89,390,2,IT,1
9.2,0,10,1,3,70,99,204,3,IT,1
6.17,4,1,4,2,5,56,215,2,CSE,1
9.25,2,2,6,1,21,54,358,1,CIVIL,1
8.82,1,3,8,3,9,86,382,4,CSE,1
5.59,6,4,8,0,68,90,86,5,CIVIL,1
9.9,1,7,5,0,21,73,291,2,IT,1
9.8,4,3,3,1,58,10,6,5,CSE,1
8.22,3,2,1,1,40,100,396,1,MECH,1
9.37,4,5,4,3,39,99,436,3,MECH,1
7.98,2,4,6,2,27,87,134,3,IT,1
6.97,0,6,5,3,79,17,441,7,ECE,1
7.2,1,5,4,2,8,47,249,4,MECH,1
5.79,6,4,1,2,92,3,441,6,CSE,1
7.02,4,0,7,1,41,50,180,6,MECH,1
7.89,6,0,6,1,48,16,367,2,CSE,1
10.0,4,4,4,2,15,83,494,1,CIVIL,1
8.31,2,0,7,3,58,13,403,8,ECE,1
9.91,2,7,0,1,0,90,442,6,IT,1
8.15,6,8,6,2,27,63,27,5,MECH,1
6.5,0,4,0,1,0,79,158,8,ECE,1
8.51,6,9,1,1,67,22,409,4,MECH,1
6.76,3,7,7,3,48,88,236,1,IT,1
8.07,2,1,8,0,21,81,394,5,CSE,1
6.11,0,2,8,2,82,98,473,1,CSE,1
8.57,0,9,7,3,63,10,347,8,ECE,1
6.15,5,2,4,2,90,9,463,4,MECH,1
9.64,6,1,8,2,46,59,380,6,CIVIL,1
8.56,6,5,2,1,37,16,179,5,MECH,1
5.52,4,10,6,2,80,48,75,4,CSE,1
5.95,4,0,2,1,75,66,482,1,CIVIL,1
8.29,3,3,1,0,11,74,495,8,CSE,1
8.36,6,4,1,3,85,10,32,6,CSE,1
6.88,0,7,0,1,65,5,150,2,IT,1
6.84,2,10,6,0,89,70,241,7,MECH,1
5.69,0,3,1,0,34,66,58,8,CIVIL,1
7.88,3,1,0,3,35,21,394,1,MECH,1
9.14,1,1,2,3,55,20,156,6,ECE,1
9.52,2,5,6,2,61,41,498,1,CSE,1
7.37,6,10,3,1,90,14,147,3,IT,1
6.52,1,0,4,2,62,34,324,5,IT,1
9.96,3,5,8,2,52,57,12,1,CIVIL,1
8.67,5,10,8,0,67,56,208,1,IT,1
9.51,0,7,5,2,8,40,158,5,MECH,1
7.36,4,6,8,2,86,83,159,7,CSE,1
6.63,4,8,5,2,60,88,355,1,ECE,1
9.95,3,7,0,1,32,59,356,1,CSE,1
7.98,1,10,0,2,79,64,328,2,CSE,1
9.86,6,5,2,2,31,27,55,6,ECE,1
7.61,4,1,1,3,28,19,148,6,IT,1
9.74,3,3,4,3,31,10,445,5,MECH,1
6.82,4,5,0,0,10,42,68,6,CSE,1
6.14,3,10,1,3,11,40,388,8,CSE,1
8.97,1,4,4,3,63,43,454,3,CSE,1
7.81,3,0,4,3,45,55,480,6,CIVIL,1
5.98,6,2,5,1,45,88,322,5,CIVIL,1
8.41,6,8,6,0,33,2,228,3,ECE,1
8.09,3,0,0,3,72,63,41,1,IT,1
8.26,1,9,8,0,7,21,121,8,ECE,1
8.23,0,9,3,2,11,43,463,3,CIVIL,1
9.17,2,4,8,0,33,85,471,3,CSE,1
6.3,1,3,4,1,60,76,171,8,MECH,1
9.62,0,4,5,1,55,50,253,3,IT,1
7.4,3,4,6,2,49,2,415,2,CSE,1
8.4,2,2,0,1,63,36,123,1,MECH,1
8.31,4,3,2,3,13,78,289,3,IT,1
5.77,0,2,8,2,8,85,266,4,IT,1
8.62,3,1,4,0,98,21,253,8,CSE,1
5.6,4,4,5,0,15,10,441,6,MECH,1
8.3,3,3,8,3,61,25,258,3,MECH,1
9.23,3,2,6,2,89,40,500,7,MECH,1
9.97,2,0,2,1,97,94,67,1,ECE,1
5.8,2,1,5,2,55,87,418,3,MECH,1
6.83,1,3,1,2,94,74,374,5,ECE,1
5.81,1,6,2,3,78,85,127,1,MECH,1
8.48,4,6,7,3,65,16,231,1,IT,1
8.94,6,5,4,3,82,72,146,4,IT,1
8.48,3,4,1,2,54,20,378,5,CIVIL,1
9.18,6,3,3,1,72,28,136,6,CSE,1
7.87,5,2,2,2,28,88,460,1,IT,1
9.3,3,2,7,0,67,10,500,3,ECE,1
5.59,5,5,6,3,95,83,24,8,CSE,1
8.49,0,8,2,3,49,33,47,1,CSE,1
8.63,2,1,7,3,24,7,345,7,MECH,1
9.59,1,5,4,1,33,19,109,8,CIVIL,1
6.61,3,4,2,0,18,52,434,6,CSE,1
6.18,5,2,3,3,86,17,28,2,MECH,1
8.24,0,1,0,2,22,74,136,3,CSE,1
6.1,4,3,7,2,81,45,497,3,IT,1
9.56,6,1,0,3,7,4,21,4,CSE,1
9.51,0,4,5,0,66,58,199,1,MECH,1
9.59,0,9,4,1,72,13,71,3,MECH,1
6.4,6,1,5,0,92,9,23,8,ECE,1
7.69,6,4,6,1,30,64,351,2,IT,1
6.0,5,8,6,2,69,13,397,3,MECH,1
9.28,0,7,5,1,84,7,188,5,IT,1
5.78,1,9,1,0,56,87,481,7,IT,1
6.09,3,4,7,0,38,45,30,5,CIVIL,1
6.29,6,2,6,1,13,74,276,5,IT,1
6.62,2,3,4,0,23,50,403,5,IT,1
9.37,4,1,7,3,33,73,495,8,CSE,1
9.95,0,6,1,0,52,28,134,5,IT,1
6.91,5,8,5,0,60,90,478,5,ECE,1
9.46,3,8,8,3,32,8,379,8,IT,1
5.99,5,1,3,2,83,33,488,8,MECH,1
7.03,1,2,7,1,83,100,207,4,CIVIL,1
6.17,6,8,1,3,43,61,281,8,ECE,1
7.89,6,8,7,0,92,44,233,3,CIVIL,1
8.68,3,7,1,0,72,29,374,1,ECE,1
7.59,4,2,5,1,97,60,489,2,MECH,1
8.69,4,6,1,1,27,54,1,4,IT,1
8.75,1,1,2,0,42,42,165,4,MECH,1
6.26,0,8,5,1,30,21,354,7,MECH,1
6.96,6,5,7,3,67,69,421,3,IT,1
6.63,1,7,5,1,34,86,413,7,IT,1
6.88,6,10,1,1,97,54,306,3,CIVIL,1
6.11,5,0,8,2,15,38,318,8,MECH,1
7.73,3,0,8,1,86,15,404,4,IT,1
8.27,4,0,3,1,72,35,458,6,CSE,1
8.86,6,9,0,2,83,83,416,8,CSE,1
8.11,5,1,7,1,29,15,194,5,IT,1
9.44,4,7,8,3,75,26,123,4,ECE,1
5.97,2,5,2,0,57,13,495,7,ECE,1
8.16,4,10,3,3,32,39,180,7,CIVIL,1
9.73,5,5,0,0,67,38,235,1,ECE,1
5.65,3,3,1,3,0,95,58,8,CSE,1
6.64,1,9,4,1,5,48,421,4,ECE,1
5.58,2,2,6,1,34,49,351,3,MECH,1
9.19,3,0,8,1,17,54,309,5,ECE,1
8.05,5,6,6,0,73,61,127,7,MECH,1
9.14,2,9,8,2,55,42,316,5,CSE,1
6.29,1,4,5,3,21,84,416,7,CSE,1
9.65,1,4,5,1,30,57,290,5,IT,1
9.23,2,8,7,2,64,39,15,4,IT,1
5.96,0,6,0,1,81,99,158,7,MECH,1
6.02,4,7,7,0,36,65,233,2,CSE,1
6.62,3,10,3,0,37,5,84,3,CIVIL,1
7.08,6,8,2,3,70,6,491,2,IT,1
6.71,0,10,6,1,2,28,160,7,ECE,1
9.93,2,2,5,0,48,46,368,6,IT,1
6.44,2,2,3,2,45,33,63,2,MECH,1
7.07,6,1,5,2,92,66,96,8,IT,1
7.02,5,4,6,1,62,96,111,1,IT,1
7.49,2,6,3,3,58,12,224,1,ECE,1
5.56,5,3,0,2,30,88,92,3,MECH,1
8.35,3,4,0,3,28,46,425,6,CSE,1
9.05,1,3,2,3,1,37,368,3,ECE,1
8.15,3,0,3,1,65,57,313,1,MECH,1
9.35,1,4,2,3,45,44,88,1,CIVIL,1
5.52,6,4,2,3,45,92,15,5,CIVIL,1
9.48,5,6,8,2,100,9,92,5,CSE,1
5.54,4,4,5,0,75,73,8,6,CSE,1
8.98,6,5,4,3,54,93,121,4,CSE,1
8.44,5,7,4,0,13,38,48,5,CIVIL,1
8.38,3,0,1,1,48,4,213,1,IT,1
9.67,5,10,3,2,94,31,282,6,MECH,1
7.96,3,8,5,2,76,31,45,8,MECH,1
7.34,6,3,8,2,69,29,223,2,MECH,1
6.82,2,6,5,1,67,12,167,7,CIVIL,1
8.9,5,1,6,0,4,85,119,6,ECE,1
7.5,2,5,1,1,66,60,187,2,MECH,1
7.17,0,6,2,0,23,51,302,8,CIVIL,1
6.57,3,8,4,2,73,71,434,5,ECE,1
7.69,2,9,7,0,48,57,110,3,CIVIL,1
9.25,1,2,4,0,55,72,357,5,ECE,1
6.57,3,2,2,2,74,9,52,5,MECH,1
8.23,0,6,5,0,90,44,432,6,ECE,1
8.64,4,8,1,3,32,56,71,4,CSE,1
7.12,1,7,1,1,73,69,300,1,CIVIL,1
7.08,2,10,4,0,17,26,59,3,CIVIL,1
9.78,3,8,7,2,61,23,337,7,ECE,1
8.16,4,6,2,0,11,78,324,2,CIVIL,1
7.12,6,7,6,0,21,25,74,1,IT,1
5.96,0,5,0,0,42,79,466,2,ECE,1
9.37,4,1,2,2,40,87,80,8,IT,1
9.95,2,8,5,2,60,25,391,7,IT,1
8.32,5,7,5,3,85,78,372,8,CIVIL,1
8.68,4,4,6,0,90,74,223,5,MECH,1
6.75,0,3,8,0,77,98,248,3,CSE,1
6.38,5,3,0,3,0,26,427,3,MECH,1
8.47,3,3,4,2,31,38,3,1,MECH,1
8.01,3,3,0,1,1,47,171,2,ECE,1
9.66,6,5,8,1,36,43,171,2,CSE,1
7.1,0,7,1,2,92,36,8,2,CIVIL,1
7.6,3,6,3,3,74,10,156,5,ECE,1
9.09,4,0,1,1,61,27,332,5,CSE,1
8.95,1,0,4,0,10,66,180,4,MECH,1
6.25,3,3,5,0,79,52,159,1,ECE,1
7.66,0,8,3,3,15,13,149,4,CSE,1
6.41,2,10,2,3,93,99,281,1,IT,1
7.28,4,5,2,1,16,2,183,5,CSE,1
8.34,5,5,3,3,57,52,296,6,CSE,1
9.94,5,4,1,2,3,44,250,6,CSE,1
5.98,5,2,4,0,18,15,43,8,IT,1
6.82,3,5,5,1,51,21,443,8,ECE,1
6.66,6,1,5,3,37,50,178,4,CIVIL,1
9.88,1,10,7,0,60,69,319,5,IT,1
6.41,5,9,3,3,70,22,436,8,CIVIL,1
6.97,5,9,7,1,58,95,233,7,IT,1
5.6,5,7,0,3,21,53,439,1,MECH,1
5.94,2,5,8,2,19,4,50,5,CIVIL,1
9.28,4,0,8,3,97,6,251,7,CSE,1
7.63,5,8,1,1,33,99,373,6,CIVIL,1
9.39,1,3,7,2,49,75,18,1,IT,1
8.23,6,6,7,3,84,74,116,2,MECH,1
5.87,4,6,6,2,90,76,425,4,MECH,1
9.22,4,8,4,0,2,18,4,6,IT,1
7.32,1,2,2,0,41,22,188,7,CSE,1
5.72,2,10,3,3,92,80,220,1,CIVIL,1
6.8,2,0,2,1,5,19,438,1,ECE,0
8.26,1,9,8,3,11,65,316,2,MECH,1
9.54,5,3,3,3,79,40,449,8,ECE,1
7.81,4,6,5,1,82,69,163,6,MECH,1
7.86,5,2,8,0,28,87,324,5,CIVIL,1
8.64,1,0,5,2,69,62,498,7,MECH,1
5.59,0,0,3,3,67,54,449,8,MECH,1
9.93,2,6,2,0,76,1,473,7,MECH,1
7.41,0,8,1,2,18,35,233,8,CIVIL,1
8.05,1,2,4,2,35,3,474,6,CSE,1
8.55,2,10,8,3,39,68,337,1,ECE,1
7.09,0,5,4,2,54,20,215,5,ECE,1
7.05,3,3,3,3,82,7,80,3,MECH,1
9.04,5,9,1,3,78,29,15,6,CSE,1
5.55,5,8,6,2,31,2,25,5,CSE,1
9.92,0,3,0,3,36,88,54,7,CSE,1
8.66,1,5,6,2,49,54,436,4,IT,1
6.24,2,1,2,0,30,37,365,7,ECE,1
5.53,1,8,2,2,11,60,370,2,IT,1
9.35,6,2,1,1,76,80,29,7,CIVIL,1
7.69,4,10,4,3,40,90,445,2,CSE,1
7.73,6,0,7,1,79,41,389,1,CIVIL,1
5.78,6,4,2,2,54,26,367,7,IT,1
6.24,3,6,4,1,3,13,330,8,ECE,1
8.6,3,9,3,2,64,81,272,1,CIVIL,1
9.44,2,10,1,2,10,35,260,5,IT,1
6.64,6,6,2,2,87,59,5,3,IT,1
8.28,1,2,5,1,100,28,498,7,CSE,1
6.57,2,5,2,2,14,51,469,4,CSE,1
7.08,0,5,7,1,23,0,389,7,ECE,1
7.52,3,9,2,3,81,73,408,2,CIVIL,1
9.31,3,8,2,1,1,3,196,6,CIVIL,1
7.13,1,10,6,3,45,17,343,2,CSE,1
9.75,1,8,4,2,71,57,100,2,CIVIL,1
8.73,6,2,4,0,72,100,24,6,CSE,1
6.79,6,2,8,0,79,37,416,6,MECH,1
6.54,4,10,3,1,9,51,31,2,ECE,1
8.25,5,1,1,0,37,49,463,1,IT,1
9.9,4,4,4,1,98,73,373,8,MECH,1
8.57,6,5,4,2,43,48,141,2,CIVIL,1
6.64,4,9,2,3,27,24,338,4,CIVIL,1
7.29,2,7,8,2,42,49,73,5,ECE,1
7.23,2,3,4,3,68,45,225,2,IT,1
9.39,6,3,7,3,53,44,37,7,CIVIL,1
8.3,2,5,4,3,63,71,470,2,IT,1
7.74,3,3,1,3,77,82,325,5,ECE,1
7.94,2,3,6,1,25,43,388,2,CSE,1
5.88,2,5,4,3,46,85,131,2,IT,1
7.08,5,2,4,1,41,36,377,2,IT,1
9.35,4,5,8,1,13,61,74,3,CIVIL,1
9.41,6,5,1,0,25,58,483,5,IT,1
6.02,1,1,3,1,12,74,164,7,CIVIL,1
7.01,2,10,4,3,72,24,88,3,ECE,1
9.98,5,3,6,0,32,90,372,7,CSE,1
9.52,2,1,7,3,89,12,281,4,CSE,1
6.8,5,4,6,0,76,27,210,5,CSE,1
6.56,5,3,2,3,16,7,412,1,ECE,1
7.66,0,10,7,3,100,99,470,8,IT,1
8.58,5,3,6,2,16,67,472,7,CSE,1
8.85,0,8,3,0,16,73,457,3,MECH,1
7.94,1,0,8,3,21,88,205,8,IT,1
5.55,3,9,2,2,9,72,56,3,CIVIL,1
7.14,1,3,5,3,50,0,208,5,CSE,1
6.49,5,3,6,3,96,74,250,1,MECH,1
5.66,1,7,1,3,24,77,103,2,IT,1
9.39,2,7,3,0,100,77,229,7,CSE,1
6.74,3,7,5,1,0,32,132,5,ECE,1
5.52,4,10,1,3,44,51,338,4,CSE,1
7.65,2,5,8,3,33,7,394,5,CIVIL,1
8.54,3,6,5,0,41,98,476,2,MECH,1
6.6,5,8,0,0,61,93,305,3,IT,1
9.14,3,4,7,0,25,26,492,4,ECE,1
9.28,0,4,5,0,43,67,424,4,ECE,1
7.71,3,1,7,1,41,64,79,1,IT,1
9.87,3,5,6,3,58,82,99,1,CIVIL,1
7.27,6,3,7,3,93,91,130,4,CSE,1
7.51,5,4,6,2,20,60,103,4,ECE,1
9.29,0,1,3,1,72,7,145,1,CSE,1
8.13,4,0,1,2,40,44,409,8,MECH,1
6.69,0,8,3,1,3,16,216,2,MECH,1
9.19,5,8,8,1,46,75,378,5,CSE,1
5.79,5,4,5,0,1,3,75,1,CSE,1
9.05,3,0,3,3,23,14,377,5,IT,1
6.88,0,3,2,1,15,19,52,2,IT,1
8.33,5,2,6,0,7,20,350,7,CIVIL,1
7.54,6,1,4,0,60,81,458,7,CSE,1
7.48,3,5,1,0,53,68,142,3,MECH,1
7.42,0,6,6,1,66,64,288,6,MECH,1
6.61,6,6,3,1,23,99,91,6,CIVIL,1
6.67,0,5,7,2,91,3,13,7,IT,1
5.64,5,10,6,2,6,89,384,2,IT,1
8.08,3,4,2,1,37,31,117,6,MECH,1
8.95,1,5,1,2,65,24,485,5,CIVIL,1
6.61,2,4,7,3,93,59,245,6,IT,1
7.54,1,10,8,2,64,40,433,7,IT,1
9.52,0,6,0,0,38,83,273,8,CSE,1
7.5,5,9,2,2,74,59,120,4,ECE,1
9.95,0,3,5,0,16,21,282,6,MECH,1
8.54,1,0,0,2,79,16,355,7,ECE,1
6.26,1,5,6,1,92,8,286,2,MECH,1
9.25,6,7,1,0,41,62,31,3,CIVIL,1
8.52,5,2,5,3,93,26,212,5,ECE,1
8.21,4,2,8,2,89,91,406,3,IT,1
9.54,0,6,6,3,73,95,87,5,CSE,1
9.42,5,5,7,3,21,24,10,5,ECE,1
7.55,0,7,8,0,45,100,191,4,CSE,1
7.22,1,0,8,0,53,3,391,4,CSE,1
9.41,6,4,0,2,59,73,370,8,MECH,1
9.25,3,6,5,3,82,83,416,1,CIVIL,1
6.71,2,8,5,1,6,74,347,4,MECH,1
6.88,0,9,8,0,54,39,36,6,ECE,1
9.08,3,9,1,0,72,33,54,6,MECH,1
8.26,6,7,0,0,0,72,464,8,IT,1
6.23,4,4,6,1,43,18,270,4,CSE,1
9.47,0,2,4,2,16,72,287,1,ECE,1
6.28,6,3,1,2,12,20,183,7,CSE,1
6.03,2,6,8,3,11,10,45,1,CIVIL,1
6.86,4,6,5,1,78,24,333,3,IT,1
8.55,3,1,1,0,17,2,203,8,ECE,1
9.0,6,9,2,3,17,23,284,1,IT,1
8.86,2,10,8,2,6,26,453,3,CSE,1
9.22,2,8,6,1,100,73,339,8,MECH,1
6.31,1,2,0,2,40,3,64,4,IT,1
6.43,2,8,7,3,23,88,329,3,CIVIL,1
5.64,6,1,1,1,42,54,24,7,IT,1
9.32,5,9,0,0,66,19,29,8,ECE,1
8.41,0,5,4,2,57,92,164,6,IT,1
8.33,5,3,0,2,7,100,88,2,ECE,1
5.95,2,5,0,1,32,44,82,2,ECE,1
6.95,2,8,6,2,31,81,487,8,ECE,1
5.97,6,6,3,1,4,63,392,5,ECE,1
8.7,5,5,8,2,97,29,356,3,CIVIL,1
6.97,4,7,7,1,97,70,46,3,CIVIL,1
5.74,2,10,7,2,64,6,101,7,MECH,1
8.71,2,3,5,3,83,52,371,8,IT,1
7.47,4,9,3,1,44,82,309,6,CIVIL,1
7.02,5,5,2,0,78,1,253,7,IT,1
6.31,5,1,3,0,96,5,457,4,IT,1
9.41,3,7,1,2,92,15,352,5,CSE,1
6.28,4,7,1,3,34,11,227,4,CIVIL,1
6.42,1,2,7,0,57,38,377,2,MECH,1
6.19,0,4,0,2,46,6,39,3,CIVIL,1
9.85,5,10,2,3,85,33,37,5,CIVIL,1
9.41,2,4,7,1,3,21,475,5,ECE,1
5.69,6,9,4,0,5,63,182,5,CSE,1
9.67,1,0,8,1,77,40,343,8,CSE,1
8.37,5,1,2,3,80,43,304,1,ECE,1
8.86,4,10,0,0,48,97,451,3,ECE,1
8.66,2,2,3,2,77,95,333,4,CSE,1
6.59,6,7,1,3,5,64,180,8,ECE,1
6.11,2,4,3,2,77,34,456,1,IT,1
7.67,0,1,6,2,50,96,34,2,MECH,1
7.19,2,8,1,3,48,73,366,7,CIVIL,1
7.8,6,10,2,2,59,42,279,3,CIVIL,1
9.25,1,6,1,1,87,15,133,3,MECH,1
8.9,3,9,1,2,77,76,69,1,MECH,1
6.14,5,6,3,3,18,73,143,4,IT,1
7.87,3,9,1,0,79,99,63,6,ECE,1
7.54,6,4,5,3,69,64,346,5,CSE,1
6.35,5,10,7,0,66,38,253,6,MECH,1
6.88,1,8,6,1,49,71,152,4,CIVIL,1
8.78,0,1,6,0,19,14,101,8,IT,1
8.08,6,2,1,2,0,81,345,8,MECH,1
6.93,6,0,8,2,71,86,226,4,ECE,1
7.9,3,4,0,3,96,89,341,8,CSE,1
7.54,4,7,0,2,18,4,482,3,CIVIL,1
9.71,3,5,0,3,63,20,475,4,MECH,1
8.78,6,1,3,3,12,79,100,5,ECE,1
9.4,1,6,3,0,47,46,24,8,IT,1
8.96,1,4,2,3,40,73,72,3,MECH,1
6.84,3,9,3,3,73,100,123,1,MECH,1
6.5,1,2,4,2,89,0,94,3,IT,1
9.1,6,6,5,3,95,75,189,6,CSE,1
9.69,3,0,1,1,96,77,365,8,CIVIL,1
8.53,2,3,7,1,27,10,181,6,CIVIL,1
9.19,6,8,3,0,26,20,304,3,CIVIL,1
8.27,2,5,7,2,3,95,406,4,ECE,1
6.61,1,0,1,1,33,33,301,1,CSE,1
9.08,6,8,2,2,55,34,80,1,ECE,1
7.18,2,1,4,3,76,64,159,5,ECE,1
7.98,4,5,3,3,99,82,469,1,MECH,1
8.38,6,9,4,2,80,39,201,1,CIVIL,1
8.67,6,10,7,1,61,4,253,7,CIVIL,1
8.27,0,10,8,0,43,83,96,5,ECE,1
7.88,6,4,5,2,53,94,302,7,MECH,1
7.77,0,8,7,3,86,90,409,8,CIVIL,1
6.29,0,1,6,0,24,66,279,2,CIVIL,1
9.4,6,6,2,1,0,43,398,4,IT,1
9.62,1,6,5,3,14,23,273,7,MECH,1
8.66,5,6,1,1,62,62,277,8,CSE,1
7.21,3,9,2,2,70,65,39,3,IT,1
6.67,4,3,8,2,94,83,57,4,MECH,1
6.72,1,7,7,1,42,66,269,8,CSE,1
9.94,3,7,1,2,91,85,262,4,CIVIL,1
9.32,5,5,5,3,59,22,224,5,IT,1
7.33,2,3,7,3,32,29,123,3,CIVIL,1
8.66,5,10,4,2,48,80,402,5,MECH,1
8.07,1,4,3,2,6,86,109,7,IT,1
6.78,1,1,6,0,87,71,121,3,MECH,1
8.95,0,2,2,1,32,76,88,4,ECE,1
9.12,1,6,3,2,70,44,336,8,IT,1
6.46,6,6,6,0,66,72,148,4,CIVIL,1
6.1,0,3,7,0,15,58,227,7,ECE,0
6.15,4,10,0,1,92,76,305,5,CSE,1
7.86,6,4,8,3,9,54,297,7,CIVIL,1
9.78,5,1,1,1,55,84,1,1,CSE,1
6.86,5,3,3,1,33,81,53,4,CSE,1
7.29,3,10,8,1,90,56,440,3,CIVIL,1
6.42,3,0,0,0,51,43,481,6,CSE,1
7.77,4,9,6,2,67,96,3,3,IT,1
6.64,0,7,4,2,25,39,69,4,CIVIL,1
9.11,5,7,4,2,100,90,264,6,IT,1
8.64,6,9,7,3,83,39,324,1,CSE,1
5.51,6,5,4,3,92,0,186,4,IT,1
7.07,6,3,1,2,54,61,171,7,CSE,1
7.25,4,5,6,1,88,22,71,6,CIVIL,1
8.66,1,3,0,2,68,95,226,1,MECH,0
9.99,2,2,2,0,71,11,357,8,ECE,1
6.85,3,5,4,2,70,77,325,4,CSE,1
5.71,1,8,3,3,3,62,413,6,IT,1
9.61,4,6,7,3,75,67,17,2,CIVIL,1
8.9,5,7,8,2,54,87,449,6,IT,1
8.72,3,8,7,2,26,46,99,2,CIVIL,1
8.13,1,6,5,3,60,55,293,1,CIVIL,1
8.41,5,4,3,2,41,79,91,3,CSE,1
7.2,4,3,7,3,100,68,302,7,IT,1
8.31,2,4,3,1,76,52,94,1,MECH,1
7.49,2,3,4,2,54,12,406,8,CIVIL,1
8.95,0,2,0,1,42,30,486,2,CIVIL,1
8.64,6,6,4,0,97,44,47,4,CSE,1
8.52,2,8,0,3,27,56,254,1,MECH,1
9.32,2,10,1,2,6,28,274,2,IT,1
7.31,0,9,7,3,29,30,314,5,IT,1
8.51,4,6,0,2,21,88,301,7,IT,1
7.12,5,1,7,2,2,61,363,8,ECE,1
7.47,0,8,3,0,30,59,0,8,ECE,1
7.03,6,4,0,0,73,5,357,8,CSE,1
7.59,2,0,6,2,96,24,364,7,MECH,1
9.09,5,10,8,1,19,86,260,2,IT,1
5.68,4,3,0,2,57,80,215,3,CIVIL,1
7.26,4,10,0,1,73,84,178,7,ECE,1
8.48,3,7,3,1,41,49,74,6,CIVIL,1
7.13,3,2,7,3,59,98,137,4,ECE,1
7.78,5,2,1,3,72,65,400,2,MECH,1
9.14,4,0,1,1,40,50,62,1,MECH,1
8.04,1,0,7,3,14,18,342,6,ECE,1
6.58,0,1,7,1,32,39,293,2,IT,1
6.05,2,10,1,1,74,96,283,6,MECH,1
7.64,0,9,8,3,4,41,100,4,CSE,1
7.43,5,6,3,1,87,79,304,5,CIVIL,1
5.79,2,7,7,3,2,94,10,2,IT,1
8.62,4,7,8,3,5,90,247,7,MECH,1
8.08,3,6,2,1,84,41,362,1,ECE,1
8.78,3,6,4,2,39,31,103,8,CSE,1
9.26,4,10,7,0,37,69,52,3,ECE,1
6.15,0,10,6,3,96,70,174,7,CSE,1
9.8,5,8,0,2,78,61,206,6,CIVIL,1
8.41,6,2,8,1,56,1,244,6,MECH,1
8.18,3,3,2,0,53,56,120,7,MECH,1
7.83,4,9,5,0,12,65,45,1,CIVIL,1
7.91,4,7,1,1,8,88,488,6,CSE,1
8.47,3,1,3,1,66,77,455,2,CSE,1
9.09,6,8,4,1,48,31,405,7,ECE,1
8.02,2,8,2,3,22,34,272,7,ECE,1
9.97,0,5,1,1,80,6,463,7,IT,0
9.59,1,8,6,3,53,94,202,4,IT,1
6.2,0,4,2,0,29,51,431,6,CIVIL,1
7.63,0,3,1,2,99,94,372,1,CIVIL,1
6.89,1,0,2,2,35,82,178,7,CIVIL,1
9.6,5,2,0,2,3,43,207,3,IT,1
9.35,5,5,3,3,2,4,24,1,IT,1
5.97,1,10,8,3,96,95,418,8,ECE,1
9.19,6,0,8,0,33,80,78,6,MECH,1
5.91,5,10,1,2,27,24,24,5,ECE,1
9.07,1,5,2,2,58,57,69,1,CSE,1
6.19,1,9,2,0,19,62,346,3,IT,1
8.56,3,2,2,1,89,41,94,1,ECE,1
9.83,0,8,1,0,3,15,31,3,CSE,1
9.67,5,9,7,2,55,85,235,6,MECH,1
9.83,0,2,4,3,20,94,246,3,MECH,1
9.47,0,5,3,2,95,51,396,4,IT,1
7.1,1,4,5,1,11,7,140,4,MECH,1
7.24,3,6,3,0,16,12,500,8,ECE,1
9.3,1,9,0,1,36,0,325,3,MECH,1
9.8,1,5,1,1,94,5,164,7,MECH,1
6.58,4,1,1,3,21,11,62,8,ECE,1
7.11,2,6,8,1,88,25,281,6,IT,1
7.81,5,1,6,1,90,2,459,6,IT,1
7.58,3,10,6,2,97,68,313,8,CSE,1
8.81,0,2,3,3,58,41,6,6,IT,1
5.72,6,4,8,0,85,58,251,5,CIVIL,1
8.67,6,1,7,1,66,2,496,4,MECH,1
8.75,3,6,2,3,1,31,338,4,CIVIL,1
7.33,6,9,1,1,72,26,31,3,MECH,1
7.54,3,8,5,2,39,34,163,5,CIVIL,1
7.83,5,1,7,2,36,32,246,3,ECE,1
6.78,2,0,6,1,72,24,132,5,ECE,1
7.25,4,9,0,3,36,19,218,7,CIVIL,1
7.12,5,3,0,0,72,41,415,1,ECE,1
7.05,3,1,4,1,50,88,51,7,CIVIL,0
7.05,5,4,1,1,81,2,361,6,CIVIL,1
6.94,4,6,1,2,10,77,230,8,MECH,1
6.05,4,0,4,1,92,28,98,1,MECH,1
5.59,5,10,6,0,92,8,430,3,IT,1
7.33,2,8,0,3,48,15,379,5,CIVIL,1
6.94,0,2,6,3,18,53,361,2,CIVIL,1
6.45,4,10,5,3,65,19,205,2,ECE,1
9.65,4,10,7,3,85,79,477,4,CIVIL,1
6.93,4,6,5,0,84,93,469,3,CSE,1
6.98,4,1,8,2,69,83,379,1,ECE,1
6.85,1,9,3,0,97,65,238,1,MECH,1
6.11,5,1,8,0,81,90,479,4,IT,1
9.43,5,2,2,1,56,56,116,7,MECH,1
8.87,6,3,7,3,93,98,127,3,CIVIL,1
5.84,0,8,4,3,3,51,159,8,IT,1
7.19,0,7,5,1,9,94,328,8,ECE,1
5.92,4,4,1,1,5,62,379,6,MECH,1
8.34,6,2,8,2,22,0,70,1,CSE,1
5.85,0,7,0,1,40,83,496,7,IT,1
6.36,2,4,7,2,64,45,131,4,MECH,1
6.62,1,0,8,1,56,45,5,1,CSE,1
6.21,6,3,0,2,78,34,232,6,CSE,1
6.61,0,1,1,0,86,26,154,6,IT,1
7.56,5,7,1,2,66,2,312,6,IT,1
6.44,4,8,6,1,99,96,17,3,MECH,1
8.31,1,0,7,3,7,27,355,4,ECE,1
5.75,4,9,5,0,38,52,180,6,CIVIL,1
5.51,3,7,5,2,80,16,276,3,IT,1
6.36,0,9,5,3,21,37,58,1,IT,1
9.86,0,1,3,1,63,22,146,6,MECH,1
8.74,4,7,7,2,5,26,498,6,CSE,1
8.76,2,8,7,1,99,49,288,1,CIVIL,1
7.01,3,10,2,2,97,83,388,6,CSE,1
8.87,2,3,2,2,3,24,215,8,IT,1
7.47,5,1,2,3,52,93,206,4,IT,1
7.56,3,4,8,1,47,85,8,1,MECH,1
7.27,2,8,1,1,55,31,85,7,CSE,1
9.22,5,8,5,3,65,36,11,6,CIVIL,1
6.97,0,5,6,3,20,63,67,3,CIVIL,1
7.73,1,3,3,2,44,89,245,2,IT,1
9.7,2,1,1,3,49,54,294,7,IT,1
7.53,3,1,3,3,95,99,138,5,MECH,1
8.86,6,4,0,0,77,52,156,3,IT,1
9.62,3,8,4,2,72,9,467,4,MECH,1
7.49,3,5,7,1,1,68,117,1,CIVIL,1
8.82,0,8,4,3,48,75,26,1,MECH,1
8.87,3,4,4,2,4,45,187,8,CSE,1
5.97,0,8,5,3,83,4,82,6,CSE,1
8.57,1,0,6,1,2,6,437,6,CSE,1
6.52,0,2,4,0,78,16,472,8,IT,0
5.56,4,8,7,1,96,76,227,2,ECE,1
8.87,4,4,7,0,50,66,458,3,MECH,1
5.94,3,9,7,3,48,55,451,3,CIVIL,1
9.15,4,4,7,2,77,30,238,5,CSE,1
7.0,3,7,8,0,1,46,382,3,CIVIL,1
8.19,6,5,8,3,29,80,211,8,CSE,1
7.98,5,8,1,3,50,47,376,8,MECH,1
9.46,6,2,2,2,50,69,281,4,CIVIL,1
5.87,6,2,3,1,60,61,478,4,CIVIL,1
9.85,4,0,6,3,36,81,370,7,CSE,1
6.86,6,9,4,0,12,42,456,2,CIVIL,1
9.72,6,3,0,2,42,89,10,5,IT,1
9.87,1,0,4,3,16,47,436,7,CSE,1
7.78,6,1,1,2,35,82,414,7,MECH,1
8.3,0,4,5,1,26,28,232,7,IT,1
8.27,5,3,3,2,78,26,218,4,CSE,1
9.54,6,9,1,1,1,93,91,3,ECE,1
6.54,1,7,0,3,7,97,124,3,CIVIL,1
6.56,0,9,4,3,48,87,393,7,MECH,1
6.25,1,0,2,2,22,29,44,7,CSE,1
6.61,0,4,2,3,9,45,147,5,ECE,1
9.43,1,0,0,1,98,78,234,7,IT,0
7.48,6,2,6,3,54,91,49,1,MECH,1
6.68,5,2,1,2,15,81,50,2,MECH,1
8.8,2,3,6,2,66,68,151,6,CIVIL,1
5.88,2,1,1,0,89,0,319,4,IT,1
8.81,0,7,3,2,27,98,271,7,CSE,1
9.95,6,0,2,3,51,24,65,3,IT,1
8.29,6,5,0,2,9,53,4,2,ECE,1
8.99,4,2,8,3,55,0,229,5,MECH,1
8.82,3,1,1,3,27,27,238,3,CIVIL,1
6.07,4,5,3,1,87,89,410,8,ECE,1
6.22,0,10,3,2,59,87,258,1,MECH,1
9.47,3,1,2,2,59,49,113,3,CSE,1
5.69,5,8,8,1,70,37,333,8,IT,1
8.87,4,8,3,2,26,51,256,2,IT,1
9.84,6,4,0,0,63,45,74,2,ECE,1
7.12,5,4,3,0,15,29,176,3,IT,1
5.78,6,4,5,3,11,44,208,2,IT,1
7.73,5,7,4,0,4,6,164,3,CSE,1
6.96,1,1,5,0,13,38,309,3,ECE,1
6.63,3,4,5,2,70,0,419,4,CSE,1
5.54,0,6,7,3,85,86,485,5,CSE,1
6.47,1,9,6,2,79,33,114,2,IT,1
7.09,6,5,5,1,73,59,315,5,IT,1
7.99,3,10,0,3,78,14,480,6,MECH,1
6.72,3,9,5,3,59,97,45,8,CSE,1
7.87,4,0,1,3,69,69,331,6,CSE,1
9.92,6,8,8,1,17,17,181,6,CSE,1
8.49,2,2,3,2,0,88,345,8,ECE,1
9.47,4,8,2,3,15,64,436,8,MECH,1
6.09,1,4,7,2,50,9,134,3,CSE,1
6.93,6,6,8,1,21,91,46,6,IT,1
8.1,0,4,0,0,1,37,157,4,ECE,1
8.95,0,10,8,1,15,41,243,3,MECH,1
9.49,5,10,0,1,36,29,493,3,CIVIL,1
8.01,4,7,1,1,50,3,357,5,CSE,1
7.54,4,8,5,1,67,34,185,7,ECE,1
9.47,2,1,6,2,81,79,283,5,IT,1
5.67,0,2,3,1,33,25,207,6,CSE,1
9.32,0,1,3,3,46,68,190,7,IT,1
6.66,2,3,2,0,28,14,205,3,CSE,1
7.72,3,10,2,1,12,37,5,2,ECE,1
6.19,0,2,4,0,77,55,269,8,CSE,1
7.84,3,10,3,3,51,51,352,4,MECH,1
9.13,4,6,4,3,12,59,146,1,CSE,1
5.91,5,9,1,3,48,89,165,6,MECH,1
8.02,2,10,6,1,24,30,483,6,IT,1
5.64,6,7,2,3,64,50,296,3,CIVIL,1
7.96,5,2,1,0,67,4,234,1,CSE,1
6.15,5,9,1,2,29,94,35,2,CIVIL,1
6.88,4,6,2,0,54,12,250,7,ECE,1
8.86,3,5,6,3,19,23,127,3,IT,1
6.79,3,3,1,3,56,90,280,7,CIVIL,1
9.47,1,8,5,1,36,51,414,2,ECE,1
8.82,3,2,0,3,64,54,327,4,CIVIL,1
8.8,5,6,3,0,70,82,61,1,CIVIL,1
7.06,0,3,4,1,22,29,310,3,ECE,1
6.29,3,3,5,1,77,10,294,2,IT,1
9.09,3,7,5,2,32,35,441,3,CSE,1
9.3,2,9,1,1,71,99,302,7,IT,1
8.72,2,3,7,2,3,88,290,8,ECE,1
8.65,4,7,5,3,21,10,87,6,MECH,1
7.29,3,10,7,0,83,97,71,4,ECE,1
9.28,5,9,0,2,25,85,108,8,IT,1
7.65,0,4,0,1,16,9,430,4,ECE,1
7.78,4,0,0,1,26,34,15,8,IT,1
7.02,1,6,0,1,19,68,210,3,CSE,1
8.92,5,10,3,3,92,3,191,7,IT,1
6.56,1,10,4,3,9,94,86,1,CIVIL,1
6.93,4,1,7,3,24,28,21,1,ECE,1
7.08,0,4,7,0,69,24,16,1,MECH,1
6.34,3,9,4,2,18,32,41,6,IT,1
5.94,2,7,6,1,9,2,367,7,CIVIL,1
5.87,3,9,7,3,28,19,285,1,CSE,1
9.89,0,5,7,2,54,28,7,4,MECH,1
9.08,5,3,0,2,81,10,49,8,MECH,1
9.95,2,0,1,3,65,22,304,3,CIVIL,1
8.46,1,9,5,1,51,97,124,1,ECE,1
6.98,6,0,0,0,4,97,418,7,CSE,1
9.67,4,10,5,1,9,97,159,8,IT,1
5.89,1,3,4,2,88,5,494,4,MECH,1
7.43,5,9,8,0,33,38,395,8,CSE,1
9.89,4,1,8,2,2,78,206,5,IT,1
8.23,0,10,3,0,29,70,108,3,MECH,1
8.44,6,1,8,0,83,54,277,1,CIVIL,1
6.99,6,2,8,2,83,50,108,2,CSE,1
8.09,5,7,2,3,80,44,260,7,CIVIL,1
8.64,1,10,2,2,2,45,257,3,IT,1
5.8,4,9,8,0,14,96,331,1,IT,1
5.98,2,3,0,2,91,100,226,6,MECH,1
8.77,1,7,6,3,69,11,46,2,CIVIL,1
7.04,6,4,3,2,64,88,22,7,CIVIL,1
6.07,6,3,0,0,39,59,161,3,CIVIL,1
9.69,6,5,0,2,95,51,350,7,CSE,1
5.86,5,3,5,1,99,71,240,5,MECH,1
9.2,3,5,0,1,62,37,15,2,MECH,1
8.52,2,9,2,2,90,39,367,8,MECH,1
6.99,3,4,4,2,54,34,34,4,CSE,1
7.88,3,5,5,0,89,72,163,6,CSE,1
7.83,5,7,2,1,40,73,220,2,CIVIL,1
7.35,2,0,6,0,35,91,368,7,MECH,1
9.96,0,1,5,2,51,19,89,6,MECH,1
7.27,6,6,1,1,83,2,229,3,MECH,1
7.71,6,8,2,2,50,54,415,2,ECE,1
8.55,2,8,4,1,89,24,301,8,CIVIL,1
9.86,3,9,2,2,30,37,280,3,CSE,1
6.24,3,3,6,2,41,5,131,8,CIVIL,1
9.55,6,0,7,0,54,67,10,1,ECE,1
6.83,2,6,7,3,12,50,481,2,CIVIL,1
5.96,2,4,6,3,17,40,237,8,IT,1
5.72,6,6,8,1,51,52,211,5,CIVIL,1
6.42,3,6,0,2,98,76,467,4,ECE,1
6.71,0,7,5,1,49,85,158,1,IT,1
6.08,1,5,4,3,89,15,348,4,MECH,1
5.54,2,1,5,1,1,1,49,3,MECH,1
7.42,0,1,6,1,58,26,325,8,CSE,1
5.6,0,4,5,3,46,16,133,1,CSE,1
5.76,0,10,3,1,32,13,476,4,IT,1
8.81,2,6,2,3,96,93,411,4,CIVIL,1
8.47,5,7,8,3,11,52,495,3,MECH,1
7.41,4,7,5,2,37,90,322,7,CSE,1
5.51,3,3,6,0,24,94,179,6,ECE,1
8.49,5,7,2,0,36,98,332,8,ECE,1
7.99,2,8,4,3,60,76,390,3,ECE,1
8.69,2,3,1,1,99,44,477,4,CSE,1
9.75,4,3,1,3,43,62,18,4,CIVIL,1
6.4,5,1,0,2,30,5,494,7,IT,0
5.97,2,8,1,1,95,0,378,2,MECH,1
6.01,1,10,7,1,58,66,12,2,IT,1
9.47,3,8,8,3,58,90,143,8,CSE,1
6.77,4,9,6,0,37,79,349,5,ECE,1
9.67,4,9,6,2,79,51,154,1,MECH,1
7.46,2,1,0,0,44,67,151,3,CSE,1
8.17,0,6,7,3,66,50,173,7,IT,1
9.63,4,6,1,0,63,38,456,2,CSE,1
7.26,6,10,4,1,52,62,259,4,IT,1
8.67,2,4,4,3,22,93,295,8,MECH,1
8.79,4,10,4,0,11,43,211,8,CSE,1
9.54,0,2,8,2,90,96,421,1,CIVIL,1
7.91,3,4,7,2,43,95,146,7,ECE,1
5.65,5,1,3,0,95,69,326,5,ECE,1
9.08,2,8,1,1,89,89,371,7,CSE,1
7.15,3,0,3,1,85,2,219,1,IT,1
8.99,2,3,7,3,68,13,456,7,ECE,1
9.91,5,5,0,2,61,44,338,3,ECE,1
8.2,1,0,6,2,49,81,372,1,MECH,1
7.28,3,6,8,2,82,1,8,1,CIVIL,1
8.65,3,8,7,2,33,92,279,2,CIVIL,1
8.2,5,7,1,2,69,66,378,6,CIVIL,1
8.55,2,2,2,0,95,68,225,8,CIVIL,1
7.09,3,3,2,1,90,41,95,2,ECE,1
9.76,1,1,5,3,89,30,82,6,CIVIL,1
8.39,0,6,4,3,82,94,385,4,CIVIL,1
6.62,0,5,7,0,74,47,160,8,ECE,1
7.08,1,7,8,1,100,70,301,7,CSE,1
9.8,2,6,6,1,50,94,346,8,CIVIL,1
8.8,5,3,0,3,41,10,384,3,IT,1
9.06,3,5,3,2,17,51,149,4,CIVIL,1
7.24,0,2,6,2,76,72,90,4,MECH,1
7.67,4,8,6,3,63,63,134,4,MECH,1
6.04,0,3,0,3,100,20,264,5,CIVIL,1
7.43,5,7,3,0,79,70,43,7,IT,1
7.54,3,3,8,2,97,51,432,5,CIVIL,1
9.32,2,8,6,3,53,34,239,2,CIVIL,1
6.54,1,6,5,0,10,66,282,1,CIVIL,1
7.38,1,8,3,1,32,77,306,5,IT,1
7.33,5,5,8,2,19,82,352,8,CSE,1
8.85,1,5,3,3,32,98,245,7,ECE,1
8.61,5,3,4,2,58,65,8,5,IT,1
8.02,2,6,7,0,81,77,450,8,CIVIL,1
7.61,2,7,5,2,73,16,194,7,ECE,1
7.04,5,3,7,3,79,93,452,2,MECH,1
8.08,5,1,8,2,12,76,388,6,IT,1
8.7,0,4,7,3,34,38,398,3,CSE,1
9.3,3,7,8,1,98,38,321,7,CIVIL,1
8.65,4,6,1,0,91,87,424,8,CSE,1
8.55,2,0,5,2,1,68,306,4,CSE,1
7.01,0,3,5,3,46,52,287,1,CIVIL,1
7.17,3,6,5,0,92,78,484,3,CIVIL,1
7.92,5,6,5,0,60,20,115,6,CSE,1
6.33,1,8,2,1,26,74,41,7,MECH,1
9.7,3,6,5,2,80,4,482,7,CSE,1
9.44,3,8,2,2,100,1,496,4,CIVIL,1
6.08,5,8,1,3,43,12,338,8,CSE,1
6.96,6,5,6,0,80,56,441,5,CIVIL,1
7.78,2,7,6,1,1,31,410,1,CSE,1
9.27,6,1,6,3,66,81,183,1,MECH,1
8.76,2,3,7,0,38,3,132,1,CIVIL,1
8.45,6,10,8,1,57,58,243,7,MECH,1
8.33,0,9,8,0,10,68,149,7,CIVIL,1
7.34,6,3,7,2,18,80,194,8,CIVIL,1
9.0,2,4,3,3,34,49,247,1,ECE,1
8.28,3,7,6,0,20,59,60,6,ECE,1
9.16,3,7,0,0,61,71,307,3,CSE,1
8.34,0,8,4,3,10,8,102,1,CSE,1
5.57,5,8,6,1,67,48,114,8,CSE,1
9.53,5,10,0,0,77,87,271,5,CIVIL,1
9.17,2,10,7,3,4,30,126,7,CSE,1
7.26,0,3,5,2,50,26,275,8,ECE,1
6.59,6,9,6,2,0,34,280,7,CIVIL,1
7.58,5,4,1,1,60,23,3,5,IT,1
6.21,1,9,6,0,10,60,457,5,MECH,1
8.63,2,8,3,1,36,93,350,4,CIVIL,1
9.89,1,5,3,0,58,46,53,2,ECE,1
6.74,0,0,8,0,2,36,346,2,MECH,1
7.39,5,10,1,2,43,4,496,5,ECE,1
6.73,1,9,0,1,94,89,423,3,CSE,1
9.18,2,6,6,0,76,7,75,1,CIVIL,1
9.19,2,10,8,1,83,88,4,4,MECH,1
6.57,5,4,2,0,58,28,49,1,IT,1
7.5,6,0,3,2,68,11,205,8,IT,1
9.68,5,8,1,1,52,13,205,1,CSE,1
9.51,6,4,7,2,60,59,65,2,ECE,1
9.17,3,2,1,3,5,57,196,5,MECH,1
9.22,5,8,5,0,35,1,488,4,IT,1
7.94,4,6,2,3,39,76,209,5,ECE,1
8.93,6,8,1,2,16,90,77,6,CIVIL,1
6.2,5,3,8,1,53,5,234,3,CSE,1
9.88,4,2,5,0,52,28,64,1,CSE,1
7.05,0,3,4,0,25,0,145,8,CSE,1
7.77,3,9,0,3,41,11,25,5,ECE,1
8.8,0,4,6,0,13,51,341,1,CSE,1
9.07,6,10,8,2,53,12,350,1,MECH,1
8.4,6,10,2,2,47,65,47,6,CSE,1
6.69,0,9,8,2,7,16,270,8,ECE,1
7.87,0,10,6,2,27,11,106,2,CIVIL,1
8.88,6,7,5,1,53,77,78,8,CIVIL,1
5.52,5,2,1,3,72,46,3,8,CSE,1
6.48,5,0,5,2,23,52,326,4,MECH,1
9.07,2,8,3,2,69,29,84,3,CSE,1
8.03,2,4,8,2,89,88,394,1,IT,1
5.94,2,7,0,1,25,55,461,2,IT,1
6.6,1,8,5,1,31,95,301,8,MECH,1
7.45,0,8,1,3,11,58,95,2,MECH,1
8.69,0,3,6,0,27,40,332,8,CIVIL,1
7.36,2,2,8,3,42,32,413,8,CSE,1
7.64,0,4,3,3,22,15,60,8,CSE,1
7.96,5,10,6,0,18,69,160,3,IT,1
7.94,6,4,5,0,5,14,111,1,CSE,1
6.32,6,10,8,2,91,65,427,6,ECE,1
8.1,4,6,4,0,61,12,134,2,CSE,1
9.58,5,5,8,2,83,62,435,8,CIVIL,1
9.63,5,7,4,3,92,41,147,6,MECH,1
9.69,5,9,7,1,69,68,151,7,ECE,1
8.92,5,7,3,2,28,31,248,6,CSE,1
7.83,2,3,0,3,35,41,203,8,IT,1
7.57,1,10,8,0,64,59,240,8,MECH,1
8.07,3,0,8,2,23,46,310,3,MECH,1
7.19,2,8,6,2,96,16,307,3,ECE,1
8.31,3,7,7,0,44,65,260,4,MECH,1
7.57,2,10,7,2,91,52,280,3,IT,1
5.88,5,2,5,2,12,61,209,2,MECH,1
6.07,4,4,4,0,7,91,104,5,IT,1
8.42,6,0,4,3,90,84,232,4,CIVIL,1
9.66,6,0,8,0,45,5,480,8,CIVIL,1
8.49,6,0,4,0,14,97,458,8,CIVIL,1
7.18,5,3,5,1,7,29,358,1,CIVIL,1
7.68,6,10,5,0,78,14,274,5,CIVIL,1
9.27,3,5,6,0,2,81,239,5,ECE,1
8.49,2,1,5,0,4,61,326,5,IT,1
8.27,0,9,3,3,90,30,389,3,ECE,1
9.7,5,1,6,1,85,51,274,8,MECH,1
7.87,6,3,1,3,16,20,38,8,CSE,1
8.15,0,0,0,3,23,4,261,1,MECH,1
9.81,2,1,2,0,27,11,210,8,ECE,1
6.03,6,4,6,1,41,55,288,4,ECE,1
5.96,2,1,2,0,78,95,244,6,IT,1
9.16,2,10,7,1,58,29,284,6,ECE,1
7.26,0,5,6,1,48,36,133,2,CIVIL,1
5.77,0,10,4,3,98,3,386,2,IT,1
7.6,4,2,4,3,76,38,268,1,ECE,1
6.06,0,3,3,2,10,74,138,8,CIVIL,1
5.61,3,4,0,3,29,97,125,4,MECH,1
8.38,0,10,5,3,57,15,63,3,CIVIL,1
6.7,0,3,3,3,35,4,473,3,MECH,1
5.8,1,2,3,1,82,95,212,4,MECH,1
8.6,1,3,5,0,37,75,14,7,ECE,1
5.82,3,7,4,1,23,67,140,4,MECH,1
5.55,2,6,0,1,37,3,434,8,CIVIL,1
8.39,5,10,1,0,88,24,495,6,CIVIL,1
9.67,3,7,7,3,63,92,347,1,IT,1
7.88,5,6,2,0,67,8,106,4,MECH,0
7.06,2,5,2,1,88,69,156,3,CIVIL,1
7.33,6,10,2,2,69,33,101,8,IT,1
5.5,1,6,0,2,93,95,143,2,ECE,1
9.07,4,8,0,1,72,67,191,5,IT,1
7.38,2,3,2,0,76,20,38,6,IT,1
8.15,6,10,2,1,5,99,298,5,CSE,1
8.91,0,5,6,0,93,10,75,3,CIVIL,1
5.65,2,4,1,2,0,30,245,4,ECE,1
9.48,6,8,0,0,58,95,173,5,IT,1
8.79,3,0,1,3,3,25,78,3,IT,1
9.52,0,6,1,1,88,51,225,3,CIVIL,1
6.53,2,9,2,1,2,25,464,4,CIVIL,1
8.46,6,10,8,2,46,19,373,1,ECE,1
7.09,2,9,2,0,58,51,315,2,IT,1
8.54,1,4,6,3,53,92,258,1,CIVIL,1
9.59,3,10,5,3,51,35,234,2,CSE,1
6.11,6,5,3,0,66,99,119,4,CSE,1
8.86,3,7,3,3,74,17,110,4,MECH,1
5.91,1,8,2,2,6,30,119,3,CSE,1
7.27,3,3,4,1,9,47,377,4,ECE,1
9.74,3,7,7,1,94,42,133,8,MECH,1
7.39,5,5,3,0,80,44,53,8,IT,1
7.18,4,4,2,1,49,92,247,2,IT,1
6.32,0,8,8,2,42,57,158,5,ECE,1
9.67,6,3,1,2,14,66,44,3,CIVIL,1
8.84,4,1,7,1,53,11,356,2,CIVIL,1
8.32,6,2,2,3,46,23,403,5,MECH,1
5.73,0,9,0,0,0,25,367,3,CIVIL,1
6.03,2,4,0,0,89,51,362,2,IT,1
8.4,0,10,5,1,29,68,364,3,IT,1
7.54,5,10,8,2,88,33,399,7,CIVIL,1
8.23,6,3,6,1,23,45,97,8,CIVIL,1
8.23,0,6,1,0,47,90,332,1,IT,1
7.94,4,4,4,1,11,58,34,8,IT,1
6.28,1,4,4,3,98,58,324,2,CSE,1
8.52,6,8,6,0,57,37,237,3,CSE,1
9.21,3,9,2,1,91,42,499,7,IT,1
8.04,2,10,4,0,2,5,388,1,CIVIL,1
7.57,0,4,5,0,77,9,19,7,ECE,1
8.56,0,1,4,0,62,50,17,5,IT,1
7.75,1,3,0,0,51,31,376,4,ECE,1
9.5,0,7,0,2,89,21,165,1,CSE,1
9.75,4,10,4,0,2,84,322,4,CIVIL,1
8.65,2,1,7,1,93,70,209,6,ECE,1
7.13,3,0,6,2,22,0,213,7,CIVIL,1
9.1,2,9,7,2,81,45,287,1,CIVIL,1
7.38,6,3,6,3,56,54,482,3,CSE,1
8.92,1,2,5,1,86,18,105,3,CIVIL,1
5.57,1,5,2,3,10,10,157,2,ECE,1
7.46,4,7,8,3,92,80,466,6,IT,1
8.68,5,8,5,2,54,7,189,7,MECH,1
5.59,1,8,0,3,94,46,303,1,CIVIL,1
9.01,4,5,6,1,68,53,94,8,CSE,1
7.66,2,5,5,1,87,22,245,1,IT,1
8.69,5,9,4,1,63,93,36,3,CIVIL,1
8.82,6,1,0,1,24,44,328,6,CSE,1
7.04,6,10,0,2,51,90,298,4,CIVIL,1
6.03,3,0,5,3,47,51,157,7,ECE,1
7.24,1,2,0,2,13,83,471,3,CSE,1
8.03,4,7,8,3,99,28,132,7,ECE,1
6.74,2,5,2,1,35,82,365,3,CSE,1
6.78,4,1,7,2,7,27,198,7,CIVIL,1
8.24,1,4,5,3,49,19,356,4,CIVIL,1
8.55,1,3,0,1,47,86,386,2,MECH,1
5.78,3,4,8,2,87,71,465,2,IT,1
6.17,5,5,0,1,5,77,83,3,ECE,1
8.96,5,10,0,0,90,77,92,1,CIVIL,1
6.6,4,0,6,0,54,17,313,7,MECH,1
6.19,4,6,5,0,1,45,394,8,ECE,1
8.12,0,1,7,3,58,35,174,3,IT,1
7.21,5,9,3,1,17,79,365,5,MECH,1
5.77,6,7,5,0,31,5,343,1,IT,1
9.78,4,3,5,0,36,40,110,8,IT,1
9.65,6,0,2,2,97,61,49,7,CIVIL,1
8.83,1,10,5,1,96,62,324,3,ECE,1
8.69,0,0,4,3,74,64,136,1,CIVIL,1
9.33,6,3,8,1,96,87,30,3,CSE,1
6.87,6,7,3,2,76,22,328,4,MECH,1
9.78,0,10,2,3,10,4,303,1,MECH,1
5.52,4,1,7,0,13,94,428,3,MECH,1
9.91,2,8,3,3,7,76,55,7,IT,1
6.29,6,10,8,2,58,40,394,4,CIVIL,1
9.36,3,2,6,3,45,14,414,4,CIVIL,1
6.57,0,7,2,0,85,43,310,3,ECE,1
9.15,5,3,6,3,26,59,452,6,CIVIL,1
6.42,0,3,3,0,21,27,239,4,CIVIL,0
6.36,2,3,4,0,26,63,296,5,ECE,1
8.32,5,5,6,3,25,1,51,4,ECE,1
9.37,0,6,5,3,13,25,197,2,IT,1
6.57,0,8,7,2,44,78,73,5,CSE,1
7.61,6,0,4,2,33,23,126,8,ECE,1
9.6,1,3,6,1,64,69,430,2,CSE,1
8.39,0,2,5,2,82,97,78,2,CIVIL,1
9.27,1,4,1,2,93,97,109,4,MECH,1
7.18,6,8,7,0,80,29,497,5,MECH,1
9.54,6,5,7,0,56,59,127,2,ECE,1
7.4,3,0,6,2,43,32,107,4,ECE,1
9.88,3,10,8,0,66,74,232,4,CIVIL,1
6.8,2,6,4,1,68,60,262,3,CSE,1
6.21,2,5,6,2,33,95,286,7,IT,1
8.18,0,4,0,3,20,3,403,4,CSE,1
9.51,0,8,4,1,97,45,245,5,CIVIL,1
8.64,1,3,2,1,16,75,154,4,IT,1
8.78,1,5,7,3,78,39,442,7,IT,1
9.33,2,0,7,2,97,88,498,3,IT,1
6.51,5,0,2,2,76,95,164,7,CIVIL,1
7.26,4,3,6,2,33,3,92,3,ECE,1
9.98,1,5,7,2,70,73,487,3,CIVIL,1
6.11,4,5,2,3,85,95,101,3,IT,1
7.35,1,5,8,3,21,29,17,1,ECE,1
7.91,4,6,3,1,98,79,458,3,IT,1
8.7,0,1,0,3,91,36,279,5,MECH,1
7.9,3,6,8,0,22,98,116,7,CSE,1
8.73,3,5,7,2,67,63,217,7,ECE,1
7.55,3,8,7,3,7,41,199,1,ECE,1
7.01,3,5,7,0,8,16,454,5,CSE,1
5.9,5,5,1,0,27,42,35,1,CSE,1
5.87,1,3,5,1,23,74,225,4,CIVIL,1
7.29,5,9,7,3,61,50,66,3,IT,1
7.03,5,8,0,2,80,51,272,1,CSE,1
8.75,0,0,6,0,17,23,315,4,MECH,1
7.17,4,7,0,3,43,95,50,1,CSE,1
8.46,3,10,6,0,89,99,295,5,MECH,1
6.47,2,3,6,0,34,46,200,5,CIVIL,1
9.98,1,2,5,0,74,70,27,5,ECE,1
8.83,5,0,4,3,95,52,130,2,MECH,1
9.25,4,7,0,3,98,58,100,5,IT,1
8.21,5,8,2,1,90,92,347,4,MECH,1
5.77,3,3,4,1,92,98,268,2,ECE,1
7.94,0,4,4,1,27,79,174,4,CSE,1
8.16,6,8,2,1,35,58,269,8,IT,1
7.65,3,3,7,2,9,99,135,2,IT,1
8.67,0,1,0,1,17,47,309,1,CIVIL,1
6.59,6,1,4,0,85,54,463,8,ECE,1
7.79,0,4,6,0,29,77,455,6,CIVIL,1
9.03,2,2,0,3,77,48,36,6,MECH,1
7.23,4,1,3,2,52,17,486,1,CSE,1
6.86,2,8,7,0,53,95,55,5,ECE,1
9.35,2,7,0,3,65,67,156,1,MECH,1
6.0,1,5,7,1,71,75,374,4,MECH,1
6.63,0,5,7,0,85,59,412,4,CSE,1
5.86,1,10,3,3,57,77,50,8,CIVIL,1
9.41,1,10,1,1,69,42,270,8,ECE,1
5.63,3,0,4,3,2,49,139,8,ECE,1
8.72,1,7,1,2,18,34,372,6,MECH,1
9.79,6,3,2,2,85,86,366,2,ECE,1
6.58,5,5,6,1,14,64,25,3,ECE,1
7.67,3,4,3,3,30,27,443,2,IT,1
5.65,1,1,8,1,72,46,221,7,ECE,1
8.54,5,3,5,2,61,6,383,1,ECE,1
6.91,4,10,8,3,68,18,261,2,CIVIL,1
9.13,1,2,7,1,23,46,151,6,CIVIL,1
7.51,3,8,3,3,98,40,417,4,IT,1
9.94,1,1,8,1,15,43,177,4,IT,1
9.37,1,4,3,3,99,71,240,7,CIVIL,1
8.29,4,5,6,2,48,64,266,8,CIVIL,1
7.23,3,8,7,1,98,61,388,5,MECH,1
6.01,4,9,4,2,52,21,394,3,ECE,1
9.33,3,10,8,1,8,46,446,4,MECH,1
6.37,5,5,1,2,84,71,39,8,MECH,1
8.35,2,6,1,0,65,32,137,7,ECE,1
5.94,3,9,3,1,53,38,105,4,CSE,1
6.14,4,6,1,1,62,69,391,8,CIVIL,1
9.65,0,7,5,0,71,94,324,8,CIVIL,1
8.61,2,5,5,0,3,79,412,3,MECH,1
8.09,6,6,3,3,15,27,28,6,MECH,1
5.88,6,4,0,1,45,30,299,3,IT,1
7.34,2,8,8,3,26,39,58,4,IT,1
6.04,1,7,8,3,48,7,17,8,MECH,1
5.99,3,4,1,1,87,66,149,5,CSE,1
7.1,2,2,0,2,40,72,94,4,ECE,1
7.2,3,3,2,3,97,42,149,8,MECH,1
6.01,1,5,5,0,30,41,85,5,CSE,1
6.98,4,9,6,0,76,45,424,2,CIVIL,1
6.78,5,7,7,0,48,42,324,3,CSE,1
6.16,1,9,6,3,87,88,111,1,CIVIL,1
8.99,0,2,5,2,20,97,317,4,MECH,1
9.15,1,3,6,3,40,50,20,2,IT,1
5.99,6,5,7,0,31,50,19,1,CIVIL,1
6.49,6,7,7,2,50,13,189,5,IT,1
7.07,1,3,7,2,86,42,160,7,CIVIL,1
7.38,0,7,6,1,52,30,132,3,MECH,1
7.2,0,7,7,3,34,66,121,2,MECH,1
6.7,0,9,5,2,26,52,349,4,IT,1
6.21,4,1,3,3,8,68,97,2,ECE,1
5.98,4,0,6,1,28,47,463,4,MECH,1
8.65,6,10,5,3,51,43,389,2,ECE,1
9.67,1,2,2,3,0,47,161,7,ECE,1
8.81,1,0,2,1,10,43,282,7,CSE,1
7.03,0,1,8,1,18,2,457,6,IT,1
9.45,5,7,3,3,91,38,431,5,CIVIL,1
7.98,2,4,6,3,3,11,360,4,MECH,1
9.59,1,9,1,1,7,59,372,2,CSE,1
9.98,4,3,4,2,14,34,319,6,IT,1
9.5,3,4,7,0,91,33,232,3,CIVIL,1
6.04,4,7,0,0,65,80,341,7,ECE,1
9.1,0,4,7,3,16,17,266,8,ECE,1
6.4,2,0,6,1,72,33,63,6,IT,0
6.96,2,1,5,1,3,17,144,3,CSE,1
9.53,2,9,6,3,91,94,433,4,ECE,1
6.21,3,10,8,0,29,17,90,8,ECE,1
9.97,0,7,1,1,40,97,279,3,MECH,1
8.04,2,4,1,2,100,3,113,7,CIVIL,1
8.14,2,8,3,0,73,17,17,3,MECH,1
6.87,5,9,6,3,21,21,393,5,MECH,1
9.45,3,7,7,2,58,79,376,5,MECH,1
6.78,5,0,5,3,16,87,460,5,ECE,1
8.93,2,8,2,2,23,31,406,8,MECH,1
5.92,5,8,2,1,86,63,333,6,ECE,1
5.52,6,3,2,2,58,52,68,4,CIVIL,1
5.83,2,5,7,2,37,78,102,8,IT,1
8.79,3,6,0,0,2,69,186,7,CSE,1
6.46,6,0,2,0,40,40,356,8,IT,1
6.1,4,3,4,1,40,90,244,5,ECE,1
6.2,4,0,8,2,21,9,284,8,ECE,1
8.22,2,9,0,1,95,85,436,7,CIVIL,1
8.69,6,3,2,3,11,69,125,7,IT,1
9.37,0,4,3,0,50,75,267,8,CIVIL,1
9.02,4,5,8,1,94,5,410,1,IT,1
6.2,0,7,4,0,37,29,490,4,CIVIL,1
8.49,2,1,7,0,72,40,469,6,IT,1
8.2,3,3,5,0,48,84,416,6,MECH,1
7.31,0,5,0,0,90,26,218,2,ECE,1
6.47,5,10,7,3,49,16,289,8,CSE,1
7.9,4,1,8,2,76,20,404,3,IT,1
7.37,4,8,3,0,96,75,5,6,MECH,1
9.68,3,8,4,1,6,97,463,2,MECH,1
6.28,1,5,7,1,71,24,420,7,CSE,1
7.37,2,0,7,1,15,65,75,6,IT,1
9.9,1,0,7,3,72,18,448,2,MECH,1
7.99,4,9,6,1,47,3,491,5,CSE,1
7.95,2,2,4,3,32,76,200,2,ECE,1
7.05,3,9,0,2,85,61,20,3,MECH,1
8.65,4,1,0,1,30,57,453,7,ECE,1
9.95,4,7,0,0,68,66,170,2,CSE,1
6.65,3,2,7,1,11,51,25,2,IT,1
6.98,6,10,7,1,14,45,422,7,IT,1
6.64,1,3,5,3,50,82,178,6,CIVIL,1
8.17,3,5,6,1,84,65,465,1,ECE,1
9.99,6,3,7,0,63,18,251,2,MECH,1
8.34,6,0,4,2,74,19,432,6,CSE,1
7.85,6,10,7,2,17,97,477,4,CSE,1
6.27,3,7,5,3,66,22,28,4,IT,1
6.62,0,1,2,3,51,53,240,8,MECH,1
9.62,4,2,2,1,44,48,88,4,CIVIL,1
8.8,4,1,3,1,42,51,409,2,MECH,1
9.15,1,4,5,0,93,99,55,3,MECH,1
6.86,0,4,8,3,67,90,93,4,CIVIL,1
9.32,5,10,3,2,30,90,246,8,CIVIL,1
7.74,2,9,7,2,9,81,343,7,IT,1
8.01,5,3,8,0,18,42,312,2,ECE,1
9.98,0,5,4,3,60,52,252,3,IT,1
5.66,5,5,7,3,60,64,383,6,IT,1
9.11,1,2,2,3,91,62,307,7,CIVIL,1
8.78,1,1,4,3,11,28,14,4,IT,1
5.54,4,4,1,1,50,32,187,1,ECE,1
8.04,6,0,2,0,66,59,401,4,MECH,1
9.26,5,2,8,1,1,8,10,7,IT,1
9.99,1,0,5,1,85,8,171,7,MECH,1
5.6,6,4,3,2,82,48,260,4,CSE,1
5.52,1,6,5,0,59,32,445,6,CIVIL,1
5.79,2,6,2,1,84,79,286,6,CSE,1
9.04,0,1,5,2,79,57,375,2,CSE,1
8.73,2,3,0,3,71,64,183,8,IT,1
7.59,4,8,8,0,56,16,460,3,IT,1
6.91,0,7,2,2,59,60,241,3,CIVIL,1
5.77,4,7,2,3,100,48,241,5,ECE,1
8.13,2,6,4,3,81,33,492,7,IT,1
7.48,5,5,6,1,9,74,187,8,IT,1
6.81,3,8,1,0,76,5,304,2,IT,0
5.96,1,8,0,2,8,63,59,6,IT,1
8.36,1,5,2,2,35,38,55,3,MECH,1
9.82,5,1,8,3,85,56,71,8,MECH,1
7.01,0,6,0,2,31,99,316,4,CSE,1
6.52,4,0,5,0,49,79,20,6,CIVIL,1
9.58,5,5,1,0,27,29,207,2,CSE,1
7.66,0,5,2,3,94,99,151,8,CIVIL,1
9.49,5,0,3,0,54,62,0,2,CSE,1
9.22,0,6,6,1,62,69,448,5,CSE,1
7.74,1,3,5,2,60,21,348,5,CIVIL,1
5.61,5,4,6,0,85,100,17,2,MECH,1
9.29,3,5,7,1,12,59,58,1,CSE,1
5.55,5,6,8,3,24,21,50,7,MECH,1
7.9,0,8,3,2,96,19,371,3,ECE,1
7.82,5,5,3,2,5,70,167,8,IT,1
8.91,3,5,2,3,27,71,317,5,CIVIL,1
6.39,2,2,4,1,64,45,499,1,CIVIL,1
6.85,3,5,6,2,81,32,313,7,IT,1
6.79,6,5,8,3,9,64,345,5,IT,1
7.47,2,6,6,0,8,84,338,4,IT,1
7.51,3,1,7,3,96,32,406,4,MECH,1
5.91,6,0,5,3,81,56,123,1,IT,1
9.88,1,8,0,1,94,88,352,4,IT,1
7.13,2,9,1,1,74,59,68,8,IT,1
8.73,3,6,5,0,47,77,94,2,MECH,1
8.48,5,8,5,2,40,11,56,7,CIVIL,1
9.53,3,8,2,3,46,46,471,5,ECE,1
9.99,3,8,2,2,78,5,67,7,MECH,1
9.82,0,8,0,1,60,43,58,8,ECE,1
7.0,0,1,4,2,19,0,472,2,CIVIL,0
7.33,1,8,3,0,14,51,140,3,CIVIL,1
7.35,6,2,6,2,25,66,241,5,ECE,1
5.56,1,4,0,3,34,32,112,7,CSE,1
7.18,0,5,2,1,29,79,175,5,IT,1
7.99,1,8,5,3,83,43,399,8,ECE,1
7.91,3,2,1,2,44,49,184,4,ECE,1
7.4,6,6,7,3,68,92,137,1,MECH,1
5.63,2,0,7,3,100,46,254,5,IT,1
8.86,4,0,7,0,56,58,77,5,IT,1
7.04,0,6,2,2,51,44,426,4,MECH,1
6.38,1,1,0,1,11,86,164,8,CIVIL,0
9.98,1,3,6,1,86,86,227,4,CSE,1
7.0,5,3,2,1,81,59,2,7,CSE,1
5.77,0,7,0,2,97,19,179,1,CIVIL,1
9.1,3,1,6,0,73,97,264,8,CIVIL,1
6.14,5,5,6,0,39,66,16,7,ECE,1
7.62,5,6,5,3,84,89,137,3,CIVIL,1
8.54,0,2,5,0,32,19,259,4,IT,1
9.13,5,4,0,1,49,0,388,1,CIVIL,1
5.89,3,9,0,1,53,13,463,8,CSE,1
9.14,0,6,1,1,77,22,427,4,CIVIL,1
8.28,2,7,6,3,73,45,365,6,IT,1
7.38,2,5,6,1,95,34,393,2,CSE,1
7.52,3,2,7,1,74,12,355,3,CIVIL,1
8.89,3,6,4,1,1,14,469,7,ECE,1
5.94,4,0,0,0,1,1,16,7,ECE,1
7.33,6,3,1,0,76,91,211,4,IT,1
8.14,0,1,4,2,28,48,445,8,MECH,1
8.09,2,6,6,1,37,50,265,4,IT,1
5.6,1,8,7,2,75,42,471,1,CIVIL,1
9.45,4,6,2,3,17,78,158,5,IT,1
8.42,2,5,4,2,42,94,497,3,ECE,1
5.99,4,2,7,3,51,34,368,1,CSE,1
5.5,2,10,7,1,13,43,211,2,CIVIL,1
7.66,2,4,2,2,35,24,331,8,CIVIL,1
7.13,2,1,1,3,58,76,391,5,CIVIL,1
7.13,4,3,5,3,23,89,53,7,MECH,1
5.81,0,5,5,0,16,100,275,2,ECE,1
8.71,2,9,3,1,17,10,499,1,MECH,1
5.55,5,7,1,1,97,38,266,2,IT,1
7.56,1,2,4,3,52,26,122,5,IT,1
6.49,6,4,8,1,37,6,241,4,IT,1
8.63,6,1,2,0,23,55,289,5,IT,1
8.15,2,0,1,0,48,94,85,3,ECE,1
8.08,2,0,0,3,9,38,178,7,ECE,1
9.54,4,0,7,3,19,49,351,4,CSE,1
9.67,6,6,0,3,1,7,75,2,CSE,1
9.19,4,7,8,2,96,74,467,7,CIVIL,1
9.65,4,9,7,3,34,67,180,2,MECH,1
7.42,3,9,8,2,14,75,470,5,MECH,1
6.98,5,8,6,0,94,35,292,4,CSE,1
9.95,5,1,5,2,10,9,283,1,CIVIL,1
7.89,3,0,8,2,94,11,58,3,ECE,1
6.21,2,6,5,2,47,82,135,7,MECH,1
7.67,3,3,3,3,8,86,466,7,CIVIL,1
7.9,3,6,3,2,14,27,260,4,IT,1
9.33,3,9,8,2,97,52,251,4,IT,1
8.9,6,4,6,2,23,52,274,8,CSE,1
5.65,0,6,8,0,18,2,378,1,IT,1
7.87,1,5,2,1,13,25,178,4,ECE,1
5.58,0,3,5,1,23,8,443,5,CSE,1
9.13,2,1,7,2,64,44,43,1,MECH,1
6.5,1,9,7,3,66,92,104,6,CSE,1
9.57,0,9,7,0,74,68,374,5,CIVIL,0
8.81,4,8,4,2,28,21,215,4,IT,1
8.83,4,9,1,0,10,16,439,6,CSE,1
7.42,6,5,5,0,54,84,357,3,ECE,1
9.01,0,10,8,2,4,21,247,7,CSE,1
8.42,2,5,1,2,40,19,141,3,IT,1
6.15,0,8,5,2,18,38,489,1,IT,1
7.05,5,4,5,3,93,49,317,5,ECE,1
8.86,0,2,8,2,83,27,435,5,CIVIL,1
6.44,2,5,8,1,59,86,182,8,CIVIL,1
5.86,3,9,8,2,8,5,49,6,MECH,1
8.37,0,10,8,2,56,38,346,6,MECH,1
7.36,0,3,5,0,78,71,134,2,CIVIL,1
9.28,6,5,2,0,16,49,178,4,MECH,1
8.78,3,7,4,0,53,63,300,2,MECH,1
5.86,3,6,5,3,73,24,477,6,MECH,1
7.25,6,0,6,2,64,5,294,6,IT,1
8.4,3,0,4,2,8,78,155,8,MECH,1
8.94,5,6,0,1,94,56,340,5,ECE,1
6.29,2,1,5,2,52,60,241,4,CIVIL,1
9.58,4,7,3,1,6,96,306,3,CSE,1
9.6,0,3,3,0,96,34,413,2,ECE,1
8.21,3,2,7,0,89,91,250,1,MECH,1
5.58,2,6,7,3,21,95,30,3,CSE,1
9.68,4,9,1,3,29,15,468,2,MECH,1
8.88,5,7,3,2,42,19,282,7,MECH,1
6.0,5,4,7,2,63,72,186,3,CIVIL,1
6.32,0,2,8,1,75,71,315,7,IT,1
7.57,2,8,4,0,91,58,377,7,MECH,1
7.33,6,0,7,2,73,1,356,6,ECE,1
6.42,2,3,1,0,1,99,46,2,CSE,1
9.16,3,5,3,0,49,94,120,1,CSE,1
6.4,2,3,3,1,83,40,477,2,MECH,1
6.05,1,8,3,2,3,54,160,6,CSE,1
6.3,6,3,2,3,15,63,252,4,CSE,1
9.94,0,9,4,0,0,28,24,3,IT,1
6.46,2,3,0,0,87,91,144,7,CIVIL,1
9.49,5,3,8,0,81,83,467,4,CIVIL,1
9.67,3,4,7,2,81,73,317,3,CIVIL,1
8.63,5,8,8,0,38,74,303,6,CSE,1
8.68,1,7,0,1,9,6,48,1,MECH,1
9.68,0,0,3,2,95,56,45,1,IT,1
6.79,2,3,3,3,29,60,161,2,MECH,1
9.06,1,2,3,0,67,63,17,8,CIVIL,1
8.81,5,4,0,2,24,40,219,5,ECE,1
6.04,1,4,7,0,31,65,383,1,ECE,1
9.8,0,4,0,2,28,84,196,5,ECE,1
8.81,1,6,2,1,69,61,126,6,ECE,1
6.09,1,9,4,0,9,77,317,2,IT,1
5.89,5,4,6,0,53,58,224,4,MECH,1
6.0,5,6,3,2,8,87,79,4,ECE,1
7.26,2,5,4,2,72,62,222,6,CSE,1
8.32,3,8,0,1,5,90,385,5,MECH,1
6.81,6,3,4,2,75,68,343,7,CIVIL,1
8.71,3,0,4,3,74,42,437,6,IT,1
5.51,2,0,6,2,15,72,311,1,CIVIL,1
8.0,1,5,3,3,34,24,125,3,CIVIL,1
9.68,0,9,0,0,89,19,457,2,ECE,1
8.39,5,2,0,1,90,16,141,7,CSE,1
7.9,4,8,4,3,48,98,150,4,ECE,1
6.96,3,1,6,2,70,1,296,7,MECH,1
5.86,2,3,8,0,51,74,249,7,MECH,1
7.9,6,8,3,1,6,4,476,5,CSE,1
5.97,5,5,7,2,95,20,353,2,CSE,1
6.35,5,9,5,1,10,0,95,5,CSE,1
7.94,0,6,4,2,37,63,179,7,CIVIL,1
8.26,3,9,6,0,97,55,55,1,MECH,1
9.15,3,0,2,2,58,8,168,6,CIVIL,1
6.46,2,10,8,1,71,43,265,5,MECH,1
7.5,4,6,1,2,37,25,115,2,CIVIL,1
6.59,5,4,7,3,77,41,111,3,MECH,1
7.12,0,3,1,3,85,93,405,6,CSE,1
9.2,1,1,5,1,1,74,22,6,CSE,1
6.23,5,9,4,2,86,76,495,4,CSE,1
8.89,0,3,7,3,17,40,228,8,CIVIL,1
7.24,2,7,0,0,100,47,138,7,MECH,1
6.38,2,10,6,0,51,65,64,2,ECE,1
6.94,4,7,7,2,89,68,218,7,ECE,1
9.51,4,4,2,3,19,26,106,8,MECH,1
6.88,2,7,1,3,8,54,320,7,CSE,1
8.75,1,9,8,0,56,95,61,7,CSE,1
8.02,0,7,2,3,8,29,44,7,MECH,1
7.4,0,2,1,3,2,71,200,6,CSE,1
8.58,2,3,5,2,12,43,178,8,IT,1
5.61,6,2,4,0,84,72,148,1,CIVIL,1
7.0,5,10,1,0,67,35,481,1,MECH,1
8.19,5,3,5,0,8,91,371,4,ECE,1
9.85,3,3,3,0,34,73,414,8,ECE,1
9.91,4,1,7,2,11,27,478,4,CIVIL,1
7.85,1,7,5,0,90,32,87,3,ECE,1
7.71,5,6,4,3,96,51,177,1,ECE,1
7.48,0,4,0,1,27,74,271,2,CIVIL,1
5.75,4,7,7,3,5,72,384,2,MECH,1
7.01,6,9,0,2,55,41,161,6,ECE,1
5.57,3,0,5,2,23,15,169,4,ECE,1
8.7,5,9,7,3,56,88,276,1,IT,1
9.02,4,10,8,1,42,88,325,3,IT,1
7.94,2,5,4,0,60,24,321,5,CSE,1
5.68,6,9,5,3,20,92,145,6,MECH,1
6.11,2,1,8,1,74,64,168,5,ECE,1
6.54,2,10,7,3,97,42,196,8,ECE,1
6.23,2,10,3,3,51,83,357,2,CSE,1
6.25,0,8,0,0,70,84,110,6,IT,1
7.75,1,9,6,0,81,48,95,8,MECH,1
7.37,1,10,0,1,55,68,318,6,CSE,1
5.83,6,5,3,0,57,3,252,7,CSE,1
8.66,4,0,2,1,25,47,141,6,ECE,1
7.09,1,6,4,3,55,55,271,6,CIVIL,1
7.19,6,2,0,3,24,20,246,7,CIVIL,1
6.81,4,1,8,1,12,11,410,7,MECH,1
7.77,0,0,7,2,15,66,292,3,IT,1
9.47,6,4,1,2,96,32,147,6,ECE,1
9.04,0,9,3,2,3,28,278,8,MECH,1
7.07,2,3,3,3,5,24,480,7,ECE,1
8.06,6,6,1,3,95,48,291,8,IT,1
6.28,5,8,7,3,99,88,283,6,CSE,1
7.27,0,4,7,2,74,8,237,2,MECH,1
7.44,0,5,4,0,63,7,126,1,ECE,1
9.81,2,3,1,3,36,25,30,6,ECE,1
7.13,3,10,8,2,21,10,297,1,ECE,1
5.75,3,7,1,1,76,98,401,4,MECH,1
7.64,2,0,7,2,31,25,193,6,ECE,1
7.97,0,2,4,3,9,76,437,4,ECE,1
9.24,0,1,2,2,64,38,457,5,MECH,1
6.07,0,8,2,1,87,56,205,2,CIVIL,1
8.43,5,5,5,1,63,25,378,2,CSE,1
5.83,4,5,3,2,2,46,342,8,IT,1
6.54,1,8,2,2,65,89,327,6,IT,1
6.94,3,5,4,1,18,9,370,3,IT,1
5.76,1,6,5,1,47,4,415,3,CIVIL,1
9.51,3,1,3,2,30,80,110,8,ECE,1
9.58,0,8,8,2,17,18,485,1,CIVIL,1
7.55,6,6,2,2,12,29,23,2,CSE,1
9.2,5,0,8,2,32,92,145,3,ECE,1
8.77,5,10,0,2,4,95,278,2,CIVIL,1
8.15,4,6,8,0,60,9,184,6,CSE,1
5.86,1,5,1,2,65,95,60,8,ECE,1
8.03,3,10,1,1,17,39,269,4,CSE,1
7.01,0,8,5,3,9,26,270,6,CIVIL,1
8.9,1,4,7,3,65,46,476,2,MECH,1
9.99,3,3,2,2,8,20,298,2,ECE,1
10.0,4,6,5,0,87,94,401,7,IT,1
7.41,0,5,3,2,73,90,396,7,ECE,1
8.7,4,3,6,0,66,53,363,3,CSE,1
6.25,4,10,5,0,14,37,461,5,IT,1
9.4,0,5,5,1,28,69,282,3,MECH,1
7.18,3,10,8,0,13,83,500,5,CSE,1
9.98,4,1,2,1,45,65,421,6,MECH,1
7.47,4,4,7,1,82,29,448,2,CSE,1
6.2,0,10,0,1,39,63,119,4,IT,1
8.56,4,7,6,0,67,75,265,8,CIVIL,1
9.25,4,3,4,1,100,44,454,1,MECH,1
7.85,5,1,1,1,28,44,62,1,IT,1
9.14,2,9,8,0,4,45,425,7,CSE,1
8.26,5,5,6,0,79,47,353,8,CSE,1
9.47,4,9,3,2,85,71,366,1,MECH,1
8.33,5,8,4,0,80,39,350,5,CIVIL,1
8.43,5,1,8,2,80,77,197,4,ECE,1
9.95,6,1,5,2,48,62,200,3,IT,1
5.64,4,6,0,1,54,74,104,2,ECE,1
7.12,2,9,3,2,17,9,292,2,ECE,1
8.06,4,2,7,2,61,4,442,7,CIVIL,1
7.37,3,9,4,3,74,11,133,8,MECH,1
7.16,1,9,3,3,72,46,9,5,MECH,1
5.79,2,5,8,2,9,87,15,6,MECH,1
6.63,6,5,0,1,80,59,95,3,ECE,1
8.16,5,2,6,3,13,77,219,2,IT,1
9.9,4,9,1,2,93,61,224,1,CIVIL,1
6.26,3,7,7,2,74,58,193,3,CSE,1
6.87,3,0,0,2,6,94,477,1,IT,1
8.12,0,8,1,2,60,58,77,4,CSE,1
6.94,5,0,2,1,33,39,387,7,CSE,1
6.67,2,0,2,2,54,31,487,2,ECE,1
8.88,2,4,4,3,38,16,13,1,CSE,1
9.48,5,8,2,1,25,87,429,6,IT,1
9.31,1,8,0,1,0,43,25,7,MECH,1
5.52,0,1,1,3,19,68,488,3,ECE,1
9.92,3,7,1,1,6,48,115,3,CIVIL,1
7.91,4,8,3,0,48,8,355,8,CIVIL,1
7.77,4,4,1,0,54,87,138,5,IT,1
9.68,1,0,1,0,96,28,138,2,ECE,1
6.13,5,2,4,1,14,55,248,7,IT,1
7.29,6,4,5,0,58,66,51,7,CIVIL,1
8.52,1,1,7,0,58,60,175,7,ECE,1
6.85,3,6,6,2,65,93,193,3,CIVIL,1
9.45,6,6,6,1,10,22,189,7,IT,1
6.39,5,9,3,0,18,83,11,8,IT,1
8.61,6,3,2,2,75,59,424,7,MECH,1
7.32,6,3,4,2,100,32,325,7,IT,1
9.4,0,1,4,1,29,52,453,4,IT,1
8.36,1,9,4,1,3,31,82,6,ECE,1
6.82,2,6,5,1,11,51,113,4,ECE,1
6.34,0,5,2,0,48,10,291,6,CIVIL,1
6.27,6,4,5,0,38,67,288,7,IT,1
6.04,0,4,2,0,53,81,490,8,CSE,1
8.8,5,6,3,3,54,50,121,8,CSE,1
7.88,0,4,4,0,18,76,164,3,CSE,1
6.5,3,2,1,0,47,70,9,8,IT,1
9.73,2,3,4,2,99,43,173,7,CIVIL,1
6.33,6,0,8,2,17,40,6,1,CSE,1
7.32,2,5,5,1,90,42,64,2,ECE,1
8.39,2,6,5,0,11,34,167,7,IT,1
5.88,3,9,1,3,49,30,428,8,ECE,1
5.85,5,3,3,2,95,93,238,1,MECH,1
8.92,0,8,8,2,65,27,88,6,IT,1
7.62,1,4,8,1,100,82,323,1,CIVIL,1
7.85,2,8,6,3,51,59,346,5,CSE,1
9.96,0,7,8,1,71,42,25,2,IT,1
5.98,4,1,8,0,40,39,344,8,CSE,1
5.63,0,5,0,0,100,36,2,2,MECH,1
9.43,1,1,7,1,46,93,153,5,IT,1
6.28,1,10,3,3,5,73,457,5,CSE,1
7.5,2,0,2,3,28,91,393,1,CIVIL,1
8.57,0,0,3,2,46,78,457,5,MECH,1
8.8,3,9,4,0,65,89,12,5,MECH,1
7.2,3,10,6,0,13,79,158,3,CIVIL,1
10.0,6,0,6,0,0,12,47,1,IT,1
5.8,0,4,1,1,72,16,313,1,MECH,1
5.56,6,2,2,1,84,46,235,1,ECE,1
7.11,6,6,2,3,36,63,251,1,CIVIL,1
8.29,1,4,8,0,43,58,109,2,IT,1
8.98,4,8,1,2,40,81,475,4,IT,1
9.19,0,9,4,3,26,18,225,2,ECE,1
6.95,4,0,8,2,67,96,409,2,ECE,1
8.32,2,9,8,2,73,79,299,4,CIVIL,1
8.64,6,3,5,3,74,27,392,8,ECE,1
7.88,3,7,5,0,73,95,199,1,IT,1
7.13,3,8,5,1,0,43,331,8,IT,1
9.6,1,9,7,0,61,9,273,1,ECE,1
5.82,5,10,1,3,53,21,433,2,ECE,1
7.21,4,0,5,3,57,78,177,2,IT,1
8.07,4,2,0,1,54,65,6,4,ECE,1
7.09,0,8,5,2,60,47,148,7,CSE,1
8.91,5,7,7,1,20,15,258,8,IT,1
8.33,2,6,5,2,26,0,195,4,CIVIL,1
6.62,0,0,0,2,47,2,383,4,CIVIL,1
8.28,3,2,3,1,3,56,187,5,CSE,1
5.95,6,1,2,0,98,32,265,1,CIVIL,1
6.58,2,7,7,3,88,60,181,5,IT,1
6.24,2,10,6,1,84,12,332,3,CSE,1
6.3,5,5,4,1,32,86,355,4,MECH,1
9.49,3,2,7,1,96,41,335,3,ECE,1
8.67,5,6,4,1,75,22,467,6,ECE,1
6.25,1,4,8,0,27,12,208,1,ECE,0
7.92,2,5,1,3,61,61,59,8,IT,1
7.36,5,9,8,2,32,39,368,2,MECH,1
7.6,0,4,8,0,12,82,2,2,ECE,1
7.04,4,1,5,1,34,15,72,5,CIVIL,1
6.61,0,8,0,3,9,80,413,2,ECE,1
6.32,5,8,6,1,74,75,245,1,CSE,1
9.54,5,7,1,1,4,17,84,4,CIVIL,1
5.76,3,9,7,1,47,66,488,3,ECE,1
5.62,3,6,5,0,22,99,411,8,CIVIL,1
8.34,0,9,6,3,42,63,230,6,ECE,1
8.86,3,2,5,0,17,31,86,3,CSE,1
6.96,2,1,4,0,95,90,347,7,IT,1
7.19,2,10,0,2,28,98,434,3,CSE,1
6.04,3,8,5,3,0,18,402,5,CSE,1
8.87,1,3,2,0,8,69,119,7,IT,1
7.77,5,4,3,1,55,66,231,7,IT,1
8.32,4,2,8,2,92,91,218,3,MECH,1
8.4,3,0,1,1,17,27,169,6,ECE,1
8.41,0,2,8,0,30,47,410,6,IT,1
8.62,5,7,2,1,96,6,261,1,MECH,1
9.8,5,7,0,1,36,73,282,6,ECE,1
6.2,5,4,7,1,71,73,52,8,ECE,1
7.98,5,2,1,2,8,77,282,1,MECH,1
9.54,4,5,2,2,53,58,48,5,IT,1
9.94,3,9,3,0,50,13,316,5,MECH,1
6.97,5,4,7,0,36,99,133,8,CIVIL,1
8.62,3,3,5,2,8,48,189,1,MECH,1
7.28,0,7,7,3,76,82,198,1,CIVIL,1
5.61,5,2,5,0,97,91,227,6,IT,1
7.52,0,1,4,3,18,28,84,5,CIVIL,1
9.75,3,7,0,3,53,40,193,1,IT,1
8.11,0,10,4,3,10,28,262,4,ECE,1
7.18,4,5,5,2,88,4,200,2,ECE,1
5.56,1,9,0,0,49,94,202,5,ECE,1
5.56,4,7,7,3,23,25,163,4,CIVIL,1
7.03,0,2,5,1,21,63,70,6,CIVIL,1
8.87,3,10,3,1,62,71,184,6,ECE,1
9.23,1,1,3,1,32,10,294,4,MECH,1
9.27,0,1,0,1,43,89,300,2,ECE,1
6.23,5,10,5,2,50,40,149,6,CSE,1
9.33,3,6,8,2,0,87,313,5,IT,1
7.44,4,9,6,0,18,73,323,3,ECE,1
9.16,6,3,2,2,21,0,462,8,IT,1
9.1,1,0,5,3,28,89,241,8,CSE,1
6.63,5,8,6,2,26,55,334,8,MECH,1
9.1,6,10,2,3,34,21,183,4,IT,1
8.1,4,6,2,1,66,28,323,3,ECE,1
8.14,1,3,6,3,18,53,185,4,CIVIL,1
9.93,4,2,1,1,95,20,179,5,ECE,1
5.99,6,1,1,2,77,53,255,1,MECH,1
7.31,3,5,1,2,41,85,288,8,CIVIL,1
6.4,1,9,2,0,38,5,351,3,MECH,1
6.41,2,6,0,3,90,38,12,6,CIVIL,1
6.43,2,3,4,2,81,88,283,6,ECE,1
7.93,1,10,6,0,25,18,226,8,CSE,1
9.64,2,9,4,3,97,21,40,5,IT,1
9.26,1,9,0,3,57,3,116,2,CSE,1
8.28,1,2,0,1,4,29,462,3,ECE,1
7.55,6,8,7,1,95,29,465,8,CSE,1
6.17,6,1,3,0,33,82,336,5,MECH,1
8.22,6,2,2,1,40,100,70,8,ECE,1
8.14,2,3,4,3,9,43,384,4,CIVIL,1
9.93,1,9,2,1,0,61,204,8,IT,1
6.33,3,6,4,0,13,59,418,4,ECE,1
8.48,4,1,6,2,17,86,147,6,CIVIL,1
7.36,5,6,5,0,80,97,236,8,IT,1
8.16,4,1,6,2,58,82,475,1,CSE,1
8.84,1,6,4,1,49,80,348,4,MECH,1
6.88,6,2,3,0,59,55,0,5,MECH,1
9.01,4,10,0,3,44,63,88,8,MECH,1
9.76,0,6,7,0,6,7,298,4,IT,1
6.31,4,6,5,0,66,36,493,3,CSE,1
8.08,6,5,1,3,67,24,458,6,CIVIL,1
8.29,0,5,3,0,30,74,296,5,ECE,1
9.26,1,5,5,1,88,39,427,8,MECH,1
8.2,2,9,6,3,56,56,306,2,CSE,1
7.01,4,9,6,1,40,53,331,7,ECE,1
9.04,6,4,7,1,85,34,52,6,CSE,1
6.38,5,7,6,0,57,55,8,3,CSE,0
8.22,1,10,6,2,96,9,205,7,ECE,1
8.01,0,0,2,3,82,89,252,8,ECE,1
6.67,2,6,4,1,18,73,96,7,ECE,1
8.76,6,3,4,1,5,30,446,7,CIVIL,1
7.87,2,4,8,0,73,7,230,4,CSE,1
7.75,2,5,1,3,35,21,82,8,CSE,1
8.88,5,6,1,1,89,56,266,4,MECH,1
9.2,0,8,7,0,65,77,99,3,ECE,1
9.82,0,5,8,3,76,71,140,5,ECE,1
9.43,2,7,3,2,27,70,336,3,MECH,1
6.46,5,0,6,0,9,94,252,3,ECE,1
9.64,3,8,6,2,90,41,309,4,MECH,1
6.63,2,6,4,1,77,10,220,7,CSE,1
8.51,6,2,5,1,35,13,376,1,MECH,1
7.34,0,3,4,3,28,91,109,8,MECH,1
9.48,4,5,6,3,25,99,98,4,CIVIL,1
6.01,4,2,3,1,92,79,379,6,ECE,1
9.01,6,10,6,1,83,75,106,1,MECH,1
7.17,4,10,6,1,58,80,353,6,CSE,1
6.58,2,5,7,2,86,24,349,7,IT,1
8.68,3,10,5,1,20,83,274,2,MECH,1
9.7,6,10,4,0,79,22,42,3,IT,1
8.55,0,8,4,0,69,8,290,6,MECH,1
9.1,3,6,0,0,80,37,374,7,ECE,1
8.84,5,3,4,1,84,92,187,4,ECE,1
6.96,0,10,4,0,64,19,49,8,ECE,1
7.72,6,0,6,0,1,11,18,3,IT,1
8.21,1,2,0,2,51,27,407,8,IT,1
6.27,2,0,3,3,26,76,169,6,CIVIL,1
6.06,5,0,7,0,7,25,435,5,IT,1
9.22,1,9,3,2,39,57,353,7,ECE,1
7.29,0,5,3,2,38,66,354,4,CSE,1
6.45,3,9,1,3,17,79,228,1,CIVIL,1
8.32,1,4,4,1,26,15,460,3,CIVIL,1
6.88,6,2,0,0,13,99,391,4,MECH,1
9.11,2,1,5,1,83,10,405,2,MECH,1
6.05,2,1,6,0,16,45,222,3,ECE,1
6.12,4,10,8,0,52,21,177,5,MECH,1
6.86,6,8,5,3,11,69,202,3,CSE,1
8.82,2,1,5,3,32,27,435,4,MECH,1
9.68,3,4,0,2,48,91,361,7,MECH,1
6.01,2,9,2,3,76,9,152,6,MECH,1
8.75,5,5,4,3,20,56,228,2,CIVIL,1
9.69,3,5,7,1,80,96,409,7,CIVIL,1
7.1,3,9,0,3,77,7,475,8,IT,1
9.72,0,3,3,0,83,39,435,1,MECH,1
6.0,2,10,0,0,29,79,129,7,CIVIL,1
9.42,4,1,8,0,20,98,311,2,ECE,1
5.53,5,5,1,1,20,44,247,2,CSE,1
5.62,3,5,1,2,77,5,207,6,ECE,1
8.16,1,2,1,1,27,48,197,3,ECE,1
8.4,2,4,7,2,26,0,299,3,ECE,1
6.86,3,0,8,3,17,13,137,1,MECH,1
9.44,4,2,5,2,10,5,194,4,CIVIL,1
8.08,2,7,2,0,51,40,386,2,ECE,1
5.75,2,2,7,3,66,12,447,8,CIVIL,1
9.55,1,8,4,1,62,28,177,1,IT,1
8.03,2,7,8,0,14,62,312,7,IT,1
5.84,3,6,4,2,67,81,485,5,CIVIL,1
8.75,0,1,7,1,63,93,500,2,MECH,1
8.85,4,8,1,3,31,33,250,3,CIVIL,1
8.18,3,2,8,0,84,50,278,1,CIVIL,1
9.23,2,3,7,2,15,31,363,5,IT,1
9.71,3,7,5,1,48,71,315,6,CSE,1
6.01,4,10,0,2,97,24,430,7,CIVIL,1
8.05,1,2,8,1,77,25,52,2,ECE,1
5.61,0,8,4,3,29,72,150,3,CSE,1
7.25,5,6,7,0,82,25,127,1,ECE,1
9.41,2,5,4,3,89,58,293,5,CIVIL,1
9.44,1,2,4,1,57,25,70,5,CIVIL,1
7.74,2,5,4,0,15,53,495,1,IT,0
6.8,5,7,4,3,8,31,154,8,ECE,1
8.69,4,4,7,0,39,81,113,2,CSE,1
8.6,4,0,7,1,60,88,326,2,MECH,1
7.03,2,0,2,1,41,94,452,4,CSE,1
7.09,5,5,0,2,87,81,352,6,CSE,1
7.3,2,1,0,2,45,86,89,4,CSE,1
9.17,5,5,4,2,4,35,425,7,IT,1
8.4,5,7,0,0,51,28,276,4,CSE,1
5.81,0,2,1,1,28,94,392,4,CSE,1
6.53,5,4,1,2,83,59,363,5,ECE,1
6.06,0,2,6,0,20,71,319,5,IT,1
8.79,6,1,4,3,91,24,262,5,CSE,1
6.36,6,0,8,2,85,57,449,2,IT,1
9.23,2,10,3,1,33,31,128,7,ECE,1
6.85,6,0,1,2,99,35,124,7,CIVIL,1
6.18,4,1,2,0,74,13,186,1,CSE,1
7.24,2,5,3,0,19,39,278,6,CIVIL,1
8.08,1,0,3,2,44,93,65,3,MECH,1
7.15,3,0,5,3,21,36,122,8,CIVIL,1
8.18,6,9,1,2,42,69,495,2,MECH,1
7.37,6,4,7,2,25,94,163,4,IT,1
5.58,2,8,5,1,14,100,277,6,CIVIL,1
7.94,0,2,6,2,96,11,496,8,IT,1
7.6,1,0,7,1,90,60,293,5,MECH,1
6.18,5,0,2,2,17,36,299,3,MECH,1
7.31,2,0,5,0,99,56,371,6,MECH,1
6.9,4,1,3,2,26,44,270,4,MECH,1
8.04,6,5,3,0,55,19,378,6,CSE,1
5.83,6,1,7,0,6,29,198,7,MECH,1
9.51,6,1,5,0,94,49,384,7,ECE,1
8.71,2,3,3,2,23,49,142,7,IT,1
5.61,1,7,4,2,96,42,26,4,MECH,1
7.44,2,3,1,0,55,78,271,3,MECH,1
6.12,5,3,8,1,64,31,262,7,ECE,1
8.78,6,1,5,1,31,43,451,5,ECE,1
7.11,2,4,3,1,0,91,499,4,CIVIL,1
5.68,6,4,1,2,28,76,93,2,ECE,1
8.37,3,5,5,0,48,20,39,4,MECH,1
5.92,5,3,7,3,31,45,52,5,CSE,1
8.87,1,9,0,3,49,31,465,4,ECE,1
9.2,1,3,5,2,77,62,123,6,IT,1
7.69,4,0,8,1,29,26,244,4,IT,1
5.85,5,10,4,1,59,11,10,8,MECH,1
9.71,1,1,5,3,26,49,228,8,CIVIL,1
9.13,6,8,7,1,25,55,461,3,IT,1
9.64,4,3,2,3,38,92,479,5,MECH,1
7.53,2,7,5,1,10,25,81,6,MECH,1
6.22,6,5,6,0,46,52,103,4,IT,1
7.52,1,10,6,3,30,45,292,7,MECH,1
7.43,5,0,2,0,76,43,468,4,CIVIL,1
7.35,1,7,5,2,83,29,174,3,IT,1
9.53,3,0,3,2,2,4,189,4,MECH,1
8.57,3,4,6,3,55,65,174,4,CIVIL,1
8.9,2,0,1,3,46,96,272,1,CIVIL,1
7.17,4,3,1,3,31,23,232,6,CSE,1
8.27,3,3,5,3,70,35,190,4,ECE,1
9.48,6,1,4,0,87,17,147,5,ECE,1
7.35,4,3,3,0,51,96,432,6,MECH,1
7.95,6,0,1,0,43,63,119,4,IT,1
9.77,6,0,3,3,22,96,23,5,CIVIL,1
6.95,1,3,3,2,26,52,372,4,IT,1
9.66,1,4,3,2,28,82,17,5,CIVIL,1
9.34,5,2,4,3,62,46,64,6,IT,1
7.2,2,6,0,3,46,14,181,2,CIVIL,1
5.6,6,2,2,1,80,39,43,7,CSE,1
8.06,0,9,1,2,33,48,308,5,ECE,1
5.82,0,9,8,1,69,1,403,1,CIVIL,1
6.93,3,2,6,2,51,86,199,8,IT,1
7.83,5,0,1,1,89,84,408,5,CIVIL,1
9.26,6,6,2,3,99,43,339,5,ECE,1
5.88,3,10,7,0,60,25,476,3,ECE,1
6.44,0,6,7,2,66,54,95,7,CSE,1
8.0,5,5,6,1,37,59,238,1,CIVIL,1
8.79,3,0,0,1,80,39,237,2,ECE,1
7.38,6,1,0,2,68,44,499,2,ECE,1
8.54,3,7,0,2,31,69,235,1,CIVIL,1
8.11,5,7,2,2,0,5,123,4,ECE,1
9.5,0,9,8,1,21,25,428,4,IT,1
9.32,3,7,3,3,55,94,428,4,CSE,1
9.26,5,1,1,1,77,3,0,8,MECH,1
8.22,6,9,6,1,74,39,34,1,CSE,1
9.68,0,7,0,0,50,30,322,6,ECE,1
8.72,6,8,3,1,11,22,2,5,MECH,1
7.69,3,7,6,0,57,82,38,7,CIVIL,1
7.05,6,3,2,2,50,77,234,7,ECE,1
6.59,2,9,5,1,7,4,367,2,MECH,1
5.77,4,10,3,2,60,53,495,3,CSE,1
8.17,2,10,2,2,92,35,301,4,CSE,1
7.46,0,4,5,2,62,74,252,8,IT,1
8.37,2,6,2,2,24,56,25,5,IT,1
7.49,5,2,7,0,92,55,20,7,CSE,1
5.64,3,6,6,1,94,10,123,7,IT,1
6.75,6,10,5,2,78,69,300,6,IT,1
5.52,1,8,6,0,24,61,313,4,MECH,1
6.55,4,9,5,0,68,97,486,1,CSE,1
5.98,0,8,5,1,89,98,332,5,IT,1
5.57,3,9,8,1,65,55,143,4,CSE,1
9.09,3,5,5,2,20,93,281,1,IT,1
6.55,3,5,4,3,20,29,392,5,IT,1
5.98,3,1,2,3,14,27,104,2,IT,1
5.66,0,1,2,0,1,70,342,4,MECH,1
7.02,1,3,2,0,64,50,152,6,MECH,1
8.1,0,3,1,2,70,81,129,6,CSE,1
6.28,4,10,5,1,23,15,9,5,CIVIL,1
9.15,3,5,8,0,66,72,470,5,MECH,1
8.95,6,3,4,1,20,49,344,1,ECE,1
8.65,1,5,5,2,86,90,122,6,CIVIL,1
5.68,4,10,0,1,97,50,214,6,CSE,1
8.14,3,3,4,3,100,21,130,1,CIVIL,1
9.68,2,3,8,2,99,54,243,5,ECE,1
7.46,6,0,0,3,8,20,264,1,IT,1
6.67,4,0,7,2,84,68,406,3,IT,1
6.73,2,0,3,3,51,52,74,3,CSE,1
8.43,0,5,0,2,88,46,323,4,IT,1
8.01,5,8,8,0,36,84,395,1,ECE,1
6.33,0,5,3,2,2,46,310,6,IT,1
9.65,2,0,3,3,43,81,223,5,MECH,1
8.49,2,5,3,2,85,78,53,5,CSE,1
6.54,5,3,6,2,1,39,432,3,CSE,1
9.4,5,5,1,0,45,12,267,7,CIVIL,1
8.73,6,0,7,1,83,22,185,2,CIVIL,1
7.22,2,5,2,3,5,86,385,4,IT,1
9.34,2,7,6,0,13,58,99,3,MECH,1
8.7,1,5,5,3,81,44,305,7,ECE,1
8.46,0,4,1,2,76,6,423,1,MECH,1
5.93,1,2,0,1,89,57,278,6,ECE,1
8.29,5,6,2,3,57,81,446,1,MECH,1
5.8,6,4,0,3,79,47,383,1,IT,1
7.16,1,10,5,2,27,56,456,8,CIVIL,1
5.82,6,4,2,0,100,55,64,4,MECH,1
5.77,6,0,6,1,63,34,416,5,IT,1
6.7,6,8,0,0,10,8,115,6,MECH,1
9.06,2,2,5,2,8,23,62,6,CSE,1
8.34,3,3,6,0,35,0,198,1,IT,1
8.74,4,1,2,2,2,38,197,2,IT,1
6.33,5,6,1,2,97,9,400,6,MECH,1
7.14,1,7,2,3,37,86,62,8,CIVIL,1
6.11,0,0,3,2,81,40,114,2,MECH,1
6.96,1,9,4,3,80,48,365,2,CSE,1
5.79,6,5,7,1,45,60,441,8,CSE,1
5.91,4,1,0,0,30,44,179,8,CSE,1
5.92,1,2,4,0,79,39,15,8,CSE,1
8.76,2,0,7,2,69,26,48,7,IT,1
8.33,2,5,3,0,77,24,87,5,IT,1
9.06,3,6,1,0,76,94,2,7,MECH,1
6.67,1,9,2,1,32,13,218,4,ECE,1
8.17,3,9,0,1,39,42,359,1,CSE,1
6.43,1,0,1,0,32,18,441,4,IT,1
8.07,6,3,3,0,100,69,312,2,ECE,1
9.44,4,6,4,3,90,59,426,6,IT,1
6.63,2,1,0,0,21,14,404,4,IT,1
7.16,5,8,0,2,83,20,198,4,MECH,1
6.54,4,9,8,0,37,38,164,8,IT,1
5.87,1,8,3,3,68,26,322,4,ECE,1
6.97,5,5,7,2,77,47,341,5,ECE,1
6.55,0,4,8,3,95,23,396,7,IT,1
9.47,2,1,5,2,13,10,60,6,ECE,1
7.32,6,10,7,3,79,28,192,2,CIVIL,1
5.72,4,10,1,1,15,99,397,6,IT,1
7.2,6,8,7,1,76,23,145,5,CSE,1
6.73,1,10,1,3,19,17,471,4,MECH,1
7.25,0,3,7,3,9,17,303,2,ECE,1
5.91,2,7,5,1,23,70,98,8,ECE,1
6.24,6,2,7,3,37,63,466,3,IT,1
6.17,5,2,4,3,99,23,166,6,ECE,1
8.54,2,3,8,1,51,84,460,7,CIVIL,1
6.2,0,1,7,0,60,77,382,1,ECE,1
9.35,5,2,8,1,71,69,287,1,IT,1
8.0,6,7,8,2,2,28,485,1,ECE,1
7.41,0,5,7,1,91,25,107,4,CIVIL,1
6.68,5,3,1,2,5,69,141,8,CIVIL,1
5.9,5,2,1,0,84,49,50,7,CIVIL,1
5.6,6,4,0,1,79,21,354,7,CIVIL,1
8.57,4,6,2,1,30,42,35,6,ECE,1
8.62,5,3,7,1,39,83,337,5,MECH,1
8.78,3,1,7,3,27,12,299,3,CIVIL,1
5.84,3,8,3,1,100,0,284,8,IT,1
6.23,4,5,4,3,82,90,224,5,CIVIL,1
5.97,5,8,5,2,59,94,212,4,IT,1
6.34,6,7,3,1,92,94,324,2,CSE,1
6.81,4,9,7,3,2,8,19,7,ECE,1
7.1,2,6,8,2,63,94,477,1,IT,1
5.91,6,6,8,3,37,19,78,1,ECE,1
6.54,2,0,5,0,23,0,458,7,MECH,1
9.95,6,0,2,3,61,32,168,2,MECH,1
8.16,0,4,6,3,94,47,269,4,MECH,1
9.57,5,3,5,3,27,100,174,3,IT,1
8.8,3,10,3,0,38,77,451,2,ECE,1
5.66,2,9,2,2,86,20,32,2,ECE,1
7.66,2,10,7,2,11,1,71,7,CIVIL,1
7.23,3,5,2,0,13,11,491,7,IT,1
7.49,1,6,2,1,21,41,293,5,MECH,1
9.29,0,10,3,0,34,77,324,4,CSE,1
7.19,1,8,7,3,95,87,108,3,ECE,1
6.47,5,8,4,3,45,77,156,2,CIVIL,1
7.29,1,7,5,2,85,14,398,5,CSE,1
5.52,5,3,7,1,86,3,380,8,IT,1
9.11,4,10,0,2,21,68,199,3,MECH,1
6.57,5,0,2,1,39,89,423,2,CSE,1
5.67,4,2,5,3,90,89,421,5,ECE,1
9.95,0,1,6,0,60,55,58,8,MECH,1
9.62,4,6,2,2,22,41,337,5,IT,1
7.39,5,2,4,2,31,57,262,5,CIVIL,1
9.23,6,1,6,2,59,46,332,2,IT,1
9.14,0,0,0,2,99,4,24,6,CSE,1
8.55,2,2,6,1,7,46,209,1,CSE,1
7.87,0,0,8,1,93,34,175,3,IT,1
9.73,1,7,1,3,54,16,305,1,CIVIL,1
7.6,1,8,3,2,90,69,449,6,IT,1
8.4,1,1,1,0,16,37,38,6,IT,1
8.14,6,1,8,2,29,67,469,6,ECE,1
5.65,6,3,5,3,25,49,19,5,MECH,1
6.25,2,0,0,1,27,75,351,1,ECE,0
9.45,4,10,2,3,83,30,155,8,IT,1
8.78,6,8,1,3,57,24,455,6,MECH,1
9.43,2,6,6,3,68,60,315,1,MECH,1
5.99,6,8,3,0,36,70,178,4,CSE,1
5.61,4,7,2,1,61,36,44,6,CSE,1
6.23,5,2,5,1,98,7,317,4,IT,1
9.73,0,3,7,1,2,36,460,3,MECH,1
8.68,1,9,2,1,50,82,483,8,CIVIL,1
9.4,5,5,4,2,6,33,436,5,IT,1
6.41,0,1,5,0,8,3,109,1,CIVIL,1
8.03,6,0,8,1,12,42,208,5,IT,1
9.36,6,8,7,3,53,62,36,1,CSE,1
9.7,5,6,4,0,95,29,426,4,IT,1
6.77,6,0,5,1,69,34,22,6,MECH,1
8.01,0,2,5,0,45,40,194,6,MECH,1
8.88,4,4,1,1,46,63,407,5,IT,1
6.96,0,2,6,0,94,85,277,8,CIVIL,1
6.59,1,6,0,1,91,80,351,8,MECH,1
9.51,6,0,6,0,30,91,251,4,IT,1
8.25,0,1,1,2,21,95,65,4,CIVIL,1
6.71,1,7,6,2,44,88,27,4,CSE,1
8.33,6,5,5,2,42,51,32,3,ECE,1
6.39,1,8,3,3,32,46,316,5,CIVIL,1
8.06,3,2,6,3,80,99,260,1,MECH,1
8.42,3,0,7,2,34,1,442,6,CIVIL,1
6.18,1,3,3,3,88,92,151,3,CSE,1
6.96,0,10,3,1,96,76,351,7,CSE,1
7.34,3,5,0,3,67,17,306,2,CIVIL,1
6.68,4,3,1,0,59,68,487,6,IT,1
8.27,6,7,2,2,59,93,77,1,IT,1
9.91,2,5,7,2,75,23,299,7,IT,1
7.69,6,1,7,2,89,35,439,7,CIVIL,1
7.44,0,10,2,0,28,54,442,4,CSE,1
5.77,2,2,2,0,9,88,387,8,CIVIL,1
7.03,0,4,8,2,41,46,51,3,CSE,1
10.0,3,1,6,0,45,24,340,5,ECE,1
8.09,0,0,8,2,0,77,129,4,CIVIL,1
8.72,6,5,7,3,11,32,377,4,CIVIL,1
9.13,3,9,5,2,85,24,421,2,ECE,1
8.17,1,10,6,0,90,33,227,2,MECH,1
8.58,3,1,4,2,20,24,429,6,ECE,1
7.67,0,6,7,1,12,52,2,6,CIVIL,1
6.75,1,10,4,0,15,37,451,4,CIVIL,1
7.0,2,1,6,3,73,49,407,2,CSE,1
8.32,1,3,3,2,100,11,157,6,CIVIL,1
6.51,1,0,2,1,18,2,484,1,MECH,1
9.77,4,0,8,1,64,28,200,5,CIVIL,1
6.34,3,9,6,0,78,98,188,6,IT,1
9.16,3,5,4,1,93,63,353,8,IT,1
7.16,6,7,1,3,61,36,161,3,CIVIL,1
8.75,3,9,4,2,45,54,438,1,CSE,1
6.87,3,5,1,1,80,23,257,1,CIVIL,1
7.28,2,9,3,3,73,12,58,3,ECE,1
7.02,6,2,4,1,91,53,170,3,CIVIL,1
7.71,3,6,0,0,13,39,108,2,CSE,1
7.76,3,2,7,0,72,50,297,1,ECE,1
5.81,3,7,0,0,100,19,176,1,IT,1
6.02,0,6,3,3,13,52,303,3,IT,1
9.62,4,9,3,0,20,57,443,1,ECE,1
5.7,0,1,3,3,1,4,391,7,IT,1
7.28,1,3,1,2,58,55,350,7,CIVIL,1
8.86,2,10,3,3,94,30,138,4,CIVIL,1
7.52,3,4,2,0,43,70,69,1,ECE,1
9.09,1,0,7,0,31,49,266,6,ECE,1
6.98,0,5,2,3,100,6,196,4,CIVIL,1
8.57,6,8,0,2,61,96,333,1,CIVIL,1
9.0,2,2,4,2,44,31,166,3,IT,1
8.72,1,10,4,2,13,31,389,1,CSE,1
8.36,3,3,3,3,29,84,334,7,CSE,1
5.79,2,9,4,0,47,61,95,7,MECH,1
8.3,5,0,7,2,16,40,87,1,MECH,1
6.26,0,2,7,1,89,35,311,1,ECE,1
8.55,6,6,5,1,0,17,23,3,CIVIL,1
9.07,3,1,3,0,45,41,34,6,ECE,1
9.17,3,0,7,1,81,43,160,7,CIVIL,1
7.0,3,3,6,3,23,83,265,2,IT,1
6.94,4,6,0,1,25,16,357,1,CIVIL,1
9.23,0,9,4,3,93,64,449,6,CIVIL,1
7.59,6,6,4,0,51,81,265,5,ECE,1
7.53,4,10,8,0,98,8,207,2,MECH,1
7.96,6,5,3,2,67,3,411,3,CIVIL,1
7.54,0,2,0,2,3,19,155,2,IT,1
8.14,6,7,8,1,93,44,63,8,IT,1
9.23,6,6,0,0,30,49,61,8,CSE,1
9.42,6,7,4,0,55,73,275,7,ECE,1
8.02,3,3,6,1,95,51,211,6,CSE,1
9.91,0,10,7,3,88,67,109,6,IT,1
5.61,3,3,3,3,54,84,246,8,IT,1
9.67,0,4,5,3,64,6,269,6,CSE,1
7.92,2,3,8,1,66,57,272,4,CIVIL,1
5.89,5,6,3,3,49,48,149,4,CSE,1
5.59,3,6,5,2,62,96,467,4,MECH,1
6.79,0,7,3,1,64,33,234,2,IT,1
9.61,1,2,2,1,82,92,224,6,CIVIL,1
7.9,0,5,4,0,20,51,331,5,IT,1
6.86,3,5,3,0,71,88,273,2,IT,1
7.03,2,4,3,0,19,30,126,5,CIVIL,1
8.22,6,4,2,3,63,78,367,1,ECE,1
5.8,1,1,1,3,14,16,62,2,MECH,1
6.31,6,7,3,0,55,13,6,1,MECH,1
8.8,2,5,6,2,25,66,455,4,ECE,1
6.53,3,1,8,1,30,3,373,3,MECH,1
5.91,6,3,6,2,77,65,50,2,MECH,1
9.31,3,4,6,2,52,6,167,8,CIVIL,1
6.39,2,7,0,1,8,9,357,6,MECH,1
6.28,0,5,5,0,42,84,8,7,CIVIL,1
8.63,0,7,5,1,52,22,125,5,CIVIL,1
6.33,6,8,2,1,65,47,116,7,CSE,1
9.56,3,10,5,1,77,15,74,4,MECH,1
7.48,5,1,4,3,92,57,337,5,MECH,1
8.02,6,10,3,0,17,68,400,6,CIVIL,1
9.25,0,10,2,2,20,53,119,1,IT,1
9.9,3,1,7,1,9,29,231,8,ECE,1
7.41,5,5,2,1,36,77,175,4,CSE,1
7.33,2,9,0,1,45,86,340,2,CIVIL,1
8.32,6,5,1,2,32,69,435,5,CIVIL,1
8.7,2,2,5,2,75,21,268,3,IT,1
9.45,4,6,4,2,40,54,171,3,CSE,1
5.82,1,8,3,1,21,10,2,6,MECH,1
5.62,5,5,7,1,5,57,379,5,MECH,1
7.25,1,0,6,3,63,72,143,5,ECE,1
7.61,4,10,6,0,32,42,461,1,ECE,1
6.43,4,0,6,2,83,22,205,3,ECE,1
8.08,4,1,3,2,79,99,482,5,CSE,1
7.36,3,10,5,3,42,2,173,7,ECE,1
7.66,2,8,4,0,43,96,165,1,MECH,1
9.6,1,1,2,2,59,94,15,7,CSE,1
9.04,6,8,7,0,97,16,105,1,IT,1
8.24,5,4,1,0,0,54,419,5,MECH,1
5.61,3,8,7,3,53,0,99,4,ECE,1
7.76,6,5,7,0,9,36,297,2,IT,1
7.39,6,5,6,2,61,75,281,2,CIVIL,1
7.08,5,2,2,2,63,87,208,5,ECE,1
9.55,2,0,8,0,1,91,128,8,CSE,1
5.83,2,6,6,3,10,80,86,2,IT,1
9.6,2,9,5,2,15,66,151,8,MECH,1
7.47,0,2,5,0,76,40,446,5,CSE,1
7.15,2,9,1,2,45,40,395,8,CSE,1
6.48,2,4,4,0,5,83,84,8,CIVIL,1
9.35,2,4,1,3,22,33,495,7,ECE,1
9.07,5,0,5,2,9,33,247,6,MECH,1
8.82,1,3,4,2,47,86,272,6,CSE,1
8.9,6,3,8,1,0,90,88,5,CIVIL,1
8.18,6,3,5,3,48,83,364,6,CSE,1
8.57,5,10,1,3,100,37,418,5,MECH,1
8.56,4,9,2,0,10,75,48,1,ECE,1
6.02,1,3,5,1,99,20,292,2,ECE,1
7.1,0,6,5,2,37,94,344,3,CSE,1
6.12,3,4,4,3,100,58,101,7,ECE,1
7.12,2,7,3,1,11,32,109,4,CIVIL,1
6.61,0,1,6,2,81,39,373,2,CIVIL,1
6.91,5,9,1,2,73,15,264,2,CIVIL,1
6.94,4,0,5,2,65,96,298,7,IT,1
8.0,5,3,5,2,1,55,351,1,CIVIL,1
6.95,0,6,2,1,65,100,174,5,CSE,1
9.21,4,0,7,1,93,74,253,4,MECH,1
7.64,3,7,6,1,59,42,455,3,CIVIL,1
8.0,5,0,4,3,89,91,242,8,ECE,1
7.23,1,7,5,1,48,77,104,5,CIVIL,1
7.54,2,5,4,3,97,60,430,5,CSE,1
5.72,5,6,0,3,87,60,310,4,ECE,1
6.82,4,6,1,2,60,56,474,3,IT,1
8.29,0,5,0,1,2,10,4,8,ECE,1
5.75,0,9,3,2,84,58,253,8,CSE,1
7.47,0,6,1,3,51,77,118,8,ECE,1
7.79,4,9,7,1,38,11,326,7,CIVIL,1
7.82,3,9,3,3,57,62,110,1,MECH,1
5.52,6,4,8,0,23,42,33,5,IT,1
7.03,2,3,3,2,64,1,34,7,CIVIL,1
8.32,2,5,4,0,78,93,376,3,ECE,1
8.87,1,9,3,3,65,39,2,2,IT,1
6.31,0,4,5,1,45,60,389,5,CSE,1
9.2,5,4,8,3,46,70,463,4,MECH,1
8.39,1,8,6,1,54,47,413,8,MECH,1
7.15,5,10,0,2,58,6,376,4,CSE,1
9.39,3,10,2,1,40,50,287,4,CSE,1
6.21,0,1,2,2,52,91,405,3,ECE,1
7.7,2,5,4,2,6,26,359,2,CSE,1
6.37,3,8,5,1,48,92,154,3,ECE,1
9.65,2,8,0,2,93,19,62,2,ECE,1
7.15,2,9,2,2,81,40,162,3,MECH,1
7.41,6,10,5,3,46,33,42,3,ECE,1
7.05,0,2,4,2,60,27,137,5,ECE,1
8.23,5,5,1,2,24,75,326,4,CIVIL,1
6.61,0,0,2,0,53,52,440,6,CIVIL,1
8.56,1,4,4,3,5,5,295,7,CSE,1
8.69,0,10,8,1,96,34,55,6,CIVIL,1
7.12,0,0,7,3,16,40,326,8,CIVIL,1
8.48,4,9,8,1,60,77,418,1,MECH,1
5.86,5,0,2,1,85,73,300,4,MECH,1
9.21,4,0,1,3,95,69,6,8,CIVIL,1
8.97,5,3,4,3,95,93,197,5,CSE,1
5.79,6,4,8,1,36,1,174,4,ECE,1
8.1,6,9,1,3,53,4,148,7,ECE,1
7.44,4,6,2,1,77,74,393,1,IT,1
8.71,6,1,6,1,50,84,210,2,CIVIL,1
8.29,5,1,5,3,57,58,386,4,IT,1
8.1,5,8,0,1,81,64,464,3,CSE,1
8.1,5,2,6,1,14,40,320,8,CSE,1
9.4,5,9,6,2,62,40,337,6,MECH,1
9.45,0,8,8,3,20,76,349,4,IT,1
6.82,5,1,1,1,26,93,357,8,CIVIL,1
6.29,5,3,1,3,65,96,231,8,CIVIL,1
7.53,6,10,2,2,32,2,16,6,CSE,1
9.73,2,5,1,2,15,76,52,6,CIVIL,1
6.85,0,6,5,0,81,41,497,4,CIVIL,1
9.31,2,8,5,0,0,51,332,1,IT,1
9.21,6,9,2,0,27,62,447,3,IT,1
9.05,3,8,1,1,49,37,335,1,CSE,1
6.04,6,2,7,1,95,35,206,3,CIVIL,1
6.55,1,1,1,1,86,16,129,3,CIVIL,1
7.32,5,8,7,0,18,100,150,4,IT,1
7.33,6,3,0,3,90,22,395,5,MECH,1
7.19,2,10,1,1,43,3,399,8,IT,1
8.39,2,7,0,1,38,95,163,4,ECE,1
5.56,5,10,5,0,50,40,433,4,MECH,1
8.82,5,6,5,3,6,85,460,3,CSE,1
6.0,1,9,8,1,18,81,449,6,ECE,1
7.48,5,10,2,1,95,39,84,2,CIVIL,1
9.93,4,10,8,2,68,43,374,2,CIVIL,1
8.84,4,1,6,0,14,16,196,2,IT,1
6.81,2,7,0,3,13,32,314,3,ECE,1
7.38,2,4,6,2,75,49,440,5,CIVIL,1
7.18,6,5,2,1,66,82,500,1,IT,1
5.76,4,1,6,2,47,3,418,3,CIVIL,1
8.77,0,4,0,1,55,21,29,4,CIVIL,1
9.5,1,2,1,0,32,75,448,8,CIVIL,1
8.58,2,3,3,0,46,68,477,4,IT,1
6.63,6,5,7,0,90,61,123,3,IT,1
8.56,3,5,7,3,1,26,444,5,CIVIL,1
8.63,2,6,7,3,43,38,26,7,CIVIL,1
6.95,2,4,8,2,74,97,22,5,ECE,1
9.82,0,0,4,0,30,60,289,3,CIVIL,1
6.36,6,4,6,3,83,54,314,8,CSE,1
5.74,6,3,4,3,5,7,469,7,MECH,1
7.23,6,0,2,3,76,22,201,3,ECE,1
8.38,2,1,6,1,81,3,246,5,MECH,1
8.97,3,2,3,2,0,26,395,8,MECH,1
9.49,5,5,8,0,70,98,201,7,ECE,1
9.89,1,8,6,1,91,24,408,3,IT,1
7.55,6,8,4,2,16,38,425,6,CIVIL,1
5.54,4,1,2,3,87,41,258,7,CSE,1
6.8,6,4,7,1,15,32,467,3,CIVIL,1
8.05,4,7,8,3,89,1,318,7,CIVIL,1
7.22,6,8,0,2,65,1,249,4,ECE,1
8.87,2,3,4,1,7,100,282,2,MECH,1
9.37,0,10,2,2,92,55,432,1,ECE,1
6.75,5,7,6,0,5,66,120,7,CIVIL,1
7.33,3,4,6,0,38,62,69,6,CSE,1
7.88,3,2,2,2,43,88,337,4,CSE,1
6.34,1,4,5,3,59,63,16,4,CIVIL,1
8.58,6,0,7,2,49,13,311,5,MECH,1
7.49,4,3,1,1,4,38,82,8,ECE,1
5.84,1,8,8,1,40,8,70,3,IT,1
8.03,3,4,4,0,88,26,177,7,ECE,1
9.95,5,10,2,2,2,82,243,6,ECE,1
6.3,3,6,1,2,36,40,220,2,CIVIL,1
7.79,4,10,5,0,17,68,182,1,IT,1
8.19,5,10,0,0,63,31,282,5,CIVIL,1
8.12,0,6,5,0,25,86,301,8,CIVIL,1
9.48,1,4,1,0,50,26,244,2,MECH,1
7.61,2,2,4,2,11,79,156,2,CSE,1
9.94,4,0,2,3,66,63,391,2,MECH,1
8.33,3,10,0,3,51,15,337,3,CSE,1
6.38,4,10,8,1,67,30,208,2,MECH,1
6.15,0,3,0,1,95,85,478,2,ECE,1
7.73,0,7,5,2,12,18,172,2,IT,1
8.62,2,3,5,3,3,68,258,2,ECE,1
9.81,0,6,3,3,5,4,332,6,IT,1
7.56,1,9,5,1,9,51,136,7,MECH,1
8.38,3,4,5,1,37,27,490,4,IT,1
7.44,4,6,7,1,11,97,446,8,IT,1
6.75,2,10,8,2,95,40,435,4,ECE,1
8.77,6,1,5,1,15,25,405,1,CSE,1
9.28,5,8,6,2,5,11,467,4,IT,1
9.53,3,4,0,0,38,21,50,1,CIVIL,1
9.57,6,5,0,1,6,58,100,1,ECE,1
8.39,2,10,8,1,76,1,151,2,IT,1
8.92,2,8,7,1,20,45,397,5,ECE,1
8.26,3,9,2,2,96,36,153,1,CSE,1
5.71,6,9,2,3,66,53,319,2,CIVIL,1
8.75,4,1,1,0,6,73,488,4,MECH,1
7.04,3,3,5,0,69,59,410,4,CIVIL,1
6.67,1,8,3,1,59,65,438,1,CIVIL,1
7.39,5,1,6,1,24,48,443,3,MECH,1
9.01,2,7,7,0,96,68,39,7,CIVIL,1
9.48,3,4,4,0,93,83,88,5,ECE,1
8.0,6,8,8,0,96,27,409,5,CSE,1
6.94,4,4,4,0,73,21,7,5,ECE,1
7.16,0,2,6,1,48,38,160,7,MECH,1
5.72,3,5,8,3,83,55,260,8,CIVIL,1
7.49,1,9,7,1,56,77,118,8,ECE,1
7.89,6,9,4,3,31,51,438,6,MECH,1
5.77,3,6,8,0,33,39,155,5,CIVIL,1
7.85,0,8,5,0,29,8,430,5,CIVIL,1
6.62,4,2,6,0,26,37,56,2,IT,1
7.91,2,6,8,2,45,50,74,2,IT,1
8.34,2,8,1,0,31,11,468,5,CSE,1
7.38,3,7,5,2,29,68,305,5,ECE,1
9.39,2,10,7,2,37,37,99,8,ECE,1
9.88,6,2,5,3,87,33,460,3,CSE,1
8.54,2,3,5,3,37,48,199,2,IT,1
9.01,0,0,6,2,85,67,449,1,IT,1
7.35,6,10,6,3,81,75,61,5,CSE,1
7.55,5,2,8,0,8,78,34,5,ECE,1
8.55,1,10,6,0,20,96,142,2,IT,1
9.26,0,6,6,1,24,26,496,6,CSE,1
8.94,5,8,0,3,59,77,402,2,MECH,1
5.56,1,4,8,2,72,80,84,8,IT,1
8.43,4,0,6,0,63,74,302,8,IT,1
8.74,1,6,1,2,55,50,148,6,CSE,1
9.78,6,6,5,2,41,11,384,3,IT,1
8.68,6,5,4,3,23,70,113,2,CSE,1
8.11,4,10,0,1,35,19,0,8,IT,1
7.55,2,8,1,0,86,82,387,6,ECE,1
5.57,1,0,1,0,19,80,472,5,CSE,1
6.75,5,6,3,3,40,37,103,3,ECE,1
9.01,6,2,8,3,29,51,59,3,IT,1
5.61,1,0,7,1,96,71,229,1,ECE,1
7.35,1,6,8,2,14,53,362,4,IT,1
6.12,2,7,1,3,55,26,378,3,ECE,1
9.77,5,2,2,1,98,37,286,4,ECE,1
8.31,0,10,1,3,5,0,206,6,IT,1
7.34,1,7,0,3,94,11,99,4,MECH,1
8.4,6,10,4,2,24,79,92,6,IT,1
5.73,4,10,6,3,4,87,181,2,IT,1
8.23,1,10,3,1,19,46,13,3,IT,1
8.64,2,7,3,0,18,22,10,2,CIVIL,1
9.04,0,5,3,2,80,99,470,1,MECH,1
6.17,0,8,6,2,93,81,60,1,MECH,1
5.9,4,5,2,1,71,63,114,6,CSE,1
6.24,0,0,2,0,61,53,294,6,ECE,1
6.28,4,6,6,1,31,64,112,8,ECE,1
9.93,1,3,8,1,4,92,213,2,CSE,1
7.09,1,4,0,3,50,70,238,3,ECE,1
5.8,3,2,3,2,57,73,328,8,CSE,1
7.16,0,5,7,1,7,96,49,6,IT,1
9.53,5,3,2,1,38,97,484,4,ECE,1
9.1,3,6,6,3,25,50,394,1,ECE,1
9.51,0,5,3,1,17,81,198,2,IT,1
8.34,4,9,2,1,95,92,396,1,CIVIL,1
8.63,6,5,4,2,28,64,322,3,ECE,1
8.24,6,2,3,1,13,19,142,1,ECE,1
7.47,5,1,5,3,58,0,18,7,ECE,1
6.02,3,5,8,2,47,6,342,4,ECE,1
6.25,2,5,1,0,73,40,203,1,CIVIL,1
8.72,1,7,8,2,21,33,315,4,ECE,1
9.1,0,10,7,2,39,13,358,2,IT,1
6.22,5,7,2,0,90,56,336,7,ECE,1
7.78,0,10,0,2,43,25,425,4,CIVIL,1
8.57,6,4,2,3,10,3,56,1,CIVIL,1
6.49,6,4,0,1,23,81,276,7,ECE,1
6.77,6,1,6,1,75,36,99,3,ECE,1
7.7,2,8,1,0,24,89,415,7,IT,1
9.09,3,7,2,0,37,82,335,6,IT,1
5.57,0,0,4,0,62,67,234,5,ECE,1
6.29,0,2,2,1,5,13,472,1,ECE,0
8.07,3,5,2,1,19,12,354,1,MECH,1
8.81,6,1,4,1,9,80,112,6,MECH,1
5.67,0,5,7,2,97,74,46,2,CIVIL,1
6.72,2,0,3,2,74,56,76,8,CSE,1
8.39,3,6,0,2,23,44,276,7,CIVIL,1
5.82,3,5,4,2,38,20,194,5,IT,1
7.73,3,4,1,3,10,45,44,7,CIVIL,1
6.04,6,5,0,2,81,56,45,3,CSE,1
7.31,4,9,7,3,19,42,260,5,MECH,1
5.95,0,10,4,2,22,33,459,7,CIVIL,1
9.91,6,0,7,3,73,7,22,3,CSE,1
7.73,6,1,3,2,97,83,225,5,MECH,1
8.47,6,3,4,3,46,100,368,1,CIVIL,1
8.39,4,7,5,1,5,12,243,5,MECH,1
6.76,3,1,3,0,46,58,388,2,ECE,1
5.87,2,0,6,2,8,16,35,8,MECH,1
6.97,6,4,4,1,74,9,211,2,CIVIL,1
6.86,4,2,1,0,5,48,323,1,CIVIL,1
9.71,1,7,7,3,19,57,378,8,ECE,1
9.65,1,2,4,0,39,42,77,2,ECE,1
8.85,1,5,0,2,12,8,145,3,CIVIL,1
8.26,4,6,1,0,27,86,132,3,IT,1
6.09,4,10,0,1,66,7,440,6,CSE,1
9.78,2,7,2,1,66,45,429,7,ECE,1
5.76,3,2,7,1,53,51,461,6,MECH,1
7.65,0,5,6,3,5,77,309,1,CSE,1
5.79,2,1,6,0,91,22,247,3,IT,1
7.51,1,4,7,3,60,98,282,7,ECE,1
9.65,5,9,4,1,56,40,176,2,ECE,1
6.45,5,3,1,1,94,82,451,8,ECE,1
8.39,5,7,2,3,77,44,487,3,CIVIL,1
6.97,2,4,3,2,2,52,34,4,CIVIL,1
7.87,1,4,1,0,64,18,407,7,CSE,0
8.47,5,4,8,3,69,95,413,4,ECE,1
9.21,5,9,7,2,100,48,12,1,ECE,1
6.38,3,1,6,1,76,1,100,1,MECH,1
7.28,6,3,6,0,38,26,12,6,CIVIL,1
6.15,6,2,1,2,2,88,304,8,CIVIL,1
7.07,6,9,2,1,63,1,249,4,CSE,1
9.92,3,2,3,1,75,27,31,1,ECE,1
7.37,6,7,1,0,11,64,209,2,CIVIL,1
9.28,4,8,0,3,44,0,499,3,MECH,1
6.75,5,9,4,0,54,89,101,4,ECE,1
7.98,6,6,6,0,15,92,430,1,CIVIL,1
8.71,5,9,4,0,86,13,165,1,CSE,1
8.97,6,0,6,1,51,89,66,2,MECH,1
8.64,5,6,2,3,90,78,220,7,IT,1
8.87,3,9,5,1,30,79,129,6,IT,1
7.1,4,10,7,0,37,70,109,8,ECE,1
7.87,0,7,3,2,81,97,256,7,CSE,1
8.88,5,6,8,3,5,55,468,6,CSE,1
8.02,5,8,1,3,34,74,185,8,CSE,1
8.24,2,10,5,1,77,27,177,5,IT,1
9.65,1,0,1,2,6,34,267,7,CSE,1
5.62,1,7,2,0,2,31,275,3,CSE,1
6.37,6,6,0,3,28,93,353,4,CSE,1
8.53,4,8,0,3,6,80,206,5,CIVIL,1
6.22,6,9,6,2,29,96,96,6,MECH,1
8.68,1,0,6,2,37,3,410,2,IT,1
8.09,3,2,7,1,2,41,389,3,CIVIL,1
9.92,3,0,1,2,69,86,365,4,MECH,1
7.15,4,6,5,3,45,0,402,5,MECH,1
8.73,6,9,6,0,88,9,416,2,MECH,1
9.87,0,8,7,2,20,90,277,1,IT,1
9.59,4,3,1,3,13,78,54,1,MECH,1
6.28,0,6,8,3,2,30,392,7,MECH,1
5.97,0,8,3,0,81,52,405,1,IT,1
8.06,1,4,4,1,9,50,201,7,CIVIL,1
5.91,0,7,4,1,11,83,383,6,IT,1
9.49,1,6,8,0,98,7,72,4,CIVIL,1
7.01,5,2,0,3,40,85,107,6,CIVIL,1
9.34,6,3,1,2,54,65,11,2,MECH,1
9.18,4,9,5,2,9,71,321,5,CSE,1
8.32,1,8,0,3,97,71,281,5,ECE,1
9.59,3,0,1,3,93,0,285,3,MECH,1
6.6,1,0,4,2,64,6,308,7,ECE,1
6.73,1,8,2,0,93,35,273,4,MECH,1
7.66,3,3,1,1,96,48,102,3,CSE,1
5.89,5,7,4,2,20,93,368,3,CIVIL,1
8.73,3,6,0,3,34,73,96,4,CSE,1
8.84,3,7,6,3,60,67,420,3,CIVIL,1
9.83,6,3,4,0,53,21,160,3,MECH,1
8.36,4,8,3,1,77,0,425,3,ECE,1
7.82,6,10,6,1,62,45,354,1,ECE,1
6.69,1,0,0,3,2,78,297,4,IT,1
8.31,3,8,0,1,30,94,77,5,ECE,1
6.95,2,1,4,1,5,47,95,3,CSE,1
8.74,2,2,6,3,23,8,385,5,IT,1
9.05,6,10,7,0,53,87,296,6,CSE,1
9.47,4,4,4,1,14,62,230,3,MECH,1
6.28,5,0,0,3,79,10,116,8,IT,1
9.35,1,9,3,2,65,66,341,4,ECE,1
6.13,3,5,8,1,18,88,453,2,CIVIL,1
8.75,4,7,1,0,82,9,34,2,MECH,1
5.85,5,5,1,3,64,68,17,7,CIVIL,1
9.13,1,2,5,2,88,21,37,4,CIVIL,1
6.23,6,7,3,1,16,22,253,3,IT,1
8.59,3,1,5,3,16,18,450,1,CIVIL,1
6.14,2,6,5,2,22,76,408,2,CSE,1
8.42,6,10,4,3,1,7,408,1,CSE,1
5.54,3,6,6,2,84,27,447,3,MECH,1
7.98,6,9,2,3,42,23,100,5,CIVIL,1
7.83,6,6,6,3,60,77,373,5,CSE,1
9.22,2,4,5,2,63,20,4,5,CIVIL,1
9.14,4,8,3,1,58,58,11,5,CSE,1
7.88,0,10,1,2,98,98,78,3,CSE,1
6.72,1,2,2,1,26,86,57,8,MECH,1
5.72,1,2,8,3,95,45,377,8,CSE,1
7.58,1,1,4,2,57,9,291,8,ECE,1
9.15,3,3,7,0,31,50,294,2,MECH,1
8.65,1,7,7,0,6,97,377,6,IT,1
8.77,4,4,1,3,11,74,144,2,CSE,1
9.07,5,7,7,2,10,97,471,6,ECE,1
8.69,6,10,7,1,20,80,478,6,IT,1
7.21,1,3,3,3,62,86,465,5,ECE,1
8.52,4,8,3,0,81,58,73,3,IT,1
9.22,1,1,4,0,84,2,452,2,MECH,1
8.77,1,3,3,2,80,32,368,1,ECE,1
7.45,2,1,7,1,49,27,261,3,MECH,1
6.08,2,9,8,0,36,9,121,3,CSE,1
7.79,6,1,2,0,44,71,98,5,MECH,1
9.88,0,7,4,0,57,94,16,6,MECH,1
8.65,3,10,0,1,15,26,325,4,MECH,1
9.49,2,5,0,0,59,21,49,5,ECE,1
7.21,4,10,1,3,1,17,444,1,MECH,1
9.2,5,6,6,1,69,39,472,6,CIVIL,1
9.31,5,1,2,0,10,53,498,4,MECH,1
5.95,2,0,6,3,51,23,403,1,MECH,1
7.69,3,4,8,0,15,77,484,7,CSE,1
6.42,4,9,2,0,44,86,445,6,IT,1
7.03,5,6,8,3,19,27,390,6,CSE,1
5.52,1,6,7,1,63,92,478,6,CSE,1
7.73,5,2,0,0,73,57,65,2,MECH,1
8.35,6,8,7,3,73,2,30,7,ECE,1
6.52,6,10,7,2,56,41,413,2,CSE,1
9.97,5,0,6,1,2,99,73,4,CIVIL,1
6.78,0,9,0,2,97,100,25,2,IT,1
7.27,6,6,8,3,37,81,486,2,MECH,1
8.02,3,6,8,2,64,83,119,6,MECH,1
9.23,2,4,6,3,7,85,184,7,IT,1
6.18,2,7,3,0,72,97,448,1,ECE,1
9.73,4,1,2,2,94,70,318,6,CSE,1
9.05,0,9,2,0,64,44,63,6,MECH,1
6.51,1,8,7,1,44,9,304,2,MECH,1
5.9,2,2,4,1,70,4,170,1,MECH,1
8.85,2,9,2,1,28,40,176,1,MECH,1
7.3,1,7,7,1,0,24,288,8,CSE,1
6.08,4,1,3,2,6,21,299,8,CIVIL,1
9.91,0,0,0,3,49,5,187,1,CIVIL,1
9.17,4,5,4,1,82,82,350,4,ECE,1
9.01,0,4,3,1,84,55,490,8,MECH,1
8.28,4,9,3,0,47,99,260,4,IT,1
5.85,1,3,6,1,64,89,337,5,IT,1
8.71,5,4,7,2,28,33,315,5,IT,1
8.15,5,2,3,1,63,45,166,1,IT,1
6.67,3,9,4,1,60,33,491,4,MECH,1
7.47,5,1,3,2,85,25,250,3,CIVIL,0
9.61,4,2,0,1,54,26,102,5,ECE,1
6.02,3,4,1,1,19,45,403,8,MECH,1
7.6,1,4,7,3,81,37,265,3,CSE,1
8.47,0,6,3,1,25,3,123,6,ECE,1
5.8,6,8,0,0,3,76,308,2,MECH,1
8.89,5,1,5,2,79,25,421,6,IT,1
8.67,0,3,0,0,41,82,101,2,ECE,1
5.77,0,5,8,3,39,7,394,2,MECH,1
8.84,6,1,0,1,69,62,159,1,MECH,1
5.56,6,3,4,3,41,76,245,8,ECE,1
6.24,0,2,0,3,16,15,413,4,ECE,1
9.11,5,6,6,3,43,76,419,8,MECH,1
8.63,4,6,2,3,6,52,123,6,CIVIL,1
9.62,3,6,0,3,73,65,238,1,MECH,1
7.01,5,7,4,2,36,42,274,6,IT,1
8.76,4,1,1,2,55,73,368,2,CIVIL,1
7.31,0,2,4,0,36,2,498,3,MECH,1
9.16,5,3,6,0,60,63,23,8,IT,1
6.26,5,6,5,2,32,98,300,8,IT,1
9.15,5,3,3,2,23,33,20,8,IT,1
8.94,6,8,6,0,34,34,103,4,CSE,1
7.1,4,7,6,3,92,2,212,8,MECH,1
5.9,5,9,0,2,30,59,148,6,CSE,1
9.94,0,7,2,0,20,2,253,4,MECH,1
6.17,3,1,5,1,93,39,17,1,IT,1
6.11,3,0,2,2,95,88,252,4,CIVIL,1
6.03,0,0,8,1,34,68,333,2,CIVIL,1
6.02,2,7,0,2,42,84,370,2,IT,1
7.85,5,8,0,1,79,3,76,3,CSE,1
7.07,6,3,7,1,9,25,417,1,IT,1
5.62,0,2,1,1,55,11,475,6,IT,1
8.07,4,2,5,2,33,59,52,5,ECE,1
8.02,5,3,7,3,89,79,300,4,CIVIL,1
9.53,2,2,2,0,100,68,400,6,ECE,1
8.54,0,4,0,1,23,90,115,5,CSE,1
8.56,1,10,7,2,1,73,143,7,CSE,1
8.15,5,6,0,2,65,65,224,7,CIVIL,1
9.24,5,9,1,2,31,11,168,2,CSE,1
7.97,1,8,4,3,80,4,22,4,CSE,1
8.6,5,2,3,2,75,29,5,6,CIVIL,1
9.91,5,3,3,1,100,31,166,6,ECE,1
9.5,5,4,5,2,71,22,400,6,MECH,1
7.11,1,1,7,0,81,97,33,7,IT,1
9.4,4,7,2,3,61,9,331,5,MECH,1
8.1,5,5,5,0,11,37,133,7,MECH,1
8.79,6,5,1,1,23,30,54,3,ECE,1
8.87,0,7,2,1,22,55,11,3,MECH,1
6.28,5,6,7,1,16,11,9,4,ECE,1
8.17,0,7,8,2,82,51,487,8,MECH,0
5.89,2,6,1,2,55,14,23,1,MECH,1
5.6,6,3,8,2,43,52,247,7,CSE,1
8.03,0,7,7,1,67,49,365,5,IT,1
7.48,5,4,6,0,57,68,355,6,MECH,1
9.4,3,6,0,2,99,27,258,3,CSE,1
6.59,6,3,7,0,56,95,176,3,MECH,1
5.9,0,8,6,3,85,51,35,8,IT,1
9.61,5,6,1,0,41,41,319,3,CIVIL,1
6.73,5,8,6,3,46,10,294,2,CSE,1
9.19,4,9,4,1,25,27,439,4,MECH,1
7.34,1,10,8,2,51,58,159,4,MECH,1
5.53,0,2,3,1,55,35,344,5,MECH,1
7.75,5,6,2,2,92,76,183,2,MECH,1
6.66,0,3,5,0,54,45,11,3,ECE,1
8.32,3,9,0,0,26,24,191,1,ECE,1
7.98,3,1,3,0,65,96,109,4,MECH,1
6.42,0,4,5,1,0,78,275,3,CIVIL,1
8.33,6,10,8,3,20,66,377,1,MECH,1
9.2,4,2,7,2,23,43,142,8,CIVIL,1
8.98,2,0,7,1,71,1,221,8,CIVIL,1
7.63,1,5,4,0,61,11,110,8,MECH,1
6.53,1,7,8,3,39,73,61,6,MECH,1
9.07,6,0,4,1,70,95,303,8,MECH,1
7.63,3,1,1,0,33,59,195,4,ECE,1
8.92,2,6,3,1,56,66,380,2,ECE,1
9.39,0,9,5,3,89,99,264,4,CSE,1
8.49,1,4,1,1,11,69,9,5,ECE,1
5.85,2,2,4,1,51,29,374,4,CSE,1
8.34,2,1,1,0,70,75,315,5,CSE,0
7.61,1,5,0,0,38,31,48,8,IT,1
6.63,1,10,6,0,28,64,472,6,ECE,1
5.62,6,6,3,1,39,29,328,1,CSE,1
9.52,0,9,7,0,53,32,74,1,CIVIL,1
7.67,4,5,3,2,7,49,98,6,MECH,1
8.27,5,3,8,3,42,7,147,1,CIVIL,1
5.92,6,2,5,0,66,89,373,4,IT,1
7.59,0,4,6,3,6,90,317,3,CIVIL,1
7.68,6,8,6,0,55,21,14,2,MECH,1
7.6,5,7,4,3,96,80,460,2,CSE,1
7.72,5,1,8,2,28,90,214,8,IT,1
8.96,6,8,4,2,95,89,268,7,MECH,1
7.94,3,4,7,2,44,48,172,3,MECH,1
8.68,0,1,3,2,94,85,112,4,MECH,1
8.08,2,9,0,2,36,80,208,6,MECH,1
7.0,5,8,3,2,8,30,375,6,ECE,1
5.53,0,2,0,2,0,41,330,2,CSE,1
9.46,5,2,4,1,27,15,276,4,ECE,1
8.56,6,7,7,0,36,24,58,8,CIVIL,1
5.99,4,2,4,2,75,54,464,8,IT,0
8.09,5,3,7,3,74,3,342,3,IT,1
5.91,0,6,5,0,64,23,234,2,CSE,1
8.65,0,5,4,1,83,93,233,3,MECH,1
7.12,0,8,2,1,19,50,446,6,IT,1
7.46,3,0,0,1,27,68,21,2,CSE,1
9.68,5,2,6,3,20,51,12,7,CIVIL,1
7.06,5,0,6,0,51,85,101,5,CSE,1
8.14,2,7,2,2,2,93,417,3,CIVIL,1
9.77,5,0,4,2,77,57,421,7,ECE,1
7.95,3,4,8,1,66,29,464,1,ECE,1
7.98,1,1,2,2,43,20,105,3,MECH,1
9.46,5,1,4,1,56,35,467,3,CSE,1
8.55,2,4,6,2,16,25,153,4,IT,1
9.44,1,2,1,0,10,55,230,5,CSE,1
9.1,6,8,2,0,60,12,93,4,ECE,1
8.32,4,7,1,3,26,39,8,5,MECH,1
9.94,6,9,0,1,1,0,193,2,CIVIL,1
6.92,2,3,1,3,97,10,26,1,CSE,1
9.52,2,2,4,0,61,30,69,3,CIVIL,1
9.49,2,6,0,1,65,27,353,3,ECE,1
5.92,0,8,7,0,84,21,205,6,CSE,1
6.0,5,9,6,3,76,80,138,6,ECE,1
8.73,1,2,2,3,33,1,101,6,IT,0
7.23,0,5,7,1,37,34,43,7,MECH,1
8.06,5,8,6,0,4,13,450,6,MECH,1
6.57,5,9,5,3,77,14,61,7,MECH,1
6.89,6,5,4,0,26,9,268,2,CIVIL,1
8.79,4,3,8,0,90,35,277,8,ECE,1
9.84,6,9,1,3,20,24,456,2,CIVIL,1
7.17,0,9,7,1,60,12,273,5,MECH,1
6.87,5,9,3,0,58,44,143,4,ECE,1
6.12,4,5,8,3,23,95,106,3,CSE,1
6.54,6,2,6,2,0,76,390,6,CIVIL,1
6.43,2,4,1,0,22,66,66,4,CSE,1
6.7,6,6,8,2,26,0,159,2,CIVIL,1
7.33,4,7,4,0,27,80,245,2,IT,1
8.24,4,2,4,3,58,11,21,1,IT,1
7.3,6,8,6,0,70,24,414,3,CIVIL,1
6.91,2,9,8,0,31,94,460,6,CIVIL,1
6.69,5,3,5,2,67,51,300,1,IT,1
6.09,5,4,4,2,49,94,206,5,IT,1
9.74,2,7,7,1,83,61,350,7,CSE,1
7.47,3,9,0,0,37,53,20,7,MECH,1
9.54,3,1,7,1,55,87,256,8,MECH,1
9.17,3,7,5,3,7,85,321,8,CIVIL,1
9.74,0,10,0,3,88,80,135,6,ECE,1
6.45,2,8,4,2,22,47,353,2,CSE,1
9.2,4,4,3,1,54,28,233,1,ECE,1
6.65,0,5,4,0,42,20,306,3,MECH,1
8.29,4,10,0,1,79,24,55,4,CIVIL,1
7.19,1,0,6,1,22,29,81,4,ECE,1
6.54,5,6,1,3,78,99,464,7,ECE,1
8.89,6,0,7,1,69,36,345,6,ECE,1
9.91,6,0,3,2,74,94,320,1,CSE,1
9.9,2,2,2,3,55,29,68,5,IT,1
6.78,4,4,0,3,19,16,480,2,ECE,1
7.24,6,10,4,0,68,3,259,3,CSE,1
7.52,1,10,0,3,94,16,100,3,MECH,1
6.37,3,4,2,0,62,17,360,8,IT,1
7.67,1,10,4,1,3,20,466,7,CIVIL,1
7.5,1,4,2,2,93,71,352,5,CIVIL,1
6.31,6,9,4,1,66,16,125,7,CIVIL,1
9.24,6,6,5,1,23,45,137,2,ECE,1
6.8,2,1,3,1,49,43,332,7,IT,1
7.46,1,3,0,2,58,32,484,8,IT,1
7.56,6,10,6,3,9,59,157,6,CIVIL,1
8.44,5,0,2,0,56,59,76,4,CIVIL,1
9.91,4,10,3,1,47,50,480,7,CIVIL,1
7.24,3,7,6,2,77,12,385,2,IT,1
6.47,5,1,6,2,65,42,392,6,CIVIL,1
5.58,0,0,4,1,93,29,312,6,MECH,1
5.78,4,9,3,2,77,37,319,8,CSE,1
8.95,3,4,7,2,11,51,320,4,IT,1
6.51,0,5,4,2,61,95,71,8,IT,1
6.01,5,4,8,0,82,72,456,4,CIVIL,1
5.71,4,1,4,3,55,91,299,7,CIVIL,1
6.63,4,0,2,0,18,86,131,8,IT,1
9.08,2,10,5,1,44,81,445,3,CSE,1
7.75,4,7,6,0,20,12,436,5,ECE,1
5.67,4,2,1,2,0,19,287,2,CIVIL,1
9.36,2,5,3,3,86,69,184,4,ECE,1
6.88,0,6,5,2,99,72,187,5,CSE,1
5.52,4,2,3,2,85,81,89,8,CIVIL,1
9.51,1,2,0,3,86,84,178,8,ECE,1
7.89,5,3,4,3,36,99,178,2,CIVIL,1
6.93,0,0,4,0,51,13,491,6,CSE,1
6.58,1,1,7,0,35,53,391,1,IT,1
6.56,1,8,1,3,97,10,189,4,CIVIL,1
7.83,6,8,6,1,40,18,152,2,IT,1
8.47,3,1,1,1,25,45,368,7,CIVIL,1
7.96,2,7,8,0,31,61,270,1,CSE,1
8.05,2,7,5,1,63,1,462,4,MECH,0
7.82,0,5,2,0,23,65,182,5,MECH,1
6.47,4,2,3,1,10,17,440,4,MECH,1
7.17,3,4,1,1,29,48,451,6,CIVIL,1
7.68,1,1,5,3,100,19,347,7,CSE,1
5.79,2,0,2,3,67,76,76,4,CIVIL,1
6.09,0,0,6,3,51,93,49,5,IT,1
8.61,3,8,5,1,89,70,388,3,IT,1
7.62,3,6,3,3,91,19,369,1,IT,1
6.57,6,0,8,2,43,42,187,8,MECH,1
7.59,1,1,4,3,71,12,206,4,CIVIL,1
8.63,4,1,3,0,9,72,104,6,IT,1
9.83,0,4,0,3,25,95,113,2,CIVIL,1
7.78,0,4,5,0,95,58,268,3,IT,1
5.55,4,4,3,3,14,83,363,7,CSE,1
5.6,1,4,1,0,91,64,417,2,CIVIL,1
8.41,4,6,4,2,96,98,83,7,ECE,1
7.71,0,5,0,0,34,66,359,7,CIVIL,1
6.82,0,3,2,0,64,17,63,6,CSE,0
8.2,3,6,8,3,41,31,62,3,CIVIL,1
9.53,5,7,0,0,8,71,124,3,CIVIL,1
5.64,4,7,4,3,97,97,427,1,MECH,1
6.14,4,2,6,0,54,95,246,6,CIVIL,1
7.83,6,4,0,0,55,63,181,4,MECH,1
9.35,6,3,8,0,58,37,77,5,CSE,1
9.28,6,9,1,2,41,28,78,3,MECH,1
7.69,6,0,0,1,62,87,286,8,MECH,1
9.79,0,9,8,2,47,71,389,8,CSE,1
6.86,1,5,4,0,63,95,445,8,MECH,1
9.95,1,0,7,2,15,94,346,2,IT,1
9.1,6,5,7,2,17,61,430,6,IT,1
5.52,1,7,1,1,37,39,447,5,MECH,1
5.91,4,3,4,2,85,76,462,1,MECH,1
9.83,5,5,6,2,98,98,324,3,MECH,1
8.37,1,7,7,1,39,37,177,3,IT,1
9.72,0,8,8,1,41,89,464,7,CIVIL,1
5.77,5,2,3,3,76,54,292,4,ECE,1
5.89,4,1,3,3,92,73,63,8,IT,1
6.81,0,7,2,0,9,85,289,4,IT,1
5.89,0,7,3,3,47,46,461,6,CSE,1
6.24,3,5,5,2,76,89,298,6,ECE,1
6.72,2,10,4,2,22,61,234,4,CIVIL,1
7.4,4,7,2,2,33,41,471,5,CIVIL,1
6.75,0,5,5,2,38,10,77,4,IT,1
7.24,5,0,6,3,32,26,142,5,IT,1
8.21,2,6,3,1,70,59,403,2,MECH,1
7.74,2,3,5,0,45,92,394,4,MECH,1
8.96,4,7,1,2,86,42,8,4,MECH,1
8.37,1,8,4,3,11,98,88,5,CIVIL,1
9.08,4,4,8,2,9,45,283,2,CIVIL,1
9.23,5,7,0,2,28,20,428,5,MECH,0
9.38,2,1,5,1,49,52,176,7,IT,1
9.83,2,3,4,3,75,43,235,8,IT,1
8.04,3,3,4,1,49,41,422,2,MECH,1
6.2,4,0,6,2,30,94,9,1,CIVIL,1
6.63,2,1,7,1,13,37,444,3,CIVIL,1
8.9,1,6,8,1,57,77,252,7,CIVIL,1
5.83,1,5,8,3,89,52,69,1,CSE,1
5.57,1,3,8,3,69,99,103,3,CIVIL,1
6.36,1,8,5,1,81,1,292,4,CIVIL,1
6.08,0,7,0,0,31,4,384,3,IT,1
6.83,0,6,4,3,87,43,256,3,ECE,1
7.09,6,7,7,1,29,22,381,4,CSE,1
9.51,6,10,3,2,50,88,29,8,MECH,1
9.98,3,10,2,3,35,1,367,1,ECE,1
8.8,4,9,6,3,87,13,123,5,MECH,1
7.14,2,2,8,0,22,23,134,4,CIVIL,1
5.99,5,2,7,3,18,7,306,6,IT,1
8.6,6,3,3,3,51,72,442,5,CSE,1
8.28,4,7,3,2,99,49,71,8,CIVIL,1
8.02,0,4,5,3,77,11,333,6,CSE,1
5.77,2,1,4,2,38,87,96,2,ECE,1
5.67,5,1,5,3,64,18,250,3,CIVIL,1
8.01,0,1,5,0,67,72,314,5,CIVIL,1
5.5,0,8,7,1,77,99,310,3,CSE,1
9.67,3,3,2,2,21,91,274,2,IT,1
9.43,1,1,6,1,20,68,356,7,ECE,1
7.02,2,8,7,1,97,37,163,1,IT,1
5.64,1,6,8,3,85,2,402,3,ECE,1
6.75,6,9,0,2,62,92,418,1,IT,1
9.33,6,10,4,1,63,98,234,6,CIVIL,1
6.34,1,7,5,3,77,13,377,5,IT,1
5.96,5,10,0,3,60,21,20,8,ECE,1
9.14,4,1,3,1,65,39,237,7,IT,1
9.2,1,1,4,3,40,56,473,4,CSE,1
8.1,6,10,0,2,56,61,65,3,ECE,1
9.15,5,6,1,2,14,50,412,6,CIVIL,1
7.71,3,1,2,1,72,78,140,4,MECH,1
6.04,6,9,5,2,33,31,285,3,MECH,1
7.55,3,10,8,3,58,78,395,6,IT,1
8.74,2,9,0,1,87,9,255,6,IT,1
5.59,0,4,3,3,9,36,337,8,CSE,1
8.73,4,3,1,0,14,98,339,3,CSE,1
9.73,1,9,7,0,29,64,285,5,MECH,1
5.73,4,7,4,3,15,95,347,5,IT,1
7.12,2,4,4,3,98,43,123,3,ECE,1
8.46,6,2,8,3,8,70,273,2,IT,0
7.24,3,8,2,0,86,73,190,7,ECE,1
9.4,5,7,3,2,14,56,243,4,CIVIL,1
7.55,6,10,8,2,69,84,23,8,CSE,1
8.18,1,6,2,1,3,94,7,1,MECH,1
8.75,5,1,3,3,10,3,254,4,CSE,1
6.7,6,9,8,1,43,7,349,7,MECH,1
5.71,5,1,8,2,76,29,466,3,CIVIL,1
9.73,1,5,6,1,7,33,179,7,CSE,1
8.61,3,7,5,1,38,24,262,5,ECE,1
9.67,5,10,1,0,65,40,130,5,ECE,1
7.67,4,8,4,3,91,16,116,4,MECH,1
6.06,6,5,5,0,37,63,375,6,CSE,1
8.27,0,1,0,3,17,6,95,4,ECE,0
9.01,1,3,0,1,8,27,419,4,IT,1
8.24,0,1,3,0,0,16,391,8,CIVIL,1
9.84,1,2,6,2,39,95,96,2,MECH,1
9.44,6,3,5,0,42,99,244,2,ECE,1
9.16,6,0,7,0,28,38,52,7,CSE,1
7.86,5,8,3,1,18,19,444,1,CIVIL,1
9.41,6,1,7,3,24,61,28,8,CIVIL,1
9.69,6,4,3,1,55,88,440,5,ECE,1
6.0,0,1,5,3,64,79,331,4,ECE,1
8.25,1,4,8,0,87,75,149,5,CIVIL,1
5.9,0,4,6,1,47,31,89,5,IT,1
6.27,0,3,0,3,56,53,315,2,CIVIL,1
5.63,1,4,0,0,61,17,45,5,IT,1
6.34,5,10,7,1,10,24,428,7,CIVIL,1
8.41,5,7,1,2,79,70,440,1,ECE,1
6.09,0,5,4,1,19,42,385,1,CIVIL,1
6.57,3,7,5,3,81,90,326,8,CSE,1
6.78,1,0,7,1,19,99,278,5,CIVIL,1
7.58,4,0,2,2,39,38,268,5,ECE,1
5.7,0,9,8,3,49,4,89,7,CIVIL,1
5.89,1,6,3,3,9,2,493,5,CSE,1
7.32,4,3,8,2,69,5,315,1,CSE,1
6.06,2,10,6,3,90,42,200,8,MECH,1
7.99,5,3,2,1,79,100,177,2,CSE,1
6.8,5,10,6,2,18,80,254,4,CSE,1
7.52,2,4,3,2,7,84,319,7,CSE,1
6.61,2,10,2,1,58,88,326,6,CSE,1
8.32,5,3,5,1,98,23,458,8,CSE,1
7.32,5,7,1,1,3,22,452,2,ECE,1
6.94,1,4,4,3,63,72,20,5,CSE,1
7.33,5,5,6,1,63,82,242,4,MECH,1
8.23,0,2,0,2,86,30,347,8,CSE,1
7.98,0,8,7,0,33,81,144,4,CSE,1
5.86,6,10,4,0,73,54,491,8,ECE,1
7.64,1,9,3,0,85,15,435,2,CIVIL,1
6.2,3,5,0,2,86,54,229,3,MECH,1
6.44,1,8,7,2,81,0,437,3,IT,1
7.55,1,1,8,2,0,31,293,8,MECH,1
7.02,2,1,5,2,1,54,242,8,CSE,1
8.04,3,0,7,1,12,80,461,8,MECH,1
6.94,3,6,4,2,62,39,36,8,ECE,1
9.73,4,8,6,1,24,85,321,1,CIVIL,1
7.88,2,7,1,3,76,43,24,2,MECH,1
9.65,5,5,5,1,80,64,63,6,CSE,1
8.31,4,3,8,1,72,62,235,5,CSE,1
6.77,2,1,2,1,8,21,6,1,CSE,0
5.69,6,9,0,1,85,78,357,7,IT,1
5.57,0,2,1,0,74,43,125,2,CIVIL,1
5.62,3,6,3,1,4,24,418,6,IT,1
9.5,6,4,2,2,21,59,426,4,MECH,1
5.56,0,6,1,0,58,13,109,7,CIVIL,1
7.99,6,0,6,0,94,75,167,8,ECE,1
8.14,3,8,4,0,69,47,340,3,IT,1
7.02,3,6,1,2,28,88,406,3,CSE,1
6.28,4,5,3,2,9,48,398,1,CIVIL,1
5.9,6,4,5,2,35,61,157,4,IT,1
6.3,4,9,8,3,40,12,38,2,CSE,1
8.99,4,6,4,3,48,96,269,8,CIVIL,1
7.92,5,7,7,3,15,58,88,3,CIVIL,1
9.74,4,0,4,1,70,12,344,1,MECH,1
9.97,4,5,8,0,42,16,74,6,CSE,1
8.54,2,0,8,3,54,54,131,2,CIVIL,1
7.16,6,0,2,1,19,20,366,8,ECE,1
8.29,1,7,1,1,83,77,369,7,CIVIL,1
6.79,3,2,7,0,60,54,96,2,CIVIL,1
6.97,0,0,6,3,26,42,259,1,IT,1
8.95,0,9,7,1,23,76,204,5,MECH,1
9.7,3,5,5,1,22,57,372,8,CIVIL,1
6.49,3,4,1,2,47,80,266,1,CIVIL,1
6.86,5,2,8,0,17,63,396,1,CSE,1
6.87,5,8,4,2,41,62,439,2,CIVIL,1
7.4,4,6,3,3,5,71,11,7,CSE,1
9.85,0,10,7,3,28,61,433,4,CIVIL,1
8.68,0,6,4,0,6,66,184,1,IT,1
7.63,1,1,4,3,56,4,339,4,IT,0
8.06,2,3,2,2,51,2,269,6,MECH,1
6.51,0,1,2,1,14,39,193,7,MECH,0
7.34,6,3,3,0,18,56,105,5,ECE,1
9.3,1,3,3,2,73,41,170,8,CSE,1
9.36,2,7,6,0,46,11,288,2,CSE,1
9.28,1,8,8,2,98,65,403,3,IT,1
8.91,5,3,8,1,27,23,285,8,CSE,1
6.87,5,9,6,1,31,12,270,8,CSE,1
6.28,0,4,6,0,40,66,371,6,ECE,1
5.7,4,8,2,2,23,65,265,3,MECH,1
6.66,6,3,5,0,94,14,444,5,IT,1
6.35,2,10,0,1,81,6,119,3,ECE,1
5.71,0,3,0,3,64,74,138,6,CSE,1
8.71,6,10,8,3,71,15,228,3,CIVIL,1
9.16,3,1,4,2,14,62,76,2,MECH,1
8.84,5,3,0,0,33,71,286,7,ECE,1
8.27,4,3,1,3,78,42,96,3,CSE,1
8.11,4,8,4,3,86,66,309,7,ECE,1
6.04,5,6,2,0,86,28,305,7,MECH,1
8.97,4,9,4,1,88,93,359,6,CIVIL,1
7.84,0,2,7,0,10,61,235,6,CSE,1
8.62,5,0,8,1,66,3,214,6,CIVIL,1
6.41,2,4,4,0,58,91,277,3,CSE,1
8.33,1,7,6,2,44,100,452,3,MECH,1
7.22,5,3,5,1,66,21,401,6,ECE,1
7.83,4,7,6,1,83,26,480,1,MECH,1
8.46,0,9,5,1,90,61,493,8,MECH,1
9.29,3,5,8,2,36,83,307,5,IT,1
8.34,5,5,7,0,20,69,93,3,CIVIL,1
9.98,6,10,1,2,58,30,341,3,IT,1
8.96,4,9,6,1,26,35,156,4,CSE,1
7.5,5,8,2,2,77,38,422,7,IT,1
9.53,1,8,7,3,16,82,396,3,MECH,1
9.17,2,10,2,1,62,46,107,6,CSE,1
9.25,4,7,5,1,100,82,394,5,CIVIL,1
6.11,4,9,7,2,58,25,329,6,CIVIL,1
5.86,3,3,7,0,21,61,420,3,CSE,1
8.32,4,4,3,2,92,82,416,1,CSE,1
7.35,2,9,8,2,0,42,374,4,ECE,1
7.88,2,0,4,3,3,69,177,4,ECE,1
9.3,4,0,1,2,87,39,244,2,IT,1
6.71,1,2,4,2,20,91,320,1,IT,1
9.22,0,1,3,3,52,79,16,8,ECE,1
8.69,4,1,6,2,62,67,439,4,MECH,1
6.16,6,4,0,2,36,39,380,7,MECH,1
6.23,2,6,7,2,14,98,500,3,MECH,1
6.98,1,10,2,3,7,10,423,1,CSE,1
7.99,1,3,1,2,6,93,156,4,ECE,1
9.31,5,5,2,2,79,35,423,6,CIVIL,1
8.38,6,5,5,3,4,40,268,1,IT,1
8.92,0,10,6,2,44,75,366,4,CIVIL,1
8.01,4,1,4,2,47,5,184,2,CIVIL,1
8.89,3,9,7,3,80,67,68,4,IT,1
8.85,5,1,2,1,44,56,365,1,MECH,1
9.14,4,2,0,1,52,3,220,4,MECH,1
7.25,5,0,4,3,56,98,241,3,ECE,1
9.03,1,7,8,2,67,41,384,3,MECH,1
9.32,1,1,2,1,69,15,47,4,CSE,1
7.98,5,0,0,3,94,26,406,6,MECH,1
8.7,3,8,2,1,14,12,308,8,ECE,1
9.16,2,3,5,1,96,12,269,4,ECE,1
8.03,0,4,2,2,46,53,24,8,IT,1
7.95,3,8,7,3,68,56,120,8,CSE,1
7.91,1,3,1,3,55,50,32,4,CSE,1
5.82,4,7,7,2,19,89,33,2,IT,1
8.45,5,4,7,2,85,30,353,3,CSE,1
6.92,3,9,4,1,96,77,424,2,MECH,1
7.77,5,10,5,0,67,26,388,5,IT,1
9.31,3,9,2,2,45,7,425,6,CSE,1
7.56,3,5,5,2,96,22,481,4,MECH,1
6.97,0,0,6,3,87,9,190,6,ECE,1
5.67,6,6,4,1,85,94,84,1,CSE,1
7.81,0,2,7,0,60,86,153,6,CSE,1
8.43,2,9,7,2,17,81,213,6,CSE,1
8.73,5,9,0,2,61,4,60,7,MECH,1
5.56,5,5,2,3,90,98,448,4,ECE,1
5.8,4,4,2,3,12,77,46,1,MECH,1
6.51,6,6,8,0,84,53,75,3,CIVIL,1
7.61,1,8,6,2,5,20,350,5,MECH,1
7.49,1,4,7,0,47,48,112,5,ECE,1
5.82,6,2,8,1,50,97,162,2,MECH,1
7.62,5,10,4,1,14,25,162,8,CSE,1
5.91,4,4,7,2,35,76,255,5,CSE,1
6.0,0,6,7,2,39,45,101,7,MECH,1
7.11,0,3,5,0,74,91,116,5,IT,1
5.71,0,3,1,3,48,95,219,7,ECE,1
5.82,6,2,3,1,13,9,3,3,MECH,1
6.31,3,9,1,3,53,13,420,7,ECE,1
8.87,5,2,5,2,96,45,124,7,ECE,1
9.03,6,2,2,1,92,19,334,3,CIVIL,1
5.69,1,0,1,2,73,81,153,1,MECH,1
7.37,2,10,7,1,82,4,135,7,IT,1
6.06,1,8,8,1,88,45,427,4,MECH,1
5.62,6,2,7,2,42,16,348,1,MECH,1
6.04,5,10,5,1,75,100,49,6,ECE,1
9.38,6,0,1,2,40,79,174,6,IT,1
7.7,6,8,2,2,93,100,5,5,CSE,1
6.16,6,1,1,1,56,31,285,1,IT,1
7.16,3,3,8,2,8,16,155,3,CSE,1
8.15,0,3,2,2,31,27,320,7,MECH,1
7.05,4,8,1,1,67,78,42,1,ECE,1
5.91,3,1,1,3,39,95,358,8,MECH,1
7.95,1,6,3,3,77,31,319,8,CIVIL,1
9.72,5,8,2,2,56,90,451,6,IT,1
9.86,1,0,2,2,8,40,326,5,ECE,1
6.51,4,0,6,0,78,100,108,6,MECH,1
6.22,1,6,0,0,47,39,465,8,ECE,1
7.23,2,0,3,2,84,93,307,8,ECE,1
7.18,2,1,5,1,64,2,403,6,CSE,1
6.66,5,4,3,1,75,22,246,1,MECH,1
9.75,0,8,7,0,56,53,386,6,CSE,1
7.99,1,7,6,2,18,22,390,3,MECH,1
7.69,3,4,2,3,42,81,244,8,MECH,1
9.58,5,6,2,3,98,74,385,8,CIVIL,1
7.09,6,6,6,2,10,17,304,1,IT,1
7.22,2,6,1,0,85,39,391,1,MECH,1
5.89,6,10,3,0,59,56,82,2,CIVIL,1
7.75,1,10,4,1,18,67,417,4,ECE,1
9.52,5,5,3,1,76,84,57,2,CIVIL,1
7.16,0,9,5,3,43,93,247,5,CIVIL,1
8.58,4,6,3,2,0,14,111,3,CIVIL,1
10.0,0,2,0,0,79,44,151,1,IT,1
7.57,0,1,8,1,42,60,154,8,CIVIL,1
8.37,2,2,8,1,72,13,338,2,CSE,1
6.77,3,1,7,0,21,32,443,1,MECH,1
6.99,0,10,5,3,86,74,305,1,CIVIL,1
6.76,2,0,8,1,28,42,449,1,IT,1
8.77,1,9,3,2,94,28,83,2,CSE,1
6.96,6,8,0,1,92,60,100,7,CIVIL,1
6.94,4,1,5,2,73,68,133,7,ECE,1
6.13,1,2,6,0,56,19,228,4,CSE,1
7.26,3,9,3,0,63,6,463,5,MECH,1
6.42,4,5,2,0,94,83,56,6,CIVIL,1
5.85,5,9,1,0,84,60,1,7,CSE,1
6.35,5,4,4,1,37,38,466,4,CSE,1
6.64,6,0,5,3,11,30,261,6,IT,1
8.2,4,0,6,3,95,26,285,3,MECH,1
6.94,1,7,1,1,57,98,499,5,ECE,1
7.47,1,4,0,2,30,100,13,5,ECE,1
6.05,4,1,2,1,90,48,120,7,IT,1
6.1,0,4,7,2,51,70,462,7,MECH,1
8.29,2,5,7,3,84,19,364,5,IT,1
8.65,4,10,6,2,12,58,11,6,ECE,1
8.63,3,10,8,0,44,18,355,6,CIVIL,1
6.76,5,9,6,3,42,62,480,3,CIVIL,1
6.69,0,2,8,2,70,17,87,4,IT,1
8.07,5,9,2,1,64,20,44,2,CIVIL,1
7.64,3,1,3,1,92,10,418,3,ECE,1
8.24,2,6,8,2,90,11,275,2,CIVIL,1
9.58,2,0,2,0,91,71,175,1,CIVIL,1
6.58,0,8,2,3,34,21,207,1,ECE,1
6.39,4,10,4,0,88,46,25,1,CIVIL,1
8.77,6,7,4,2,82,51,151,1,MECH,1
8.09,1,9,7,2,3,84,246,6,CIVIL,1
6.31,4,8,3,3,76,42,273,8,CSE,1
8.15,0,5,3,2,40,93,233,5,ECE,1
7.12,3,9,2,3,38,60,57,6,MECH,1
6.94,0,10,4,3,100,48,181,4,MECH,1
7.26,1,10,1,0,85,84,233,1,CSE,1
7.39,5,2,6,2,10,64,447,3,IT,1
8.71,2,9,5,2,32,65,385,8,ECE,1
8.15,3,2,5,1,72,22,194,3,IT,1
8.33,2,7,2,0,76,20,471,8,IT,1
8.58,3,4,5,0,7,50,186,7,CIVIL,1
9.15,0,0,7,2,24,47,449,6,CIVIL,1
8.36,0,4,4,0,97,5,289,3,IT,1
9.72,0,3,2,3,29,98,418,2,IT,1
8.29,4,5,0,2,87,21,166,6,MECH,1
8.48,1,0,2,1,37,81,340,5,CIVIL,1
7.93,1,5,2,2,4,45,336,6,MECH,1
8.45,2,7,4,1,3,77,158,1,ECE,1
6.79,1,2,7,2,92,91,318,4,ECE,1
8.07,2,2,6,2,87,97,409,3,CSE,1
8.45,1,3,8,1,21,17,415,3,CSE,1
8.96,2,8,4,2,74,11,473,4,CIVIL,1
8.87,0,5,5,2,11,65,421,6,CSE,1
5.61,2,8,4,3,20,56,348,6,ECE,1
5.58,4,9,3,1,15,28,393,7,MECH,1
5.55,3,7,0,0,29,61,189,5,IT,1
8.04,2,6,1,0,90,78,429,4,MECH,1
6.77,4,10,3,1,85,32,278,8,IT,1
7.62,2,8,4,3,99,86,100,5,IT,1
9.62,6,4,3,0,70,80,86,3,CSE,1
5.55,5,4,3,3,80,89,93,6,IT,1
8.99,0,6,1,1,80,34,207,8,CIVIL,1
5.91,6,0,6,0,75,69,419,1,CIVIL,1
7.45,2,1,7,3,70,43,398,4,CIVIL,1
7.27,0,10,7,2,70,32,74,1,MECH,1
8.57,3,10,8,1,93,35,387,3,IT,1
5.7,6,8,8,1,33,2,454,2,CSE,1
6.69,6,8,6,3,74,91,323,5,IT,1
8.63,5,10,4,1,16,44,473,2,CSE,1
9.51,3,2,7,3,92,59,459,8,CSE,1
7.18,3,7,8,2,82,36,447,2,CSE,1
5.96,6,7,0,2,63,33,429,6,IT,1
6.1,6,1,7,3,7,70,427,2,IT,1
6.42,5,7,2,1,95,68,115,5,CSE,1
5.86,0,2,2,1,56,15,102,2,IT,1
6.08,1,10,6,2,80,8,447,5,IT,1
8.95,2,7,8,1,25,46,267,7,IT,1
7.12,4,9,0,1,82,55,164,2,CSE,1
7.79,5,3,3,1,85,67,393,3,CSE,1
6.11,1,10,0,3,56,55,404,4,ECE,1
7.54,2,5,8,0,80,4,222,1,CIVIL,1
8.05,0,2,7,3,17,76,270,3,ECE,1
8.31,5,1,2,1,28,74,80,1,IT,1
9.21,6,9,6,3,87,60,366,8,IT,1
6.28,2,8,4,3,37,81,495,6,MECH,1
9.45,5,0,5,1,91,1,449,3,CIVIL,1
8.38,1,4,4,3,67,18,9,3,MECH,1
9.13,4,4,0,0,72,44,186,6,IT,1
5.59,2,3,1,3,1,69,284,4,CSE,1
8.2,6,6,4,2,7,23,410,7,IT,1
9.35,5,9,2,2,20,44,488,5,CSE,1
9.89,2,4,5,1,13,14,285,6,CSE,1
6.07,3,2,4,1,21,82,359,1,CSE,1
5.77,6,0,0,2,15,60,53,4,CSE,1
7.28,2,0,4,0,100,86,183,6,CSE,1
8.51,4,4,3,3,65,60,434,8,MECH,1
6.03,1,2,6,2,22,13,488,7,MECH,1
7.13,1,4,8,1,46,55,153,7,IT,1
5.79,4,9,7,2,33,43,274,6,CSE,1
5.83,6,3,8,2,48,18,244,4,ECE,1
5.92,2,1,7,2,50,66,146,1,IT,1
9.97,0,3,3,3,25,74,222,7,CSE,1
7.09,0,7,7,2,54,45,487,1,MECH,1
6.49,2,3,6,2,3,98,331,2,ECE,1
8.47,5,5,7,1,25,7,238,1,ECE,1
7.84,4,6,3,2,20,19,362,8,CIVIL,1
5.79,6,7,2,2,89,92,140,3,CIVIL,1
8.34,4,5,7,3,8,38,304,8,CIVIL,1
9.93,2,9,4,0,10,71,155,1,IT,1
5.73,4,7,8,2,37,78,212,7,MECH,1
9.79,1,8,8,2,58,56,477,3,MECH,1
6.07,1,3,4,0,72,87,345,7,CSE,1
8.03,0,1,8,1,5,74,287,3,CSE,1
9.46,4,3,0,1,66,70,292,5,CIVIL,1
7.09,0,2,6,3,21,47,155,8,CIVIL,1
5.77,0,0,8,3,40,47,23,4,IT,1
8.65,3,6,2,2,58,6,179,4,CIVIL,1
8.01,0,6,1,0,78,6,169,3,CIVIL,1
8.43,5,3,7,3,31,41,6,2,CIVIL,1
8.33,6,8,5,0,80,66,454,2,MECH,1
6.81,4,3,8,2,96,3,272,4,CIVIL,1
8.01,0,9,3,2,46,60,467,8,MECH,1
5.82,6,9,3,1,30,91,482,7,CIVIL,1
6.43,4,8,1,3,71,76,136,5,CIVIL,1
9.51,3,0,3,0,40,74,29,3,CIVIL,1
5.58,5,6,2,3,90,58,179,7,IT,1
7.94,0,6,4,3,70,57,214,7,ECE,1
5.83,6,4,8,1,33,21,419,2,CIVIL,1
8.12,4,10,6,0,3,3,303,2,MECH,1
6.48,5,8,7,0,76,84,190,4,CIVIL,1
5.68,1,9,4,0,12,77,230,6,CSE,1
7.2,3,9,8,1,73,62,342,2,CSE,1
9.08,5,2,1,0,12,43,67,6,IT,1
6.89,2,4,2,2,83,26,385,5,MECH,1
8.98,5,0,4,3,23,75,358,8,CIVIL,1
8.2,1,1,7,0,24,10,24,1,ECE,1
6.85,4,8,1,1,13,22,295,1,IT,1
6.8,4,9,3,3,38,2,31,6,CSE,1
6.68,6,8,8,0,66,71,63,5,ECE,1
7.72,4,3,8,0,3,0,152,3,CIVIL,1
7.22,3,10,2,0,39,11,495,4,IT,1
5.54,3,5,7,0,29,93,368,3,IT,1
7.12,5,3,4,0,73,72,78,2,IT,1
7.61,6,3,2,3,54,27,167,5,IT,1
6.92,3,2,7,2,68,4,141,6,ECE,1
6.67,4,8,3,0,16,86,247,4,CIVIL,1
9.56,4,1,8,3,27,97,66,7,CSE,1
9.83,2,1,6,2,67,8,38,4,ECE,1
6.02,4,8,0,0,5,68,88,7,CIVIL,1
6.13,4,8,4,3,0,19,410,7,ECE,1
8.17,5,10,4,2,84,26,36,6,MECH,1
7.75,2,10,5,2,41,56,200,5,ECE,1
8.21,4,5,7,3,29,15,441,1,CIVIL,1
5.65,3,3,6,3,84,55,219,6,IT,1
6.51,4,0,1,1,74,93,7,4,CIVIL,1
9.8,6,0,1,0,3,30,170,1,CIVIL,1
8.94,0,10,5,3,21,94,238,7,ECE,1
9.14,4,4,2,2,66,16,166,8,ECE,1
8.41,5,0,2,2,47,34,297,7,CSE,1
6.37,5,3,6,1,9,47,230,6,CIVIL,1
7.86,5,9,7,0,9,46,266,1,CSE,1
9.58,2,4,7,2,52,30,90,1,CIVIL,1
7.3,3,3,4,2,40,93,161,5,CIVIL,1
6.25,1,7,4,0,56,43,48,7,CIVIL,1
9.54,2,9,4,2,35,17,337,7,CSE,1
5.58,1,5,1,3,18,98,322,5,MECH,1
5.83,0,10,3,0,51,52,37,8,IT,1
9.37,3,4,3,3,67,30,354,2,MECH,1
9.23,5,4,0,1,56,38,7,6,MECH,1
8.86,3,5,0,0,58,91,77,8,CSE,1
5.76,5,2,1,3,80,45,479,6,MECH,1
7.06,0,9,4,0,32,52,79,8,CSE,1
8.39,0,10,6,1,32,25,55,8,ECE,1
7.3,4,9,8,2,16,3,96,6,CIVIL,1
6.47,2,0,7,2,82,81,409,1,ECE,1
9.63,6,0,7,0,3,10,91,1,CIVIL,1
6.36,3,8,4,0,13,31,202,4,MECH,1
5.81,4,2,1,1,72,66,248,5,IT,1
7.93,0,7,7,1,60,21,459,2,CSE,1
7.51,5,9,3,3,90,75,107,2,IT,1
9.59,0,7,5,3,63,86,167,5,CSE,1
8.43,2,2,1,0,1,53,136,3,CSE,1
7.06,0,6,3,2,93,75,68,1,CIVIL,1
9.02,4,8,3,1,13,53,472,3,IT,1
7.32,6,0,7,1,56,41,114,2,MECH,1
8.04,2,4,3,1,46,29,287,1,IT,1
6.86,4,10,7,0,72,66,54,7,ECE,1
9.83,2,9,1,2,38,73,53,3,MECH,1
5.89,5,7,6,0,59,26,419,4,MECH,1
7.71,0,7,6,2,95,72,468,6,MECH,1
9.6,0,3,6,0,99,2,107,1,CIVIL,1
9.52,1,5,3,0,99,24,62,8,ECE,1
5.99,5,8,0,3,18,29,84,5,CIVIL,1
7.51,3,2,0,2,6,8,2,7,CSE,1
8.82,6,4,8,3,78,77,200,3,CSE,1
8.52,3,8,1,1,46,96,444,8,IT,1
9.06,2,2,6,2,73,81,71,2,CIVIL,1
7.37,1,1,4,1,12,33,421,5,IT,1
8.5,2,2,4,3,12,23,358,3,CIVIL,1
9.96,3,1,1,3,89,79,117,2,IT,1
5.56,2,1,6,2,93,76,397,7,IT,1
9.9,4,0,7,2,73,7,320,8,CSE,1
6.9,0,0,0,1,28,11,245,5,MECH,1
5.86,2,7,7,1,10,85,228,3,CIVIL,1
8.61,0,3,0,1,55,60,51,8,ECE,1
9.56,1,10,3,3,99,25,340,6,CIVIL,1
9.04,3,4,8,2,89,58,290,8,MECH,1
8.48,6,6,4,0,74,22,496,5,IT,1
6.92,0,4,0,1,62,64,488,3,ECE,1
6.48,0,10,8,3,58,96,13,8,CSE,1
8.56,0,0,4,3,89,66,228,1,CIVIL,1
8.97,5,0,5,1,55,35,131,7,MECH,1
8.18,6,3,5,3,31,36,392,1,MECH,1
8.39,0,2,5,2,79,96,54,8,CIVIL,1
6.7,6,8,7,3,41,81,117,5,MECH,1
7.74,1,0,3,3,71,75,184,4,IT,1
9.71,4,3,6,1,4,33,427,3,CIVIL,1
5.92,0,2,1,3,6,69,407,7,ECE,1
6.32,6,2,1,0,50,93,427,5,ECE,1
7.69,4,6,4,2,69,10,89,6,CSE,1
7.4,3,2,6,3,27,36,418,5,ECE,1
8.72,6,5,5,1,53,95,488,4,ECE,1
8.6,0,8,4,0,89,81,148,3,MECH,1
8.33,2,7,3,0,59,82,305,1,ECE,1
5.6,4,1,0,3,22,12,498,3,ECE,1
7.36,3,0,2,0,53,7,219,6,IT,1
7.11,3,10,1,0,99,65,200,4,CSE,1
9.55,0,4,3,2,4,26,346,3,MECH,1
6.88,3,6,3,2,9,63,122,6,ECE,1
5.82,4,6,5,2,35,12,450,8,CIVIL,1
8.08,3,8,7,1,10,20,105,6,ECE,1
6.72,3,7,5,0,99,24,24,1,CSE,1
9.91,4,5,6,0,63,45,119,8,MECH,1
8.28,5,5,7,3,51,93,55,7,CIVIL,1
6.41,1,2,3,1,25,11,328,5,ECE,1
9.57,4,8,0,3,76,5,244,3,ECE,1
6.04,2,7,2,0,63,72,65,8,IT,1
6.64,5,5,0,0,99,76,26,5,ECE,1
8.69,1,4,2,0,52,56,20,8,ECE,1
8.69,3,10,7,1,67,7,221,7,ECE,1
9.38,2,4,1,0,90,83,171,3,CIVIL,1
8.4,5,5,6,2,27,64,142,7,MECH,1
6.76,5,4,7,1,39,36,83,3,CIVIL,1
6.0,2,2,5,2,98,80,3,2,IT,1
7.3,6,0,4,3,36,86,385,8,ECE,1
7.87,5,2,7,1,65,51,159,4,ECE,1
7.4,6,9,6,0,64,44,389,6,ECE,1
8.32,0,4,6,2,6,98,52,3,ECE,1
7.38,1,9,8,1,90,61,266,4,CIVIL,1
6.35,2,2,1,2,88,1,325,5,ECE,1
6.33,5,2,0,3,92,89,296,7,ECE,1
7.39,5,1,8,1,61,94,124,5,CSE,1
9.41,1,8,7,2,46,80,88,2,CSE,1
7.37,4,3,8,3,9,95,423,8,CSE,1
6.66,4,6,2,0,4,34,217,6,CSE,1
8.39,5,7,6,1,80,8,478,7,CIVIL,1
6.24,4,8,4,1,63,74,355,6,IT,1
9.39,6,10,6,2,11,74,337,8,IT,1
9.66,5,7,6,3,63,23,193,3,CSE,1
7.54,0,8,4,0,38,82,370,3,ECE,1
6.2,4,7,5,3,77,69,487,2,CIVIL,1
8.24,4,0,3,1,10,68,313,3,IT,1
9.25,6,4,8,0,29,71,39,7,MECH,1
6.64,0,8,4,2,10,25,409,4,IT,1
9.96,3,4,2,2,52,75,440,2,MECH,1
5.67,5,8,8,1,43,27,445,6,CSE,1
8.46,1,2,1,0,71,17,414,8,CIVIL,1
9.25,2,10,2,0,6,40,72,8,CIVIL,1
7.83,4,6,4,2,8,54,129,6,CIVIL,1
5.93,0,9,2,1,87,26,349,6,IT,1
6.26,2,2,1,3,56,77,474,3,IT,1
5.6,0,10,7,3,14,51,51,8,CSE,1
7.91,5,4,4,3,99,15,5,7,IT,1
8.15,3,4,4,2,32,39,376,8,CSE,1
6.98,1,3,6,1,15,62,159,8,IT,1
9.42,5,10,7,1,79,100,313,5,CSE,1
8.31,0,9,0,0,9,70,229,4,ECE,1
7.58,2,6,4,2,49,72,37,5,CIVIL,1
8.68,2,3,7,2,81,24,496,2,IT,1
8.98,2,6,2,2,40,98,106,2,CSE,1
7.01,3,8,4,0,10,36,486,2,IT,1
9.14,4,6,6,1,50,11,30,3,CIVIL,1
9.3,5,4,7,3,57,93,133,8,MECH,1
7.11,3,5,5,3,0,31,159,7,ECE,1
6.72,3,6,7,1,73,66,254,1,ECE,1
9.76,4,2,6,2,43,46,347,7,ECE,1
8.11,3,0,1,1,67,11,396,7,MECH,1
6.44,1,1,8,2,35,35,411,2,CIVIL,1
8.92,6,10,4,0,40,20,22,5,MECH,1
7.83,6,0,1,0,81,100,362,7,IT,1
7.51,5,10,4,2,71,91,138,8,MECH,1
8.4,2,7,7,3,85,64,319,2,ECE,1
8.84,2,2,6,0,13,89,162,4,IT,1
9.16,1,1,1,0,71,49,101,3,MECH,1
9.82,2,0,6,1,19,73,423,5,MECH,1
7.21,4,8,2,1,96,77,457,3,CIVIL,1
9.25,6,3,3,1,76,12,97,7,CSE,1
7.16,0,8,4,0,20,44,351,1,ECE,1
6.16,0,9,0,0,4,100,119,5,IT,1
8.46,4,7,8,0,55,9,272,2,MECH,1
9.74,2,7,5,3,88,12,251,4,CIVIL,1
9.3,4,7,4,3,9,92,55,5,CIVIL,1
5.95,3,2,0,2,16,58,160,2,MECH,1
7.35,1,9,3,0,12,17,450,5,CIVIL,1
6.08,2,6,0,1,91,51,441,6,IT,1
5.65,0,8,7,0,93,0,206,3,CSE,1
7.81,2,2,4,2,70,7,490,3,ECE,1
8.08,6,5,5,2,29,19,244,7,ECE,1
5.97,1,4,3,2,69,30,3,2,MECH,1
6.56,4,2,5,3,94,76,11,1,IT,1
7.37,3,1,2,3,31,86,244,4,MECH,1
7.94,2,5,3,1,72,38,469,8,IT,1
9.53,6,3,0,3,6,88,235,3,IT,1
5.86,4,8,6,0,57,45,386,4,CSE,1
6.5,6,9,6,3,0,41,143,1,MECH,1
6.88,5,5,5,1,31,12,377,2,IT,1
5.75,3,8,4,3,33,49,104,3,MECH,1
6.13,1,9,1,0,26,29,481,5,IT,1
9.37,4,1,2,0,50,1,95,3,IT,1
9.85,3,7,0,3,97,85,354,3,ECE,1
5.9,2,5,1,2,45,30,140,5,IT,1
7.8,0,2,1,0,2,22,444,4,MECH,1
6.13,6,9,0,1,62,39,405,6,CIVIL,1
8.65,0,6,8,2,70,75,427,2,CIVIL,1
7.57,5,2,2,0,1,60,303,8,CIVIL,1
7.81,3,0,8,1,60,32,462,6,MECH,0
7.15,0,2,3,3,48,23,390,5,CSE,1
6.52,5,6,1,2,27,11,330,4,IT,1
9.01,5,1,4,0,12,41,159,1,IT,1
5.86,4,0,8,1,48,76,16,2,CIVIL,1
8.11,4,8,3,0,73,6,105,3,IT,1
8.62,6,3,3,2,35,83,344,5,IT,1
7.55,2,5,3,0,8,65,423,8,CIVIL,1
8.37,4,1,5,2,55,71,59,8,CIVIL,1
6.46,1,3,8,3,42,1,157,7,CIVIL,1
9.78,4,9,6,3,74,16,483,8,CIVIL,1
8.86,2,9,8,0,71,56,425,8,CIVIL,1
5.69,4,0,0,1,18,17,238,7,CIVIL,1
9.4,0,4,5,1,95,23,456,8,ECE,1
9.87,6,4,5,3,92,50,118,7,CIVIL,1
5.77,6,10,1,1,58,13,377,1,ECE,1
6.29,2,6,6,2,28,20,50,3,CIVIL,1
9.44,0,10,5,3,67,92,365,4,IT,1
6.39,5,4,3,1,4,21,424,7,MECH,1
8.95,4,1,2,1,34,69,301,2,CIVIL,1
8.51,3,5,3,2,73,98,193,7,IT,1
7.23,2,7,3,3,73,22,459,5,MECH,1
5.83,2,4,0,2,83,40,327,6,CIVIL,1
8.97,6,10,6,3,21,0,288,6,CIVIL,1
7.88,0,1,6,1,88,6,178,4,CSE,1
5.7,6,7,2,2,91,68,160,1,CIVIL,1
8.83,3,8,1,0,85,11,137,5,CIVIL,1
7.56,0,0,6,2,94,3,146,7,MECH,1
9.65,3,1,1,2,82,69,379,6,MECH,1
7.19,2,0,5,0,20,98,455,4,MECH,1
7.91,0,0,5,2,21,30,385,4,ECE,1
6.46,2,9,6,3,45,43,46,2,ECE,1
9.12,6,6,2,2,21,3,362,7,CSE,1
6.43,0,9,0,0,45,58,453,5,CIVIL,1
9.48,5,3,6,1,3,56,101,5,CSE,1
5.8,0,4,5,3,42,5,482,6,MECH,1
9.01,4,0,8,2,31,4,359,2,CSE,1
7.39,4,10,4,2,23,50,283,1,ECE,1
5.86,5,0,7,0,54,93,105,2,CSE,1
6.9,1,1,8,1,45,53,57,4,CIVIL,1
9.48,1,3,6,0,22,72,83,1,MECH,1
7.22,1,8,8,0,63,20,320,4,ECE,1
5.77,3,0,0,3,9,92,181,5,CIVIL,1
8.7,0,4,3,2,82,56,360,5,CIVIL,1
9.81,4,1,8,3,65,41,180,5,CSE,1
7.16,0,4,3,2,52,76,355,3,IT,1
8.64,6,4,7,2,67,64,173,7,MECH,1
9.11,3,4,3,1,50,54,19,5,CSE,1
5.54,0,7,7,1,38,95,97,4,ECE,1
7.27,1,5,6,1,91,53,471,3,CSE,1
6.84,2,7,2,0,25,0,193,1,CSE,1
7.72,0,6,3,0,57,32,194,8,MECH,1
8.73,5,7,0,1,73,16,298,6,CSE,1
8.52,0,5,7,0,10,62,288,2,ECE,1
5.99,6,9,3,1,43,34,371,4,CSE,1
6.79,3,6,6,3,21,83,257,5,CIVIL,1
7.48,3,3,0,0,29,3,239,2,MECH,1
6.75,2,4,2,1,91,43,169,8,CSE,1
7.03,6,9,0,0,88,50,487,3,CSE,1
7.38,2,0,1,1,99,66,39,1,IT,1
8.22,4,3,5,0,100,36,377,7,ECE,1
9.49,1,0,1,2,62,57,345,7,IT,1
7.61,5,0,1,0,38,6,159,4,CIVIL,1
8.15,1,2,0,0,70,63,453,3,CSE,1
8.59,3,9,8,2,45,48,302,3,CIVIL,1
7.85,0,8,6,0,91,80,175,7,MECH,1
5.8,4,5,2,3,11,21,73,4,CSE,1
8.46,3,7,5,3,39,86,166,2,MECH,1
9.19,0,7,1,0,88,15,375,5,MECH,1
9.29,1,1,0,2,10,17,200,3,IT,1
6.32,6,4,5,1,10,59,84,6,CSE,1
6.14,4,0,0,0,24,41,416,5,MECH,1
7.24,6,9,6,2,66,2,92,4,CSE,1
7.43,3,3,1,3,46,3,462,1,CIVIL,1
6.87,0,10,1,1,91,88,98,7,ECE,1
7.34,3,4,2,2,34,49,405,8,ECE,1
8.9,2,7,1,3,63,18,457,3,CIVIL,1
6.71,1,1,8,0,39,92,129,4,CSE,1
8.95,1,1,0,3,1,10,96,8,CIVIL,1
6.95,0,0,8,2,79,34,399,2,ECE,1
7.22,3,2,6,2,40,22,330,3,CSE,1
7.17,4,10,3,1,29,79,288,3,CSE,1
9.94,3,1,7,2,7,38,146,6,CSE,1
7.38,2,4,4,1,33,72,99,8,ECE,1
8.58,4,3,8,1,84,30,216,3,CSE,1
8.85,0,2,6,0,43,63,102,4,MECH,1
6.18,3,5,1,0,62,90,192,7,CIVIL,1
6.17,1,9,6,1,93,25,414,3,IT,1
6.34,5,5,1,1,98,47,60,1,CIVIL,1
9.07,4,10,6,1,66,3,466,6,CIVIL,1
8.19,5,3,3,1,63,66,295,2,IT,1
7.64,3,7,6,2,55,86,256,6,IT,1
7.5,6,5,8,2,26,10,477,7,ECE,1
9.84,3,7,6,1,9,28,54,2,ECE,1
8.01,6,4,5,0,98,97,405,8,ECE,1
9.26,3,8,1,2,83,84,468,1,MECH,1
8.19,4,1,6,3,66,92,176,4,MECH,1
8.04,2,8,8,1,7,23,150,3,MECH,1
8.03,6,1,4,2,22,100,491,7,CSE,1
6.87,2,10,0,1,10,39,213,1,MECH,1
6.32,4,5,3,2,15,24,394,5,CIVIL,1
7.46,6,8,8,1,55,18,489,5,ECE,1
9.3,6,2,5,0,58,47,260,5,CSE,1
7.25,5,3,5,3,38,70,215,5,ECE,1
8.02,3,7,2,3,59,50,0,2,CIVIL,1
8.85,2,9,7,2,20,93,119,4,CIVIL,1
7.18,5,6,7,3,72,94,435,5,CIVIL,1
8.04,2,4,7,2,21,33,371,3,CSE,1
7.43,4,3,1,0,51,48,93,1,ECE,1
6.58,4,3,0,3,62,37,339,5,CIVIL,1
6.54,1,9,6,2,16,27,334,5,ECE,1
7.73,5,8,4,0,48,71,300,8,CIVIL,1
9.69,4,9,5,0,56,27,118,2,ECE,1
8.37,4,6,8,0,54,63,127,8,IT,1
7.06,5,8,4,0,47,89,303,8,IT,1
7.44,3,9,2,0,86,65,83,1,CIVIL,1
7.68,1,9,0,1,96,17,205,8,CSE,1
8.64,2,3,2,2,75,2,154,6,MECH,1
8.57,0,2,2,2,38,18,310,4,CSE,1
6.77,6,4,6,1,39,93,257,7,CSE,1
9.39,5,2,7,1,40,26,228,8,MECH,1
7.03,1,8,5,2,15,54,138,7,CSE,1
8.24,4,8,4,2,79,71,261,2,MECH,1
8.15,1,4,8,3,84,38,75,1,ECE,1
9.05,1,8,1,1,41,100,321,1,IT,1
8.81,6,5,0,0,77,48,203,6,ECE,1
8.23,2,2,2,2,87,5,226,1,ECE,1
8.98,4,1,2,2,23,61,149,3,MECH,1
9.27,1,0,0,3,25,23,62,1,CSE,1
7.89,4,3,0,2,25,50,276,1,CSE,1
9.98,6,0,7,2,63,11,27,6,ECE,1
6.81,5,8,1,0,59,22,327,3,IT,1
5.5,6,5,1,1,73,33,248,3,IT,1
9.01,3,3,2,1,52,86,381,2,ECE,1
7.28,4,0,7,1,30,28,455,6,CSE,1
9.13,6,10,8,2,38,46,448,3,CSE,1
7.9,3,8,2,0,8,1,92,8,ECE,1
8.24,6,10,4,2,100,54,109,7,ECE,1
8.98,0,0,4,2,24,4,315,4,IT,1
6.2,5,3,6,3,22,55,211,6,IT,1
9.55,0,2,0,1,38,18,243,4,MECH,1
8.27,2,9,5,1,80,33,486,4,ECE,1
7.05,4,0,8,0,97,55,122,7,IT,1
7.59,5,2,6,2,78,25,108,2,ECE,1
6.07,3,9,4,3,19,44,256,5,MECH,1
8.24,5,9,8,3,82,49,427,3,IT,1
9.95,0,10,1,1,44,53,456,1,CIVIL,1
8.65,2,4,4,3,10,4,74,2,ECE,1
8.8,1,9,3,2,86,41,74,6,IT,1
9.67,2,4,3,3,61,10,94,3,MECH,1
6.95,1,5,0,3,26,75,311,6,CIVIL,1
6.31,5,5,7,0,34,33,405,6,IT,1
7.94,3,7,4,1,21,79,221,6,IT,1
6.5,1,10,4,1,80,7,211,5,ECE,1
8.04,0,0,4,0,43,80,77,8,MECH,1
6.25,4,10,6,1,46,28,31,8,MECH,1
9.06,2,7,8,3,52,79,139,1,IT,1
9.79,0,2,6,1,14,24,416,7,ECE,1
8.24,1,4,1,1,40,79,111,7,CIVIL,1
7.33,0,7,3,3,78,60,338,7,CIVIL,1
6.2,3,7,3,2,40,59,354,4,ECE,1
6.41,4,4,8,1,39,96,268,3,MECH,1
6.75,5,2,7,0,20,84,96,1,ECE,1
9.15,4,7,2,1,18,43,325,8,MECH,1
6.55,5,10,8,0,58,24,322,8,CIVIL,1
8.76,3,3,0,1,27,4,139,6,MECH,1
7.08,3,1,5,0,73,70,75,3,IT,1
5.83,6,2,0,0,13,88,262,3,IT,1
6.33,0,3,5,1,16,70,360,7,ECE,1
8.27,5,4,6,3,69,90,402,5,IT,0
8.56,6,2,5,1,10,12,94,6,IT,1
7.21,0,1,5,2,31,21,197,4,CSE,1
7.95,5,6,1,2,62,97,359,7,IT,1
8.34,3,7,8,0,47,59,255,2,CSE,1
8.12,6,6,4,1,23,10,252,3,CSE,1
7.21,5,8,3,1,36,55,229,2,CIVIL,1
9.03,3,0,2,1,84,40,207,2,ECE,1
9.65,4,1,7,2,87,74,401,1,CSE,1
6.15,0,4,5,2,33,33,363,8,MECH,1
9.28,1,10,2,0,44,55,475,3,ECE,1
7.14,0,9,1,2,94,59,65,6,CSE,1
6.86,2,6,1,2,6,24,37,8,CIVIL,1
8.93,2,0,7,1,45,78,410,5,IT,1
5.92,4,8,4,3,42,46,149,4,ECE,1
7.46,4,9,7,0,28,59,181,1,IT,1
6.42,4,1,1,1,43,89,213,8,CSE,1
9.26,1,5,0,1,61,88,279,7,CSE,1
5.54,0,0,4,0,83,24,115,6,MECH,1
7.45,3,6,5,3,79,22,54,2,IT,1
7.39,5,4,1,3,13,29,361,8,ECE,1
8.34,6,6,7,2,73,92,402,2,IT,1
9.48,0,2,2,3,26,94,68,3,CSE,1
7.8,1,8,5,1,92,96,45,7,CIVIL,1
7.18,3,5,3,3,63,33,2,7,CSE,1
8.04,0,4,1,0,67,53,130,2,ECE,1
8.77,6,5,7,0,14,19,338,8,IT,1
7.42,4,2,1,3,68,34,310,6,ECE,1
8.22,4,4,0,0,99,48,318,4,CIVIL,1
6.87,4,4,7,1,35,45,176,1,CIVIL,1
9.48,5,6,4,1,37,35,288,4,ECE,1
9.48,1,5,1,1,5,55,96,6,MECH,0
8.51,4,8,3,2,57,93,290,7,CIVIL,1
9.17,0,7,4,0,94,61,48,7,IT,1
9.08,0,10,3,3,64,86,185,2,CIVIL,1
6.76,0,10,2,2,60,71,460,1,MECH,1
8.69,6,8,5,3,81,20,27,5,ECE,1
6.39,5,9,4,0,47,29,237,1,CSE,1
8.53,6,9,8,0,50,19,485,3,ECE,1
7.4,1,3,7,3,19,29,383,3,CIVIL,1
5.87,3,10,7,1,18,52,300,6,CSE,1
8.67,0,3,4,0,21,72,119,8,MECH,1
7.46,1,3,6,1,96,62,108,5,CSE,1
7.58,4,10,6,3,99,59,328,6,CSE,1
6.54,1,4,1,0,19,58,287,4,ECE,1
6.02,1,3,8,0,84,1,92,2,MECH,1
8.11,0,3,6,1,52,33,15,7,CIVIL,1
7.24,6,3,4,0,45,40,176,4,CIVIL,1
7.88,6,0,5,2,45,57,3,7,MECH,1
9.44,2,7,3,3,75,49,53,7,ECE,1
6.93,3,7,6,2,53,69,476,1,CSE,1
6.23,1,0,0,2,99,54,63,5,CIVIL,1
9.24,0,6,3,2,81,4,164,3,IT,1
8.95,3,2,2,2,30,32,403,3,CSE,1
6.45,1,1,5,1,42,99,0,6,IT,1
7.15,3,1,5,3,31,84,245,7,ECE,1
8.65,2,5,2,0,73,72,100,8,MECH,1
5.62,5,3,6,3,98,45,472,6,CSE,1
8.0,4,8,3,1,28,71,303,5,IT,1
6.97,4,2,5,3,26,93,486,3,CIVIL,1
6.12,1,3,8,2,60,66,245,1,MECH,1
6.78,2,8,8,0,64,78,22,2,CSE,1
8.06,4,0,2,1,68,2,222,5,CIVIL,1
7.6,6,6,5,3,61,42,39,4,MECH,1
8.2,2,2,5,1,54,51,278,8,MECH,1
9.12,5,6,6,1,66,67,488,2,MECH,1
7.09,3,4,4,3,94,25,328,1,CIVIL,1
7.65,3,1,7,3,12,1,254,2,CSE,1
6.71,4,8,6,3,52,85,367,1,ECE,1
5.87,4,3,7,1,70,94,405,7,MECH,1
9.16,3,10,6,2,31,54,118,4,IT,1
6.39,5,2,2,3,87,18,450,1,CIVIL,1
9.11,1,0,4,2,12,71,37,2,CSE,1
8.66,2,1,2,0,85,90,301,8,ECE,1
6.53,6,6,2,2,83,21,57,8,CIVIL,1
9.09,0,10,1,2,42,22,9,1,IT,1
9.58,3,10,6,1,5,3,467,8,CIVIL,1
6.02,4,8,1,3,100,55,389,5,ECE,1
7.49,3,7,0,1,30,59,88,8,CSE,1
6.57,6,9,4,2,67,29,233,4,IT,1
8.67,4,3,5,0,7,89,251,8,IT,1
9.57,3,0,0,1,59,37,126,4,IT,1
7.32,6,3,7,2,95,12,383,3,CIVIL,1
7.97,1,3,7,0,70,78,328,6,IT,1
8.19,4,7,4,3,63,62,358,1,MECH,1
6.78,4,4,0,0,9,92,254,5,ECE,1
7.98,0,3,2,0,84,78,209,8,ECE,1
5.99,3,0,6,0,53,80,337,3,IT,1
5.68,1,1,2,2,36,9,17,3,IT,1
6.01,2,8,1,3,70,62,51,2,MECH,1
8.82,2,7,7,0,37,91,167,5,MECH,1
8.08,4,2,5,3,34,75,457,3,ECE,1
6.07,3,2,4,2,23,41,121,7,MECH,1
9.72,3,7,7,1,57,68,415,2,CIVIL,1
7.77,1,9,2,2,76,38,456,1,MECH,1
7.62,5,9,7,1,1,51,349,4,ECE,1
8.45,0,7,2,0,92,38,11,5,ECE,1
8.22,3,0,7,3,60,16,371,6,MECH,1
7.76,1,2,6,1,33,8,442,3,ECE,1
8.36,5,0,2,3,5,22,443,6,CIVIL,1
7.64,6,2,1,1,80,83,301,6,IT,1
8.47,0,2,6,0,54,4,490,3,IT,1
8.8,5,4,8,2,30,51,37,6,MECH,1
7.48,2,8,8,0,60,99,102,3,CSE,1
8.21,6,6,1,0,81,74,209,4,MECH,1
5.8,2,9,2,0,75,19,389,2,IT,1
9.84,2,3,5,3,12,44,293,8,IT,1
6.53,2,0,1,2,75,24,146,7,ECE,1
9.77,5,7,2,1,69,31,463,2,ECE,1
8.34,1,9,6,1,100,62,424,8,ECE,1
9.29,5,4,3,3,31,72,481,2,IT,1
8.94,3,2,0,1,32,25,74,7,CIVIL,1
9.4,3,3,8,1,26,92,24,6,CIVIL,1
7.62,0,2,1,1,30,23,139,1,CIVIL,1
6.15,0,7,2,3,97,82,120,5,ECE,1
5.99,2,10,0,0,95,44,125,6,CIVIL,1
9.41,4,0,8,3,57,70,134,3,ECE,1
6.91,6,1,7,2,25,74,112,2,ECE,1
7.49,0,0,0,1,2,38,89,5,CIVIL,1
6.78,4,5,5,2,12,27,466,1,IT,1
8.61,1,7,8,0,90,83,246,2,IT,1
6.06,5,10,7,0,63,42,261,7,CIVIL,1
8.01,3,4,1,3,46,87,300,5,CIVIL,1
7.98,5,9,5,1,36,3,405,4,CSE,1
6.52,6,0,6,3,18,17,448,8,CIVIL,1
7.23,4,8,8,3,50,38,306,8,MECH,1
6.63,4,9,3,3,38,5,261,8,CIVIL,1
7.02,2,4,2,0,52,56,420,5,MECH,1
7.28,6,10,7,0,81,10,126,2,CSE,1
9.9,4,7,2,1,67,3,403,3,CSE,1
5.72,6,1,6,1,26,15,274,5,IT,1
8.31,0,5,3,2,59,96,274,6,CIVIL,1
9.53,4,3,0,3,37,66,39,2,MECH,1
6.35,2,0,5,0,26,95,180,7,IT,1
5.53,5,1,5,0,98,62,273,5,CSE,1
9.84,1,6,1,3,4,15,454,3,ECE,1
8.56,5,2,8,1,64,36,291,4,IT,1
7.14,6,3,5,3,94,72,402,5,ECE,1
9.12,0,5,7,0,73,50,243,8,IT,1
9.78,5,0,2,3,64,46,20,5,CSE,1
7.12,0,8,5,0,92,88,474,7,ECE,1
6.72,2,5,8,3,22,86,101,4,IT,1
7.02,0,6,0,1,92,51,179,1,MECH,1
7.95,0,7,1,3,66,65,481,5,CIVIL,1
9.53,3,5,5,3,78,4,296,1,MECH,1
7.27,3,5,4,0,53,8,14,7,MECH,1
9.79,5,7,4,3,54,89,5,2,CSE,1
8.07,0,6,8,2,63,37,414,2,ECE,1
8.94,5,2,8,0,49,60,57,4,IT,1
8.14,4,10,7,3,19,67,390,4,CSE,1
6.41,5,10,8,3,68,3,224,1,IT,1
8.04,2,3,5,0,18,36,494,1,ECE,1
8.52,3,8,7,1,0,94,423,8,CIVIL,1
6.99,6,9,8,0,15,42,484,5,CIVIL,1
7.96,6,1,1,2,16,12,223,7,IT,1
9.42,0,10,7,0,68,58,360,8,IT,1
9.28,6,0,4,3,83,27,220,6,MECH,1
6.81,4,4,8,3,0,28,277,2,ECE,1
6.84,5,9,0,1,17,82,275,5,CSE,1
7.53,0,3,2,1,24,11,421,2,IT,1
6.5,3,10,0,1,37,19,169,6,IT,1
7.72,4,9,1,0,3,84,67,5,CIVIL,1
9.86,0,1,7,1,18,4,8,1,CSE,1
6.48,4,2,4,1,94,95,323,8,IT,1
5.91,1,0,8,1,99,13,436,7,IT,1
8.36,4,10,8,2,71,84,460,4,CSE,1
7.59,6,5,2,1,64,96,452,2,CIVIL,1
6.95,6,3,5,3,77,73,270,6,CSE,1
9.74,6,1,6,1,98,3,372,2,CIVIL,1
7.98,4,8,0,2,66,12,398,4,CIVIL,1
5.63,2,9,4,3,96,52,470,5,ECE,1
8.27,0,9,5,3,19,10,208,3,CIVIL,1
6.15,1,0,2,1,68,66,468,8,ECE,1
6.35,2,9,4,2,17,89,498,1,IT,1
7.78,1,7,5,1,7,30,118,7,CSE,1
9.37,5,2,0,0,41,85,26,3,IT,1
8.21,2,10,7,1,22,76,359,1,CSE,1
9.0,3,0,8,3,91,99,325,3,ECE,1
7.03,6,8,8,1,49,51,197,6,IT,1
9.52,0,8,7,3,45,82,229,6,IT,1
7.29,5,0,3,0,23,66,419,2,MECH,1
9.07,4,3,2,0,20,72,91,7,CSE,1
8.32,4,10,4,0,37,35,211,2,CIVIL,1
8.96,4,2,6,2,5,51,383,3,CIVIL,1
7.33,3,2,7,0,48,75,238,8,IT,1
8.23,1,8,3,1,36,40,34,7,IT,1
6.15,2,2,6,0,89,86,182,5,ECE,1
8.11,6,9,2,1,22,23,405,7,IT,1
9.77,1,7,5,1,47,35,248,8,CIVIL,1
6.08,1,1,5,1,2,95,352,8,IT,1
9.71,6,1,7,2,74,2,475,6,CIVIL,1
7.94,4,0,1,1,45,37,214,3,CIVIL,1
9.86,3,2,0,1,59,32,307,6,ECE,1
6.04,5,0,3,2,14,100,288,4,MECH,1
9.94,1,5,1,3,65,77,46,1,IT,1
8.12,5,10,7,0,87,89,379,4,CSE,1
9.58,5,7,5,2,66,8,80,8,CIVIL,1
8.41,6,0,8,3,56,71,403,5,CIVIL,1
6.81,5,1,0,2,60,18,456,6,CSE,1
5.54,4,7,8,0,51,54,6,1,IT,1
5.64,1,4,7,1,21,22,162,7,IT,1
9.11,0,7,2,3,39,31,158,5,IT,1
9.89,5,5,7,3,70,71,91,5,CSE,1
7.47,1,8,6,2,21,44,199,5,CIVIL,1
6.75,5,7,7,3,35,43,177,8,ECE,1
8.56,5,8,8,3,76,48,219,8,CIVIL,1
8.61,0,7,5,1,47,17,9,6,IT,1
7.96,1,0,2,2,15,14,158,5,CSE,1
8.99,0,2,0,3,93,42,333,5,ECE,1
5.55,4,0,8,2,67,47,243,1,MECH,1
9.34,6,0,6,2,90,40,113,3,CIVIL,1
8.33,6,2,3,0,14,44,337,1,CSE,1
9.58,1,10,8,0,9,58,203,7,IT,1
9.51,2,7,7,0,54,93,500,3,IT,1
6.11,4,0,1,0,9,81,201,6,CSE,1
6.73,5,10,8,1,66,33,479,8,IT,1
6.77,6,5,8,1,27,30,231,6,MECH,1
5.89,5,3,0,3,37,16,265,7,ECE,1
6.09,2,9,3,1,79,25,210,4,IT,1
7.69,2,0,6,2,33,86,424,1,ECE,1
9.78,6,5,8,2,3,79,25,7,ECE,1
8.78,3,1,4,2,52,58,90,7,CIVIL,1
8.56,2,2,4,2,66,72,60,3,IT,1
9.42,5,9,5,3,85,96,426,2,IT,1
9.54,6,10,5,2,29,31,442,7,CSE,1
8.04,4,1,2,0,74,48,53,2,CIVIL,1
7.07,3,7,6,2,47,55,408,5,ECE,1
9.54,0,7,6,0,51,54,482,8,IT,1
8.19,6,1,8,2,22,8,86,1,CSE,1
8.27,3,10,8,3,45,33,416,8,MECH,1
8.02,5,3,4,3,24,20,450,6,CIVIL,1
7.24,6,0,8,0,15,93,405,6,CIVIL,1
9.77,3,1,3,2,7,4,319,5,IT,1
5.97,6,4,4,3,37,22,161,5,MECH,1
8.02,4,10,7,3,23,9,241,6,CSE,1
9.13,5,8,4,1,23,23,406,3,CSE,1
9.9,1,1,7,3,62,43,249,4,IT,1
9.95,6,0,1,0,19,31,47,5,IT,1
8.76,6,0,7,3,55,38,480,7,MECH,1
5.74,0,8,7,0,1,6,393,2,CIVIL,1
6.5,2,7,8,3,63,13,397,3,IT,1
5.85,0,2,6,0,86,22,480,3,MECH,1
8.14,4,6,6,3,74,65,283,2,MECH,1
7.56,2,5,5,0,62,98,380,3,IT,1
9.14,1,3,7,1,24,42,138,3,CIVIL,1
9.76,0,6,8,0,54,99,298,5,MECH,1
8.9,5,9,7,2,8,22,105,4,CSE,1
7.58,4,6,3,0,39,70,28,4,MECH,1
8.55,3,3,8,0,97,35,409,5,CIVIL,1
8.14,0,7,0,3,54,65,248,4,CIVIL,1
7.24,3,8,5,2,69,19,248,2,CSE,1
5.65,4,6,0,1,73,12,480,3,CIVIL,1
8.0,0,5,3,1,29,42,412,6,CIVIL,1
8.42,4,0,7,3,37,22,39,8,CSE,1
7.39,6,9,7,1,23,91,143,3,MECH,1
9.23,5,10,1,2,12,26,489,8,IT,1
6.21,3,2,0,1,11,80,16,1,CIVIL,1
8.0,1,3,1,1,29,44,363,6,MECH,1
8.6,5,8,7,1,61,24,441,7,IT,1
9.9,4,2,0,3,91,89,415,5,IT,1
9.95,0,5,5,1,81,39,340,4,CSE,1
9.97,4,1,2,0,38,85,207,2,IT,1
6.46,3,5,6,3,12,13,68,3,IT,1
9.26,0,2,7,3,95,87,133,3,CIVIL,1
7.86,3,6,3,2,51,11,164,3,MECH,1
8.43,4,1,0,2,75,89,312,6,CIVIL,1
6.9,6,7,6,2,24,77,430,5,CIVIL,1
7.95,6,10,0,3,61,49,111,3,ECE,1
9.56,0,5,5,1,21,76,195,3,MECH,1
9.01,6,4,7,1,14,60,354,4,CSE,1
6.2,3,9,0,1,96,38,217,1,MECH,1
7.3,0,6,0,1,68,14,210,3,MECH,1
5.72,3,10,5,0,42,50,425,4,MECH,1
7.12,2,10,7,3,100,51,115,1,CIVIL,1
9.21,0,0,6,0,23,73,182,8,MECH,1
6.79,6,1,3,1,80,40,113,6,ECE,1
7.5,1,3,7,3,34,50,345,1,CSE,1
8.85,6,9,2,0,78,81,232,5,CSE,1
9.46,3,10,5,2,92,40,10,3,ECE,1
8.46,4,8,2,3,53,35,335,5,MECH,1
9.71,6,7,7,1,6,100,397,7,IT,1
7.15,4,8,1,1,86,61,406,1,CIVIL,1
6.33,5,1,2,3,71,23,277,1,IT,1
8.31,0,8,0,3,54,33,56,6,ECE,1
9.87,6,4,7,3,100,85,106,5,CSE,1
7.78,6,2,4,0,35,64,191,1,ECE,1
6.26,3,1,3,0,19,68,488,7,CIVIL,1
5.76,3,2,6,1,88,68,268,5,CIVIL,1
8.9,4,3,6,3,27,82,277,4,ECE,1
7.66,1,2,6,2,27,28,17,2,CIVIL,1
7.66,6,8,4,1,85,49,165,1,CSE,1
9.25,1,10,0,0,25,9,413,3,IT,1
8.8,2,7,2,0,43,49,235,6,CIVIL,1
8.33,6,7,6,3,25,69,15,1,CIVIL,1
8.65,6,10,4,3,90,2,204,1,CSE,1
9.02,5,8,1,1,47,60,245,3,CIVIL,1
7.34,4,7,7,1,81,22,197,4,CSE,1
7.2,0,8,3,2,98,39,74,2,MECH,1
5.53,5,8,8,3,88,37,153,4,ECE,1
6.14,1,8,0,0,19,84,485,3,CSE,1
6.26,0,1,7,1,85,38,428,6,MECH,1
6.62,5,2,8,1,19,30,19,8,MECH,1
8.28,4,10,0,1,69,35,27,7,CSE,1
7.88,3,2,6,1,61,94,358,7,MECH,1
5.82,4,6,7,3,31,6,470,3,MECH,1
8.73,1,5,7,3,6,0,332,4,ECE,1
7.89,0,6,8,1,24,61,375,6,CSE,1
8.14,3,3,8,3,85,29,401,2,MECH,1
9.93,6,3,7,2,3,6,207,8,IT,1
8.32,1,0,2,2,94,52,452,7,IT,1
8.26,5,9,1,0,2,94,483,5,ECE,1
9.77,6,6,0,1,53,29,57,7,IT,1
9.75,5,10,5,0,66,37,436,1,IT,1
8.63,0,9,5,3,16,74,130,8,CIVIL,1
7.34,0,0,0,0,22,11,89,6,IT,1
6.17,6,2,3,0,76,25,37,7,IT,1
9.06,3,2,8,3,49,72,493,3,ECE,1
9.81,6,1,0,0,22,80,364,7,ECE,1
5.54,4,0,6,0,66,78,121,7,CSE,1
7.32,5,10,5,3,19,2,125,7,ECE,1
8.41,2,3,2,3,56,39,296,8,CIVIL,1
8.05,2,10,3,0,15,79,29,3,IT,1
7.87,3,7,8,2,2,55,340,2,MECH,1
6.81,0,3,1,0,83,71,371,1,ECE,1
7.25,6,8,6,2,35,43,106,7,IT,1
8.03,4,6,0,2,100,46,487,8,ECE,1
5.58,0,5,7,2,89,85,273,6,IT,1
9.25,0,10,8,1,69,74,381,4,CSE,1
8.89,0,9,4,3,97,78,73,4,CIVIL,1
6.94,1,8,3,1,66,7,183,1,MECH,0
9.85,4,3,8,0,82,58,468,5,ECE,1
7.02,5,8,1,3,13,83,72,8,MECH,1
7.57,3,1,1,2,85,41,71,5,IT,1
8.89,4,7,6,2,53,73,154,1,ECE,1
9.53,3,2,5,0,84,19,26,3,CIVIL,1
7.27,4,2,8,1,49,19,30,3,ECE,1
6.84,1,5,5,0,84,13,358,6,MECH,1
6.16,3,8,2,0,42,63,383,6,IT,1
8.97,4,9,6,1,21,21,440,3,MECH,1
7.3,1,0,6,0,93,50,245,7,CIVIL,1
6.95,1,6,8,3,64,48,198,2,CIVIL,1
6.56,3,7,5,0,38,66,52,3,CSE,1
8.22,2,0,7,3,91,11,82,5,CIVIL,1
9.44,0,9,4,2,45,6,442,3,MECH,1
7.71,2,4,8,1,69,0,162,3,MECH,1
8.48,4,6,6,0,31,45,167,1,MECH,1
8.16,4,10,0,1,15,100,269,2,IT,1
8.79,4,4,2,2,68,43,354,6,CIVIL,1
9.76,4,9,2,1,91,3,350,5,IT,1
8.77,3,3,5,3,4,51,235,1,CIVIL,1
8.2,2,7,7,0,50,17,35,6,CSE,1
8.37,1,8,8,0,28,70,376,1,IT,1
6.4,4,8,1,1,86,82,450,5,IT,1
9.08,3,0,7,2,56,91,184,8,MECH,1
8.55,1,7,1,0,21,47,375,7,CIVIL,1
6.36,6,10,7,2,56,91,362,5,IT,1
5.9,6,1,0,1,29,65,233,5,ECE,1
8.63,2,7,4,3,90,38,226,1,IT,1
9.49,4,6,4,2,87,70,245,1,MECH,1
8.79,5,5,2,3,11,9,240,2,CIVIL,1
7.75,0,6,7,3,23,71,106,7,MECH,1
8.48,4,9,7,3,81,98,449,8,MECH,1
5.77,1,6,3,3,2,58,235,3,CSE,1
8.34,2,6,2,1,0,45,454,2,MECH,1
6.67,6,8,5,2,69,23,429,1,MECH,1
5.99,4,2,8,0,23,2,8,6,CSE,1
7.42,3,6,0,1,77,59,25,1,ECE,1
9.94,6,0,2,3,33,39,241,8,CSE,1
6.81,6,3,7,3,97,12,235,8,CSE,1
6.88,6,4,3,2,96,29,43,1,CIVIL,1
9.86,3,3,2,2,41,73,345,8,CSE,1
7.03,1,3,5,2,35,74,446,5,CSE,1
9.0,6,0,8,0,85,40,356,2,MECH,1
9.71,2,2,1,0,47,48,315,7,CSE,1
6.35,2,5,8,0,60,73,191,5,CSE,1
6.62,5,6,0,2,45,76,10,8,MECH,1
7.18,2,8,2,1,15,47,38,5,ECE,1
9.07,2,5,4,2,19,95,498,7,ECE,1
9.27,1,8,2,0,29,40,107,1,ECE,1
6.38,4,1,2,2,14,76,47,2,IT,1
7.58,2,10,2,1,95,92,295,6,ECE,1
5.55,5,3,2,0,15,3,213,6,ECE,1
7.56,2,2,5,1,87,16,120,1,CIVIL,0
5.78,5,10,1,1,38,55,478,5,IT,1
6.42,5,4,4,0,37,93,136,1,CSE,1
7.48,1,3,1,2,88,22,482,7,IT,1
6.51,1,3,5,3,65,91,19,1,ECE,1
5.75,1,5,8,2,4,14,429,4,IT,1
7.82,6,8,5,0,70,29,112,3,IT,1
5.7,0,4,2,3,50,71,258,3,CSE,1
6.13,4,0,7,1,12,42,168,2,IT,1
9.22,3,8,6,3,64,25,453,8,MECH,1
8.88,4,2,4,1,24,74,255,1,IT,1
6.7,4,7,5,0,81,76,413,8,IT,1
8.83,4,7,7,2,21,18,391,3,MECH,1
7.06,3,6,6,3,15,98,189,2,MECH,1
8.34,3,7,7,3,72,14,281,6,CSE,1
6.38,6,4,8,2,83,36,314,2,MECH,1
8.86,6,10,1,1,98,81,52,6,ECE,1
8.48,6,5,2,3,24,3,491,2,MECH,1
8.09,3,7,1,2,0,51,201,6,CIVIL,1
5.88,4,4,3,2,86,31,469,4,CIVIL,1
8.14,2,9,4,3,44,59,178,2,ECE,1
7.93,0,3,0,0,21,68,486,6,CIVIL,0
8.22,1,9,4,3,62,86,119,2,CIVIL,1
6.08,4,4,6,0,76,75,329,8,MECH,1
7.43,0,7,1,0,75,79,497,6,ECE,1
8.11,5,8,1,3,57,79,45,3,MECH,1
5.6,3,8,7,0,30,93,435,2,ECE,1
7.04,3,4,4,3,17,25,344,2,CSE,1
9.98,1,9,8,3,7,66,20,7,CSE,1
5.92,2,3,5,3,70,96,382,4,CSE,1
9.84,3,7,8,1,41,24,86,5,CSE,1
8.63,3,0,4,0,0,64,315,4,CSE,1
8.97,4,6,6,3,35,100,224,6,IT,1
8.15,5,10,5,1,68,99,403,5,MECH,1
7.43,0,4,3,3,80,9,14,8,IT,1
5.68,5,7,4,1,44,38,228,2,CIVIL,1
7.95,1,7,4,3,27,55,244,4,MECH,1
5.7,3,1,7,3,6,60,55,2,ECE,1
7.59,0,1,5,1,32,32,246,7,CIVIL,1
7.91,5,1,6,0,89,30,369,1,ECE,1
9.35,1,6,8,0,57,1,331,6,CIVIL,1
7.32,5,7,8,1,61,43,109,7,MECH,1
6.32,1,5,6,2,98,55,114,7,CSE,1
7.75,3,4,5,0,27,75,275,2,MECH,1
8.28,1,9,7,2,3,69,449,2,IT,1
9.13,0,6,6,2,47,81,71,3,CIVIL,1
7.28,3,3,8,0,88,26,96,1,CIVIL,1
6.32,2,7,0,3,96,81,332,5,ECE,1
6.85,3,4,0,3,21,69,381,8,MECH,1
6.45,6,1,3,3,36,58,342,2,MECH,1
9.35,4,2,8,1,73,65,169,3,MECH,1
9.31,6,1,7,3,57,14,73,2,CIVIL,1
9.09,3,2,3,2,5,43,348,3,CIVIL,1
9.8,2,2,0,3,49,48,380,4,IT,1
7.21,3,4,3,0,48,71,403,1,CIVIL,1
9.91,3,10,5,1,83,21,491,4,CSE,1
9.01,3,9,2,0,51,26,104,3,MECH,0
8.62,0,8,7,2,73,38,214,6,CIVIL,1
8.69,0,4,0,3,80,34,64,6,MECH,1
9.81,3,1,5,1,21,100,129,7,MECH,1
9.54,5,2,1,0,28,69,441,1,CSE,1
9.16,2,10,0,3,81,9,40,6,IT,1
9.08,1,9,2,0,17,16,101,4,IT,1
8.34,6,2,8,0,44,84,385,5,IT,1
5.85,0,6,5,1,8,71,69,6,IT,1
7.31,6,5,0,1,35,92,305,7,ECE,1
8.39,2,8,6,2,16,30,412,1,IT,1
9.77,0,2,7,2,35,33,189,2,ECE,1
6.87,2,1,1,3,28,100,213,6,IT,1
8.64,4,0,4,3,91,68,334,7,ECE,1
6.68,1,5,1,3,7,59,164,1,CIVIL,1
8.93,2,3,2,3,47,21,406,2,IT,1
9.93,4,8,4,0,58,50,348,3,CSE,1
7.54,4,7,1,3,65,88,450,1,ECE,0
5.77,6,7,2,2,86,67,254,6,CSE,1
8.85,5,5,7,1,97,70,345,4,CSE,1
7.92,2,4,0,3,24,54,124,7,CIVIL,1
7.77,3,8,0,2,40,27,279,6,CIVIL,1
7.67,2,9,5,0,41,9,120,5,CIVIL,1
7.75,0,7,0,0,82,57,126,4,IT,1
6.75,1,10,2,1,3,100,177,8,CSE,1
8.86,4,9,5,3,6,77,192,3,ECE,1
7.41,2,5,3,0,88,65,229,8,ECE,1
9.37,1,9,6,3,95,8,498,5,MECH,1
6.58,2,8,1,0,66,32,412,2,MECH,1
5.51,6,8,5,2,61,25,358,6,ECE,1
6.84,4,9,1,2,71,56,84,4,IT,1
6.07,3,2,5,2,19,32,294,6,CSE,1
8.18,1,8,1,3,88,62,162,6,CSE,1
7.41,1,0,5,3,75,90,181,2,ECE,1
8.18,4,9,6,0,22,0,293,4,ECE,1
5.95,1,2,4,0,21,7,106,4,ECE,1
8.24,4,2,1,3,37,85,317,7,ECE,1
5.89,4,7,3,0,78,71,458,4,MECH,1
8.4,3,2,4,1,25,78,500,5,CIVIL,1
7.46,2,1,6,2,84,16,301,4,IT,1
7.83,5,7,8,3,69,77,427,8,CSE,1
6.42,0,0,7,1,0,22,157,5,MECH,1
8.2,5,3,0,1,26,41,347,3,CIVIL,1
6.56,4,6,3,0,74,77,461,3,CSE,1
8.46,3,2,0,3,66,2,232,5,CSE,1
6.28,5,9,6,2,15,32,419,4,ECE,1
6.94,2,7,8,1,32,26,64,6,CIVIL,1
8.73,2,2,6,1,16,45,219,3,MECH,1
6.09,3,8,7,1,75,62,321,2,MECH,1
6.51,3,1,2,2,75,56,377,7,ECE,1
6.69,5,4,0,1,21,85,202,1,IT,1
8.64,0,5,0,0,100,16,346,4,ECE,1
7.54,5,0,1,3,11,62,178,3,ECE,1
9.58,1,9,0,3,5,44,188,4,MECH,1
8.28,2,8,2,2,80,12,262,7,MECH,1
7.86,4,0,2,3,86,92,173,7,MECH,1
8.9,4,3,2,2,83,9,135,6,CIVIL,1
6.56,4,5,1,1,59,9,40,4,CSE,1
9.96,1,0,8,2,47,21,89,8,IT,1
6.24,2,8,0,1,57,96,202,2,IT,1
7.96,4,7,0,0,28,88,367,2,CIVIL,1
8.04,5,1,1,3,45,22,62,8,CIVIL,1
9.03,5,3,0,3,18,93,209,1,MECH,1
8.49,5,2,1,1,28,64,250,8,CSE,1
7.94,4,4,7,0,75,5,96,2,MECH,1
7.03,4,3,0,3,11,47,217,7,MECH,1
8.91,5,5,2,2,67,20,148,8,CSE,1
9.04,5,4,1,0,34,95,321,2,CIVIL,1
7.05,3,4,8,1,59,50,365,4,CSE,1
7.4,6,6,7,1,85,78,261,6,ECE,1
8.18,6,0,1,1,88,98,307,7,MECH,1
8.51,1,3,1,3,60,29,276,1,CSE,1
9.02,5,8,6,0,76,55,445,5,CIVIL,1
9.77,6,4,4,2,64,30,98,6,ECE,1
7.88,6,10,7,3,41,36,142,1,IT,1
8.68,4,5,5,1,96,19,392,6,CSE,1
6.42,5,3,2,1,26,41,313,1,IT,1
7.42,6,0,5,2,25,25,479,8,IT,1
9.46,2,0,8,3,60,85,221,8,ECE,1
6.01,1,0,6,2,49,67,43,1,ECE,1
6.05,6,8,2,0,84,48,434,7,CIVIL,1
6.8,5,2,0,3,15,50,216,3,ECE,1
9.11,1,6,4,1,16,93,431,4,CSE,1
8.91,5,1,5,3,14,59,241,3,CIVIL,1
7.84,0,6,5,3,79,62,484,5,IT,1
7.32,1,2,1,1,85,69,145,7,ECE,1
9.73,0,4,0,3,88,1,87,3,IT,1
9.21,1,0,3,0,50,40,309,8,ECE,1
7.3,5,1,7,1,59,83,228,7,MECH,1
5.8,6,8,0,1,25,97,115,6,CIVIL,1
5.79,2,0,1,3,90,56,492,4,CSE,1
9.15,5,9,5,1,97,76,29,6,CSE,1
5.85,4,5,0,0,75,13,85,6,CIVIL,1
6.79,1,7,1,1,25,62,132,4,CSE,1
7.14,3,4,0,1,51,2,386,2,CIVIL,1
5.55,1,10,4,0,64,20,464,3,MECH,1
8.55,3,10,6,3,61,44,492,5,MECH,1
6.41,5,4,7,2,49,38,83,3,CSE,1
9.98,2,2,5,0,39,80,109,6,CIVIL,1
9.78,2,6,1,1,34,99,209,6,CIVIL,1
8.15,6,5,7,0,49,62,82,1,MECH,1
7.91,2,2,0,2,25,11,364,6,CIVIL,1
7.48,2,5,5,1,78,45,249,8,CIVIL,1
7.85,0,6,0,0,84,67,15,7,MECH,1
5.8,4,10,4,2,50,38,498,2,CSE,1
8.51,4,10,6,3,7,62,73,5,ECE,1
8.49,0,9,2,2,14,78,245,3,ECE,1
6.86,1,5,7,0,40,15,43,2,IT,1
9.95,3,9,5,3,87,83,289,1,CIVIL,1
9.6,6,0,0,0,3,51,467,4,IT,1
6.25,4,6,3,3,73,40,200,7,CIVIL,1
8.05,0,7,2,0,32,0,335,6,CSE,1
6.88,0,6,7,2,23,55,180,4,ECE,1
6.33,1,10,5,3,61,99,270,5,ECE,1
7.67,1,0,8,0,86,69,308,8,CSE,1
7.95,4,9,8,1,3,99,134,6,CIVIL,1
7.43,2,0,3,3,87,78,72,3,MECH,1
5.57,1,5,1,1,31,43,454,1,CIVIL,1
9.2,0,7,5,1,21,90,128,3,CSE,1
6.55,0,3,2,2,11,58,49,8,ECE,1
9.6,1,2,8,1,66,28,368,8,MECH,1
8.08,1,9,1,1,46,33,394,7,CSE,1
6.29,5,5,6,1,12,32,484,2,IT,1
5.7,1,1,3,1,64,97,483,7,ECE,1
5.68,1,7,1,3,63,16,402,4,MECH,1
6.8,2,10,8,2,25,61,129,8,CIVIL,1
6.24,1,4,3,1,42,67,321,4,CSE,1
9.81,2,10,1,3,75,92,331,6,CSE,1
9.38,1,9,8,2,54,10,250,5,IT,1
7.8,5,1,4,0,92,90,177,3,CSE,1
9.87,2,7,1,2,95,67,303,1,IT,1
7.03,6,8,6,3,9,71,211,6,CSE,1
7.83,1,2,6,3,29,37,155,4,ECE,1
7.71,4,6,3,2,97,34,190,8,ECE,1
7.71,5,8,6,1,89,60,22,8,ECE,1
7.19,0,9,8,1,96,40,319,3,MECH,1
9.77,0,3,1,0,77,13,426,5,ECE,1
9.22,2,1,7,3,81,36,404,3,ECE,1
5.76,3,2,4,1,61,4,427,7,CSE,1
8.23,4,6,8,1,81,70,289,1,CSE,1
6.04,1,0,3,3,19,84,187,6,ECE,1
6.29,5,3,1,0,86,54,390,2,IT,1
6.28,2,0,7,2,86,74,363,7,CSE,1
6.33,1,1,3,0,76,9,148,4,CSE,1
7.66,4,7,4,2,99,9,466,4,ECE,1
9.46,5,1,6,1,69,46,8,6,ECE,1
8.48,2,10,7,1,81,18,470,8,CIVIL,1
7.9,3,8,7,1,25,99,182,6,IT,1
8.65,6,2,2,3,96,68,346,2,ECE,1
9.85,5,7,6,0,7,11,379,1,CIVIL,1
6.89,6,7,8,3,54,70,35,8,IT,1
7.78,4,3,6,2,45,1,104,5,CSE,1
8.98,3,6,7,0,62,19,192,3,ECE,1
9.94,5,9,1,2,0,4,309,2,ECE,1
7.74,4,8,1,2,59,5,398,1,CIVIL,1
7.45,3,4,4,2,17,98,379,4,MECH,1
6.4,0,1,4,0,34,12,496,2,CSE,1
7.14,4,0,1,1,14,63,3,4,ECE,1
9.87,5,7,5,3,9,31,295,4,MECH,1
9.15,0,7,6,1,29,99,172,1,IT,1
8.29,5,5,6,3,55,49,369,4,CIVIL,1
9.33,3,0,7,0,4,16,281,6,CSE,1
9.04,3,6,8,1,0,45,113,3,IT,1
9.59,4,0,6,3,86,80,435,3,CIVIL,1
9.04,3,2,0,0,95,31,401,8,IT,1
6.62,2,6,3,1,90,65,24,6,ECE,1
9.18,0,1,8,3,17,87,298,2,CSE,1
7.17,1,4,4,3,4,16,312,4,IT,1
8.35,4,0,5,2,14,49,182,1,MECH,1
9.23,3,4,8,2,75,59,75,4,CSE,1
7.47,0,6,4,3,92,52,59,2,CSE,1
7.1,5,8,0,3,43,10,485,3,MECH,1
7.99,0,10,4,0,88,28,109,5,IT,1
9.79,4,7,8,0,30,95,235,3,ECE,1
9.79,3,1,2,3,6,4,131,3,CIVIL,1
5.64,3,10,3,1,46,46,208,5,MECH,1
6.89,2,1,0,0,8,42,493,5,MECH,1
6.09,6,2,0,3,83,61,481,3,MECH,1
7.26,3,4,0,0,29,89,257,3,MECH,1
7.02,5,0,6,3,7,75,10,3,MECH,1
7.78,2,9,4,2,72,4,315,2,MECH,1
5.6,5,0,1,3,9,26,206,4,MECH,1
5.95,1,7,0,2,55,8,332,4,ECE,1
9.84,1,3,5,3,51,20,308,8,CIVIL,1
6.37,5,5,3,0,41,83,26,2,ECE,1
6.9,1,10,5,0,73,53,143,8,MECH,1
7.73,3,1,4,3,37,20,191,4,IT,1
6.43,6,4,2,1,68,70,392,8,MECH,1
9.09,2,1,2,3,94,75,99,5,IT,1
5.71,1,3,0,2,37,74,441,3,ECE,1
8.96,4,6,3,1,98,31,18,1,ECE,1
5.52,3,0,7,3,95,96,370,3,IT,1
7.31,3,4,3,0,27,29,445,1,CSE,1
9.21,4,7,5,1,90,61,423,3,IT,1
8.56,0,4,8,0,17,18,185,4,CSE,1
9.01,3,0,0,2,76,49,18,5,ECE,1
6.58,5,6,0,2,97,95,141,8,MECH,1
6.69,3,10,8,1,51,69,340,3,CIVIL,1
7.24,6,7,2,3,13,5,29,5,ECE,1
8.82,4,0,8,1,81,7,208,1,MECH,1
9.15,1,8,3,2,38,89,89,2,MECH,1
5.53,5,3,3,3,9,46,463,3,ECE,1
6.62,2,0,1,2,37,23,427,7,IT,1
9.91,2,0,8,3,52,93,237,8,CSE,1
5.65,1,2,5,0,46,88,310,8,ECE,1
9.06,3,0,7,1,9,79,336,4,CSE,1
7.97,4,4,2,0,19,40,273,6,IT,1
6.2,6,9,0,1,58,22,241,1,MECH,1
6.54,0,4,3,3,16,33,417,3,ECE,1
6.77,5,8,8,0,48,15,386,1,IT,1
7.14,0,5,1,2,17,93,93,1,CIVIL,1
9.64,5,10,1,2,48,4,197,1,ECE,1
6.61,0,5,0,3,59,83,109,6,IT,1
7.38,6,10,3,0,13,66,383,4,MECH,1
8.77,3,0,3,0,29,72,199,1,CSE,1
8.3,6,7,6,3,0,69,366,1,MECH,1
9.93,3,0,6,1,68,33,450,7,IT,1
7.51,2,0,7,2,65,99,77,4,MECH,1
8.84,5,7,7,2,20,78,259,4,MECH,1
6.33,2,10,2,1,46,69,251,6,IT,1
7.68,0,3,1,3,40,21,499,4,MECH,0
9.04,6,5,2,0,89,29,224,4,ECE,1
5.71,3,5,5,1,14,0,436,7,CSE,1
8.56,2,0,6,1,90,45,461,3,CIVIL,1
8.97,6,8,2,3,27,82,302,7,CSE,1
9.02,1,10,8,0,4,26,204,4,CSE,1
9.09,0,6,7,3,11,100,238,4,CSE,1
9.18,4,0,0,3,18,38,486,1,CSE,1
7.46,3,7,1,2,29,34,127,1,ECE,1
7.11,2,6,2,0,68,38,320,2,CIVIL,1
6.26,4,8,8,0,48,92,359,8,CIVIL,1
7.75,6,8,2,2,97,19,152,3,ECE,1
5.9,5,5,8,3,24,53,412,6,CSE,1
6.43,4,8,1,0,25,85,369,5,MECH,1
7.18,1,10,1,0,64,89,131,2,CIVIL,1
7.55,5,5,3,0,73,19,126,2,CSE,1
5.97,1,10,7,0,100,77,67,7,ECE,1
8.65,2,6,7,0,0,46,350,7,MECH,1
6.34,0,4,6,0,57,23,251,3,CIVIL,1
9.12,2,4,1,2,35,22,362,1,MECH,1
7.07,2,10,6,0,24,38,401,4,CIVIL,1
6.26,2,0,0,3,100,4,318,6,CSE,1
9.22,5,8,2,2,53,95,191,3,CIVIL,1
9.49,4,9,7,3,63,14,262,4,CSE,1
5.76,6,10,5,3,59,84,21,7,CSE,1
8.31,1,10,7,3,88,63,136,8,CSE,1
8.38,6,6,0,3,39,93,387,4,IT,1
7.17,4,0,7,2,11,34,78,1,MECH,1
7.0,2,3,2,0,31,82,391,6,CSE,1
9.32,5,0,0,2,48,55,147,5,ECE,1
6.46,4,7,7,0,13,74,328,3,CSE,1
8.08,2,3,1,3,9,23,461,8,CIVIL,1
7.93,3,8,1,1,8,51,325,5,ECE,1
7.7,0,9,0,1,41,39,290,2,ECE,1
6.56,3,8,2,0,35,24,419,5,ECE,0
5.62,5,10,5,0,96,41,200,4,ECE,1
8.21,1,7,3,2,69,28,24,3,IT,1
9.23,0,4,7,2,71,35,370,6,MECH,1
9.22,4,4,1,1,80,14,168,5,CIVIL,1
8.3,4,6,3,3,73,48,202,8,ECE,1
6.68,6,6,3,0,30,59,399,1,ECE,1
8.61,0,7,4,0,99,14,193,8,ECE,1
9.65,6,5,7,3,30,95,370,4,IT,1
7.25,0,8,2,1,41,11,488,8,ECE,1
9.13,4,2,4,3,20,65,443,7,IT,1
8.56,2,8,1,2,13,88,38,6,CSE,1
8.28,0,10,7,1,38,24,204,7,IT,1
6.83,3,2,5,0,17,7,273,8,ECE,1
5.66,2,4,3,3,30,5,317,7,MECH,1
8.12,4,2,1,1,4,26,14,3,MECH,1
7.92,4,9,0,3,32,14,486,1,MECH,1
9.01,4,8,6,3,72,98,231,8,IT,1
9.89,2,1,6,0,64,26,239,3,CIVIL,1
5.82,1,1,4,3,36,54,319,4,CIVIL,1
8.8,4,0,4,2,89,41,7,1,IT,1
5.99,5,2,7,0,91,12,387,7,CSE,1
8.04,6,4,5,0,43,18,491,1,MECH,1
8.04,4,1,7,3,65,93,53,6,CSE,1
6.71,1,6,5,2,13,36,381,6,CIVIL,1
8.96,4,5,3,1,100,1,24,8,MECH,1
5.89,5,1,2,0,77,20,291,6,MECH,1
5.97,3,10,7,1,6,100,369,4,MECH,1
7.14,0,6,1,0,2,75,473,5,CIVIL,1
9.55,3,7,4,0,76,64,446,6,ECE,1
6.91,0,0,6,0,31,51,47,2,IT,1
7.73,6,10,3,1,65,43,450,4,IT,1
7.99,2,4,2,0,31,57,277,3,IT,1
8.43,0,9,2,1,79,82,422,3,IT,1
5.73,5,9,7,1,56,77,174,8,CSE,1
6.77,1,3,2,3,96,56,164,7,IT,1
8.02,6,9,8,3,62,18,224,6,MECH,1
9.91,2,6,7,0,1,47,34,4,MECH,1
6.51,1,8,4,0,84,53,323,7,CIVIL,1
6.84,1,10,3,2,74,25,82,2,MECH,1
8.98,0,1,1,3,59,46,439,6,IT,1
5.82,5,1,0,1,38,83,453,8,IT,1
6.92,5,2,5,3,83,10,305,7,MECH,1
9.39,1,7,4,3,54,96,86,2,IT,1
6.83,5,0,2,0,31,69,390,1,ECE,1
7.52,4,9,1,2,8,5,499,6,CIVIL,1
9.98,6,10,5,0,93,8,105,6,IT,1
5.62,2,8,6,1,1,42,65,1,IT,1
8.9,4,3,1,2,32,47,409,2,IT,1
6.24,6,6,5,3,36,43,420,7,CSE,1
7.68,6,2,5,2,5,68,279,5,CIVIL,1
7.34,6,7,2,1,35,91,152,1,MECH,1
9.77,1,3,7,2,18,27,98,6,ECE,1
8.11,1,10,0,2,43,82,35,3,IT,1
9.27,2,10,1,2,40,60,325,4,ECE,1
5.89,4,5,6,1,0,86,36,3,IT,1
8.41,5,10,4,0,92,4,129,2,CIVIL,1
6.25,3,1,1,2,65,20,13,8,ECE,1
8.04,3,2,7,0,33,80,261,5,ECE,1
7.16,2,9,7,0,16,33,143,6,CSE,1
8.56,1,7,7,2,48,75,128,1,CSE,1
6.85,2,8,7,0,91,36,403,5,CSE,1
7.74,2,0,5,0,97,21,73,4,ECE,1
7.93,1,4,4,2,36,10,320,6,MECH,1
7.07,1,5,2,2,96,20,346,5,ECE,1
5.68,6,6,6,0,96,4,220,8,CIVIL,1
8.15,0,4,7,3,63,16,51,1,CSE,1
8.51,2,10,4,3,43,60,284,6,CIVIL,1
6.67,6,5,7,2,13,72,419,5,MECH,1
5.62,6,2,0,0,46,30,319,8,CIVIL,1
6.52,1,1,8,0,5,48,217,3,CIVIL,1
8.63,6,4,5,0,59,11,222,1,CIVIL,1
8.19,1,3,1,3,66,30,223,1,ECE,1
5.84,6,4,1,0,93,69,227,3,CIVIL,1
8.38,4,8,2,3,0,46,368,7,CSE,1
8.34,0,3,6,2,78,2,312,8,CIVIL,1
9.38,3,10,8,3,88,59,278,5,CIVIL,1
6.8,0,0,6,2,69,86,367,7,ECE,1
7.65,6,9,7,0,95,41,272,6,CSE,1
7.0,2,6,5,0,9,100,337,1,ECE,1
9.84,4,5,1,0,15,53,51,3,CIVIL,1
5.87,6,2,7,3,7,25,270,6,MECH,1
6.73,6,7,1,2,35,57,8,1,CIVIL,1
8.96,0,5,2,3,38,75,167,6,CIVIL,1
9.88,3,8,3,3,96,2,128,5,CSE,1
6.94,4,3,7,1,15,5,67,1,IT,1
7.4,0,1,5,2,33,84,487,7,CSE,1
7.08,6,10,0,3,4,82,395,8,MECH,1
5.7,2,10,7,2,98,27,490,5,ECE,1
8.28,0,5,8,0,92,61,15,4,IT,1
6.54,4,0,8,2,5,46,342,7,CIVIL,1
7.9,0,7,4,2,65,56,307,8,CIVIL,1
7.09,1,0,5,2,49,74,108,6,CSE,1
5.52,4,1,7,1,35,22,454,7,ECE,1
7.53,2,3,2,3,82,55,288,7,CIVIL,1
9.97,4,0,5,2,100,55,329,7,IT,1
9.68,1,4,7,0,42,11,169,5,IT,1
7.6,2,9,3,0,33,4,179,8,MECH,1
7.53,3,8,4,2,36,19,305,2,CSE,1
7.77,4,2,0,0,42,79,143,6,CIVIL,1
8.02,2,2,0,3,98,34,114,7,ECE,1
7.68,1,8,6,0,41,63,90,7,IT,1
9.32,1,2,0,3,55,53,202,6,ECE,1
6.29,0,2,8,1,7,84,296,1,ECE,1
8.16,5,2,5,2,80,32,471,3,CIVIL,1
5.9,4,10,7,0,94,17,449,7,CIVIL,1
8.83,3,1,6,1,17,97,371,1,CIVIL,1
5.69,4,4,8,1,86,88,290,7,MECH,1
5.58,4,10,5,1,63,21,58,2,ECE,1
5.89,6,6,0,3,41,55,146,7,ECE,1
6.06,2,3,3,2,53,100,332,3,ECE,1
5.53,0,3,6,3,2,87,224,3,CSE,1
8.99,2,4,1,1,40,62,433,3,CIVIL,1
9.79,5,5,8,0,13,57,3,2,ECE,1
9.73,5,8,3,1,68,79,387,3,IT,1
6.61,4,4,5,3,86,27,277,8,CSE,1
9.02,6,3,6,3,10,54,388,8,MECH,1
5.75,3,3,0,2,94,85,346,5,CIVIL,1
6.66,0,2,2,1,49,94,429,1,MECH,1
7.26,2,2,6,2,52,55,95,1,CSE,1
9.53,5,5,7,0,61,37,290,3,MECH,1
9.17,1,1,4,3,41,14,73,2,MECH,1
8.03,6,0,2,3,9,25,10,4,IT,1
9.6,4,4,6,2,25,94,351,5,MECH,1
5.89,3,0,6,3,8,59,453,5,MECH,1
8.6,3,9,5,2,0,37,487,8,CSE,1
5.52,5,4,4,2,63,34,188,5,ECE,1
7.36,0,5,5,3,67,41,471,1,MECH,1
5.99,2,5,4,2,30,0,387,1,CIVIL,1
8.78,5,6,5,2,35,27,10,5,MECH,1
7.14,5,4,7,0,17,1,377,7,CSE,1
9.79,1,9,4,0,11,91,125,4,CIVIL,1
9.98,1,8,0,2,18,33,102,7,MECH,1
5.51,5,9,8,1,28,22,280,8,IT,1
6.77,0,2,7,3,20,9,185,1,CSE,0
9.37,2,6,0,0,28,40,446,6,ECE,1
9.26,4,5,2,3,18,47,87,8,IT,1
6.07,2,0,3,1,41,48,41,8,CIVIL,0
9.9,3,8,3,1,92,53,454,6,CSE,1
7.34,5,4,4,1,90,7,132,5,MECH,1
6.26,6,2,5,2,81,8,234,7,ECE,1
5.84,2,0,4,1,98,48,41,6,CIVIL,1
7.49,6,2,2,2,31,67,373,6,ECE,1
9.91,3,8,3,2,73,47,417,7,MECH,1
6.15,0,10,0,1,88,7,363,2,CIVIL,1
7.55,0,0,3,0,100,65,218,5,MECH,1
9.45,0,1,3,3,26,49,198,4,ECE,1
5.92,4,6,5,3,75,65,45,6,ECE,1
6.36,5,6,8,1,87,61,11,3,CSE,1
7.21,3,2,5,3,99,88,127,2,CSE,1
6.3,3,10,7,3,63,66,200,8,MECH,1
7.66,1,8,3,0,68,25,382,2,ECE,1
5.8,0,6,8,3,94,58,189,3,MECH,1
7.94,2,4,0,0,95,36,409,6,CSE,1
9.03,5,5,1,3,85,63,245,3,MECH,1
7.13,0,0,2,1,62,30,194,3,ECE,1
5.77,1,8,0,2,62,97,77,4,CIVIL,1
8.09,2,10,7,3,49,1,264,1,MECH,1
8.53,0,4,5,3,59,77,125,7,ECE,1
6.89,3,2,4,3,64,85,30,3,CIVIL,1
8.53,0,10,3,3,63,30,254,5,IT,1
7.56,2,7,3,3,39,15,222,7,CIVIL,1
6.04,4,9,4,0,29,37,473,6,CIVIL,1
8.29,4,4,4,0,36,80,225,7,CIVIL,1
7.27,5,9,5,3,31,90,194,8,CSE,1
8.21,1,7,3,0,0,5,487,8,ECE,1
8.58,3,7,7,3,77,37,500,5,IT,1
9.26,1,0,4,3,51,90,358,4,CSE,1
6.82,5,1,0,0,23,63,325,7,MECH,1
8.36,2,8,8,3,50,43,197,1,CIVIL,1
9.55,3,9,2,1,24,61,90,4,ECE,1
8.39,1,9,0,1,11,51,369,4,IT,1
9.07,3,9,1,2,43,5,89,1,ECE,1
8.49,0,2,7,2,96,12,243,7,MECH,1
9.53,2,9,3,2,9,51,76,8,CIVIL,1
6.72,1,2,8,1,64,77,39,7,CSE,1
6.59,4,2,3,0,81,19,312,1,CSE,1
9.7,6,0,7,0,80,19,497,8,CIVIL,1
8.46,2,9,8,1,94,79,463,4,MECH,1
7.88,1,7,6,2,86,56,361,3,CSE,1
9.24,1,8,0,2,54,19,315,2,CIVIL,1
6.31,0,10,8,1,13,10,215,2,ECE,1
7.52,2,3,2,2,11,66,276,5,MECH,1
9.37,6,7,5,0,19,55,119,8,IT,1
7.44,6,4,0,1,99,62,224,5,MECH,1
8.69,4,10,8,0,37,53,361,8,MECH,1
8.06,3,10,1,0,34,91,141,5,CIVIL,1
9.74,2,10,1,2,40,25,255,4,CIVIL,1
9.1,2,1,1,3,3,42,103,5,MECH,1
8.92,2,1,8,0,72,66,125,8,MECH,1
8.5,5,5,8,1,83,31,69,8,CSE,1
8.97,1,10,6,2,95,7,200,2,IT,1
7.1,5,1,5,3,72,39,263,4,IT,1
9.42,4,2,2,0,8,8,253,1,CSE,1
9.48,1,1,3,0,40,91,157,3,IT,1
8.83,0,6,3,1,24,29,167,2,ECE,1
8.11,3,8,0,3,31,3,251,3,ECE,1
8.61,2,10,8,2,100,85,451,1,ECE,1
6.81,5,2,3,3,7,91,121,5,CIVIL,1
7.28,4,4,2,2,62,92,15,1,MECH,1
8.37,2,10,1,1,2,93,232,6,IT,1
5.94,2,2,2,2,14,81,182,1,MECH,1
6.44,2,3,8,1,10,49,380,3,CIVIL,1
6.37,4,1,7,1,9,24,386,1,CIVIL,1
9.65,1,3,6,0,35,66,202,8,CIVIL,1
7.49,6,9,5,2,63,26,317,1,CSE,1
8.24,1,4,6,0,60,15,162,2,IT,1
7.06,6,7,6,2,89,87,291,2,CSE,1
7.67,4,8,6,3,99,25,168,6,MECH,1
7.86,4,5,6,2,22,69,272,4,CIVIL,1
9.07,4,6,0,0,25,38,5,8,ECE,1
9.12,2,8,8,1,8,31,168,3,MECH,1
6.1,3,10,1,3,5,44,451,4,MECH,1
8.68,3,0,2,1,26,78,344,6,CIVIL,1
7.15,1,4,7,3,82,41,320,1,IT,1
8.79,6,6,4,2,84,10,486,7,IT,1
6.37,6,9,4,3,81,51,455,3,MECH,1
7.89,2,4,6,2,5,67,57,3,ECE,1
8.58,2,6,0,3,92,59,154,1,MECH,1
9.89,2,9,0,3,12,76,84,8,MECH,1
9.32,6,2,4,0,28,86,48,8,CIVIL,1
7.27,6,3,7,2,93,74,242,1,IT,1
8.1,5,1,5,1,83,45,111,4,CSE,1
8.16,0,7,5,1,20,74,397,2,IT,1
7.65,2,9,5,1,94,45,273,4,ECE,1
7.97,3,2,0,2,49,59,7,7,CIVIL,1
9.24,1,9,7,2,5,1,313,7,MECH,1
5.98,5,2,1,1,36,62,190,8,MECH,1
5.72,0,10,1,1,86,24,116,6,CIVIL,1
9.2,3,8,1,3,74,37,40,1,MECH,1
8.92,0,4,4,3,75,17,73,8,IT,1
5.53,3,6,0,2,81,39,117,5,CIVIL,1
5.69,1,6,7,2,45,11,241,8,CSE,1
8.96,6,1,3,1,2,15,265,2,IT,1
9.44,4,1,2,1,86,47,330,6,MECH,1
7.2,4,6,2,0,57,73,445,4,CIVIL,1
7.33,6,10,1,3,73,40,258,4,CSE,1
9.32,0,2,1,1,24,89,445,2,IT,1
5.96,3,6,5,3,31,7,321,6,MECH,1
6.75,1,1,0,1,79,88,381,4,IT,0
6.78,1,10,7,0,96,97,273,2,ECE,1
9.64,3,8,7,0,44,43,97,6,CSE,1
9.57,2,8,3,0,32,60,452,1,ECE,1
9.15,0,7,5,3,47,67,380,5,MECH,1
9.84,5,7,1,2,99,75,472,3,ECE,1
6.29,0,3,2,3,54,86,257,5,CSE,1
6.29,1,10,5,2,0,2,138,7,CSE,1
8.18,1,8,5,2,0,54,468,3,CIVIL,1
9.97,0,3,0,2,97,86,186,6,ECE,1
8.85,4,9,3,0,40,10,51,8,IT,1
7.91,4,1,3,0,42,83,105,1,MECH,1
8.88,1,5,5,2,18,8,493,5,CSE,1
8.36,4,2,4,2,45,11,466,7,IT,1
8.1,4,9,7,3,96,90,319,3,ECE,1
6.75,2,3,5,2,10,75,68,2,CIVIL,1
7.66,4,8,6,2,57,21,283,3,ECE,1
8.93,0,8,4,2,4,36,25,7,MECH,1
5.82,4,2,7,0,28,60,160,1,IT,1
9.52,0,5,0,2,24,21,1,8,CIVIL,1
8.22,0,3,2,2,18,91,209,4,CSE,1
7.84,2,2,8,3,98,19,399,6,CSE,1
9.51,2,8,4,3,9,70,389,7,MECH,1
9.03,1,8,1,2,34,67,315,5,IT,1
7.17,1,4,4,0,92,12,32,5,MECH,1
9.4,6,6,8,1,92,12,143,7,CSE,1
9.59,3,10,2,2,26,77,354,7,MECH,1
6.76,0,8,8,1,28,39,272,4,CSE,1
8.9,0,4,4,2,17,31,492,4,CIVIL,1
7.19,2,9,3,0,20,99,8,8,CIVIL,1
5.57,0,6,8,1,79,87,196,8,CSE,1
8.31,6,7,3,2,14,93,175,2,MECH,1
8.24,4,5,8,1,48,1,345,8,IT,1
5.78,6,9,1,2,86,11,16,5,CIVIL,1
8.22,4,9,3,1,36,37,187,1,CIVIL,1
6.34,1,3,4,3,85,35,235,1,IT,1
9.38,3,4,3,1,7,27,91,5,MECH,1
8.07,4,3,4,1,65,89,208,5,MECH,1
9.63,2,0,5,2,5,71,158,4,ECE,1
7.44,6,4,4,2,77,50,63,2,ECE,1
7.29,2,9,3,0,2,95,43,3,CSE,1
5.56,4,10,3,1,100,0,354,2,MECH,1
7.17,5,7,0,0,47,43,371,2,CSE,1
6.15,2,2,8,3,27,85,360,1,IT,1
6.03,0,6,5,0,12,23,429,7,CSE,1
8.17,0,1,5,2,63,7,498,8,IT,1
6.24,6,10,2,2,49,87,266,5,CIVIL,1
6.32,3,6,5,1,63,47,416,6,MECH,1
8.23,3,4,0,1,35,8,10,7,ECE,1
8.93,1,0,1,2,50,8,267,6,MECH,1
7.37,3,2,7,2,40,76,114,1,CSE,1
7.92,1,1,2,0,97,37,392,6,CSE,1
9.36,3,8,3,2,81,76,186,7,ECE,1
8.37,4,6,4,0,6,51,446,8,CSE,1
8.54,2,3,2,1,55,59,283,5,CSE,1
8.12,0,0,7,1,8,85,10,6,IT,1
8.78,0,2,1,0,48,88,199,1,CSE,1
8.32,3,0,4,0,53,28,276,7,CIVIL,1
7.59,5,4,1,2,70,61,320,5,CSE,1
5.5,5,4,8,3,100,23,221,7,CIVIL,1
5.87,2,3,3,0,73,27,374,5,CSE,1
7.44,6,1,2,2,56,87,61,6,CIVIL,1
7.36,0,8,3,2,12,16,400,5,MECH,1
9.7,5,7,6,1,5,14,500,6,CSE,1
6.88,2,10,7,0,2,38,297,3,CSE,1
6.3,5,9,6,2,38,99,322,3,CIVIL,1
8.42,3,2,2,2,45,84,326,7,CIVIL,1
7.07,4,6,0,3,41,79,490,1,CSE,1
6.83,5,0,2,0,97,44,28,3,MECH,1
7.72,4,8,6,1,77,63,496,1,IT,1
6.01,3,7,3,2,0,88,253,8,MECH,1
9.28,2,10,2,2,28,73,108,3,CIVIL,1
9.21,1,6,2,1,66,39,220,4,IT,1
8.09,2,0,7,0,23,25,33,8,ECE,1
8.94,2,6,8,3,44,32,149,4,CSE,1
6.97,1,0,4,2,75,59,461,3,CIVIL,1
8.21,5,7,7,3,4,67,50,8,IT,1
5.79,0,7,6,0,61,25,446,6,MECH,1
8.54,2,1,2,1,12,89,318,7,CIVIL,1
8.78,1,2,2,2,64,44,259,7,ECE,1
8.73,0,9,4,1,6,22,172,2,CIVIL,1
7.04,4,4,3,3,12,14,478,4,CIVIL,1
7.73,4,7,1,0,29,11,26,3,CSE,1
7.34,1,4,0,3,42,19,195,8,CIVIL,1
6.95,1,7,8,1,80,90,53,6,CSE,1
7.1,1,9,4,3,99,92,252,4,MECH,1
9.56,2,5,1,3,76,29,53,5,ECE,1
6.07,2,5,3,2,96,48,140,7,MECH,1
9.04,0,5,5,1,52,22,93,3,IT,1
8.43,3,2,8,1,19,33,267,1,CIVIL,1
7.42,3,10,3,1,88,37,401,2,CIVIL,1
9.47,2,8,1,3,12,25,208,7,MECH,1
8.13,3,3,7,3,10,39,58,2,CIVIL,1
5.87,3,2,7,0,13,15,384,8,CSE,1
6.73,6,10,5,0,60,83,484,1,MECH,1
7.39,0,4,8,0,87,79,330,6,CSE,1
8.37,4,0,5,1,79,35,441,6,CIVIL,1
9.35,1,0,5,2,83,84,288,6,ECE,1
7.2,4,2,1,2,29,39,372,2,CIVIL,1
7.52,4,1,1,1,68,78,58,4,MECH,1
6.33,5,7,1,2,84,24,241,1,CSE,1
7.88,1,3,7,0,60,75,251,3,CSE,1
7.07,6,5,7,2,22,98,489,5,CIVIL,1
7.42,3,8,0,3,96,66,253,1,CSE,1
6.88,6,1,2,1,70,37,247,4,IT,1
5.8,0,4,7,0,12,44,379,3,ECE,1
7.75,0,2,5,1,13,65,414,4,ECE,1
7.78,4,8,4,1,5,52,267,7,CIVIL,1
7.14,0,9,1,1,31,4,161,1,CIVIL,1
6.61,4,7,1,2,5,60,206,2,MECH,1
7.87,0,0,4,3,58,5,137,4,MECH,1
7.94,2,2,7,2,11,16,10,5,CIVIL,1
7.25,0,0,0,1,85,54,153,5,MECH,1
9.99,5,3,0,3,27,21,245,8,CSE,1
9.72,4,9,2,0,68,2,340,6,CSE,1
6.73,6,6,1,2,73,47,482,3,CSE,1
7.6,2,6,6,1,7,52,243,1,CSE,1
5.95,3,1,6,1,24,58,34,1,CIVIL,1
6.05,2,5,8,0,59,19,314,8,MECH,1
9.35,2,9,8,3,11,71,72,4,ECE,1
8.88,6,6,8,0,45,2,491,6,ECE,1
7.61,1,9,4,0,78,1,146,7,CIVIL,1
6.55,5,1,4,2,69,62,494,6,ECE,1
5.95,4,7,7,2,48,30,158,7,ECE,1
6.34,5,2,1,3,96,42,84,2,MECH,1
9.75,2,2,6,3,84,13,371,5,MECH,1
8.77,0,5,3,1,36,36,173,3,CIVIL,1
9.45,0,4,0,1,46,50,76,1,IT,1
8.03,1,4,3,3,43,73,466,4,MECH,1
6.5,5,0,8,2,95,35,400,3,CIVIL,1
5.93,2,9,6,0,25,90,10,5,CSE,1
7.05,6,0,1,1,96,61,120,5,CIVIL,1
8.45,0,2,0,3,87,93,66,4,IT,1
6.2,6,7,1,2,1,82,232,5,MECH,1
5.89,6,9,8,2,50,96,161,1,IT,1
8.63,2,2,0,3,59,77,110,1,IT,1
8.16,6,4,8,0,89,46,177,8,ECE,1
7.12,6,9,2,0,33,39,181,7,IT,1
8.1,1,8,4,3,34,62,356,1,ECE,1
5.92,0,6,3,3,100,51,209,8,ECE,1
7.6,5,0,8,2,23,11,131,6,MECH,1
7.81,3,4,3,3,13,40,298,3,MECH,1
8.37,5,0,8,0,68,95,477,4,CIVIL,1
8.91,0,1,8,2,92,10,387,5,IT,1
8.04,6,3,4,2,69,44,206,3,CIVIL,1
8.36,6,1,4,0,32,28,32,5,IT,1
6.16,5,5,3,0,66,43,223,5,MECH,1
9.03,0,4,5,1,74,92,274,7,MECH,1
6.63,0,5,6,1,75,57,71,7,ECE,1
9.18,3,0,8,1,100,39,357,3,CIVIL,1
8.55,3,9,0,3,65,39,41,8,ECE,1
7.98,4,8,3,3,26,40,126,8,CSE,1
7.05,6,6,1,1,10,18,288,5,ECE,1
8.01,1,6,1,0,4,95,64,6,CSE,1
6.09,1,2,5,0,69,42,77,5,ECE,1
9.8,0,6,8,2,28,100,160,4,MECH,1
7.66,1,8,1,2,41,75,494,4,CIVIL,1
8.45,0,4,2,2,97,65,236,4,MECH,1
8.58,1,2,0,3,48,7,361,2,ECE,1
5.54,0,8,0,3,56,84,408,8,IT,1
6.71,5,9,7,3,63,100,435,3,ECE,1
6.51,0,2,0,3,25,10,172,1,MECH,1
9.48,4,2,0,3,13,68,77,2,CIVIL,1
5.58,1,0,5,0,82,63,102,4,CSE,1
8.29,2,6,0,2,53,35,415,4,MECH,1
9.56,4,9,6,1,24,4,188,8,IT,1
6.78,1,3,4,2,95,66,378,7,ECE,1
7.87,1,4,6,1,7,49,394,6,ECE,1
7.87,4,8,0,0,52,42,408,6,MECH,1
7.28,2,9,7,2,49,41,13,2,ECE,1
6.0,1,4,1,3,3,5,288,6,CSE,1
5.53,5,6,8,0,13,11,112,4,MECH,1
6.16,1,5,0,1,37,84,273,3,CIVIL,1
5.89,5,9,3,2,92,15,67,7,IT,1
8.56,5,10,7,3,62,78,164,1,ECE,1
5.89,3,4,0,1,70,64,296,5,MECH,0
8.61,4,8,5,1,3,50,86,3,MECH,1
5.9,1,2,4,2,14,83,492,3,ECE,1
8.37,0,4,2,0,88,7,92,3,ECE,1
8.95,3,7,2,1,95,63,457,8,MECH,1
7.42,1,7,6,3,95,10,422,8,IT,1
8.96,6,4,5,0,77,54,207,8,IT,1
7.06,1,1,6,1,0,30,269,4,IT,1
9.99,4,2,6,0,35,87,55,6,IT,1
7.17,5,5,3,2,23,69,138,2,CIVIL,1
8.27,0,6,5,0,71,77,130,7,ECE,1
6.54,6,0,6,3,46,43,164,7,MECH,1
7.65,6,1,7,3,69,94,164,4,ECE,1
6.44,3,7,2,2,85,21,459,6,MECH,1
6.35,2,3,6,3,49,1,324,3,ECE,1
7.05,1,8,6,3,88,80,176,1,CIVIL,1
6.76,5,0,0,1,55,99,454,3,CIVIL,1
7.45,0,2,7,3,37,9,52,2,MECH,1
8.26,0,8,3,3,8,39,218,4,MECH,1
8.66,6,2,2,1,94,36,478,6,CIVIL,1
7.74,3,1,3,2,75,53,22,3,CSE,1
8.62,2,9,1,0,5,4,373,7,ECE,1
5.53,5,2,1,0,26,54,15,6,ECE,1
9.51,6,10,8,1,22,47,101,3,CIVIL,1
6.96,4,1,7,3,60,68,406,5,CIVIL,1
9.74,5,8,1,0,15,43,50,7,CIVIL,1
9.71,1,2,1,0,17,32,182,3,MECH,1
7.19,3,2,8,0,96,81,348,4,MECH,1
9.04,6,1,0,2,27,0,24,2,ECE,1
8.56,3,1,2,0,24,92,191,7,CSE,1
7.22,5,5,4,1,18,90,79,4,ECE,1
9.5,0,10,2,2,83,76,268,2,CSE,1
9.95,1,10,4,2,64,34,482,7,CIVIL,1
9.54,1,0,8,2,22,8,438,6,CIVIL,1
9.97,1,10,0,0,40,47,147,3,MECH,1
6.66,0,10,0,1,43,45,17,2,CSE,1
9.21,6,4,6,0,36,97,100,6,CIVIL,1
8.44,2,1,1,1,65,9,439,1,IT,1
8.73,5,4,1,2,72,65,154,4,CIVIL,1
6.74,2,3,2,0,45,90,370,5,MECH,1
6.44,1,2,2,2,83,5,144,5,ECE,1
7.08,2,2,5,0,87,97,362,3,IT,1
9.35,1,10,7,3,99,57,455,3,ECE,1
6.54,6,10,2,3,12,27,385,8,CIVIL,1
6.69,5,9,8,3,26,63,497,5,IT,1
9.37,0,5,0,1,29,56,89,8,CIVIL,1
7.46,4,0,1,0,62,62,358,2,ECE,1
8.89,4,5,2,3,24,98,483,1,CSE,1
8.89,5,2,3,2,28,63,226,4,CIVIL,1
9.68,2,3,8,1,68,96,23,6,MECH,1
6.63,3,1,7,2,33,21,359,7,ECE,1
8.56,3,1,6,0,19,74,403,1,CSE,1
6.39,6,5,0,0,34,22,135,6,CSE,1
6.71,3,4,6,0,72,85,1,6,CIVIL,1
5.93,5,2,0,0,82,100,76,1,IT,1
9.89,3,10,6,2,76,59,92,7,IT,1
5.56,3,8,4,1,63,94,394,8,CSE,1
8.18,6,2,3,1,4,51,1,3,MECH,1
9.94,5,8,1,3,13,56,175,7,ECE,1
9.05,0,1,4,2,62,53,87,4,MECH,1
8.18,6,10,0,1,54,2,245,4,CSE,1
5.63,2,0,2,0,40,59,102,7,MECH,1
8.14,5,3,4,3,39,76,435,3,CIVIL,1
7.83,5,1,0,0,7,56,214,3,IT,1
8.36,6,3,7,2,62,9,310,7,CIVIL,1
7.23,4,4,2,1,67,32,203,8,CSE,1
8.46,0,9,8,0,74,52,282,2,ECE,1
7.98,3,9,0,2,20,39,33,2,IT,1
5.91,4,7,4,1,39,30,253,1,ECE,1
7.97,5,4,6,2,13,100,373,1,CSE,1
7.31,6,7,8,2,2,39,437,6,CSE,1
8.52,5,1,3,1,42,78,351,5,MECH,1
5.81,2,3,2,3,90,46,341,8,MECH,1
7.17,2,7,0,2,35,47,96,3,ECE,1
9.03,4,5,6,0,43,84,308,2,MECH,1
8.62,0,9,1,0,74,84,53,5,CIVIL,1
9.35,6,1,8,3,72,81,11,1,CIVIL,1
7.2,6,5,4,1,58,65,26,1,IT,1
8.05,0,1,2,0,72,30,89,2,ECE,0
8.9,5,3,1,1,91,94,122,1,IT,1
8.73,5,1,8,0,57,14,345,4,CSE,1
6.24,6,4,5,0,34,65,408,1,CSE,1
8.49,3,5,8,3,12,59,70,2,CIVIL,1
9.97,4,6,7,0,82,14,49,7,ECE,1
6.99,5,6,8,3,23,59,162,1,CSE,1
7.91,2,1,0,2,13,36,139,7,IT,1
8.47,5,1,2,0,1,98,146,6,IT,1
9.19,6,0,8,0,45,8,473,6,IT,1
6.4,4,2,1,2,75,59,175,5,MECH,1
7.35,4,3,5,3,24,21,284,7,CIVIL,1
7.44,5,1,2,0,91,71,341,1,CSE,1
7.68,5,8,1,3,40,15,28,5,CSE,1
7.87,1,6,6,0,45,74,140,1,MECH,1
5.88,4,9,3,1,0,32,94,7,ECE,1
7.8,0,1,1,0,30,80,193,4,ECE,1
6.44,0,1,2,1,69,84,500,8,CIVIL,1
7.37,1,9,3,1,27,43,319,2,IT,1
8.76,3,1,3,1,5,0,426,3,CSE,1
6.76,6,6,3,0,56,55,353,3,ECE,1
6.92,1,5,7,2,65,85,403,8,CSE,1
5.55,2,10,3,3,39,99,405,8,IT,1
7.07,5,3,2,3,51,79,135,4,CSE,1
6.6,5,7,0,2,50,26,448,2,IT,1
9.8,3,5,4,3,8,16,488,8,CIVIL,1
9.59,2,1,7,1,14,77,87,8,ECE,1
5.82,0,6,8,3,39,92,433,3,CIVIL,1
6.21,2,7,5,3,2,71,247,1,CIVIL,1
9.45,0,10,3,0,71,47,413,2,ECE,1
9.83,5,9,0,0,56,92,271,8,IT,1
5.85,3,3,8,1,60,86,158,3,CIVIL,1
6.65,4,4,4,3,99,68,440,4,CSE,1
8.7,4,6,6,3,16,100,139,1,CSE,1
7.44,5,0,6,2,5,87,6,4,ECE,1
5.57,6,4,3,0,82,73,380,1,ECE,1
9.79,1,1,5,3,85,81,306,4,CIVIL,1
7.29,1,8,8,0,61,73,4,3,CIVIL,1
7.07,1,9,0,0,30,25,74,3,MECH,1
5.83,6,4,6,2,50,31,233,5,MECH,1
8.4,3,10,8,3,86,12,334,8,CSE,1
8.5,4,5,4,3,48,99,126,5,CIVIL,1
8.7,2,6,7,1,47,3,418,1,ECE,1
6.88,6,6,1,1,24,59,362,2,MECH,1
6.2,0,2,0,1,37,82,225,8,IT,1
6.15,3,0,3,0,75,75,302,3,IT,1
7.87,3,10,8,0,28,88,122,1,CSE,1
8.97,1,5,2,1,74,89,232,2,ECE,1
6.18,6,4,6,3,63,62,124,3,IT,1
8.06,3,7,6,2,78,24,62,5,CSE,1
8.6,1,5,3,0,58,12,33,6,ECE,1
9.49,0,4,3,0,37,78,272,7,MECH,1
5.56,2,2,1,0,45,36,120,7,IT,1
5.68,2,8,7,3,66,47,449,7,MECH,1
5.92,3,9,2,0,48,53,413,4,ECE,1
8.85,2,3,7,1,28,47,242,4,ECE,1
7.4,5,5,4,2,74,56,402,1,MECH,1
6.73,4,9,1,1,66,27,382,1,CSE,1
7.54,1,3,4,1,83,86,347,5,CSE,1
5.76,0,7,2,2,41,39,294,8,MECH,1
7.34,0,1,2,2,8,24,296,6,IT,1
9.35,6,10,4,2,3,12,497,7,CIVIL,1
5.85,1,7,4,2,45,6,377,7,CIVIL,1
6.3,0,0,2,2,69,41,114,2,ECE,1
9.67,2,4,1,3,92,73,480,7,MECH,1
5.76,4,2,4,1,73,29,271,7,MECH,1
9.02,6,4,4,0,77,24,26,6,CIVIL,1
9.59,3,9,0,3,62,30,118,7,MECH,1
7.0,1,8,1,1,95,69,286,5,IT,1
6.69,1,0,4,0,37,77,25,2,MECH,1
6.11,1,4,5,2,40,85,321,3,MECH,1
9.9,2,10,0,1,98,88,77,5,CIVIL,1
9.16,5,8,5,3,22,98,35,3,IT,1
9.19,4,4,3,3,88,58,383,8,CSE,1
9.38,2,5,6,2,12,26,202,1,CIVIL,1
7.83,3,6,0,2,39,34,37,5,MECH,1
7.48,4,7,7,3,53,5,461,6,MECH,1
6.32,6,2,8,3,36,16,413,7,CIVIL,1
8.8,4,1,5,2,82,27,361,5,IT,1
9.72,0,8,6,1,81,12,395,4,IT,1
9.35,5,10,5,3,78,45,134,4,CIVIL,1
7.57,5,1,1,2,68,54,49,4,ECE,1
9.26,0,9,8,0,7,9,146,6,IT,1
9.1,4,10,1,2,96,57,76,7,CIVIL,1
5.71,3,0,6,1,85,39,391,3,MECH,1
8.0,6,5,7,1,9,97,352,4,IT,1
7.99,3,0,5,1,89,7,115,8,ECE,1
8.65,0,6,3,1,96,100,147,7,ECE,1
5.52,2,0,4,3,89,59,153,1,MECH,1
7.99,5,2,2,1,99,52,112,3,IT,1
8.73,4,6,1,1,8,33,339,2,MECH,1
8.53,3,9,0,1,49,30,254,5,CIVIL,1
6.64,2,3,8,1,46,85,92,4,MECH,1
6.0,2,7,3,1,43,16,457,3,ECE,1
6.49,1,0,2,1,77,20,42,4,MECH,1
7.41,6,7,5,0,79,27,350,5,CIVIL,1
8.27,3,6,5,1,54,12,495,3,IT,1
8.82,4,5,6,0,20,81,3,4,MECH,1
7.48,5,5,5,1,38,29,34,3,CSE,1
8.86,2,0,4,2,51,65,224,4,CSE,1
9.96,1,4,0,3,37,37,241,2,CSE,1
5.97,6,10,6,2,83,8,294,1,CIVIL,1
9.88,0,1,3,2,99,16,194,1,CIVIL,1
7.46,4,4,5,1,18,57,389,1,MECH,1
7.9,3,6,6,3,46,0,25,6,CIVIL,1
9.17,2,10,5,1,69,54,362,5,ECE,1
6.45,0,4,2,2,90,36,425,7,CSE,0
7.18,1,1,6,3,54,6,189,2,CIVIL,1
7.64,5,10,2,3,69,88,85,4,ECE,1
8.45,1,8,4,2,38,61,331,5,MECH,1
9.21,3,2,8,0,40,33,236,5,IT,1
9.72,5,10,8,2,44,33,476,6,MECH,1
8.79,0,5,5,0,43,64,253,7,CSE,1
6.08,0,10,6,3,97,32,255,8,CSE,1
6.67,3,10,8,3,77,38,282,6,ECE,1
9.46,4,9,5,1,3,86,407,2,MECH,1
7.21,2,6,8,2,15,89,281,1,CSE,1
8.58,1,6,2,1,79,12,203,6,IT,1
9.94,2,4,2,1,55,52,318,5,IT,1
9.29,0,1,7,0,48,53,307,2,IT,1
7.96,1,7,6,0,78,91,422,4,ECE,1
6.95,6,9,4,2,60,75,249,7,CSE,1
6.97,5,0,5,1,4,17,137,2,CSE,1
5.89,0,3,2,3,72,93,118,2,CIVIL,1
6.34,4,3,8,3,37,83,8,5,ECE,1
9.69,2,1,6,1,93,42,282,4,CIVIL,1
6.28,6,7,0,0,56,71,129,2,CSE,1
6.9,3,3,4,1,8,78,412,6,ECE,1
9.49,6,1,1,2,10,27,81,1,IT,1
7.64,2,3,6,2,24,27,35,7,CIVIL,1
6.26,6,8,5,1,3,94,44,3,CIVIL,1
6.86,6,1,7,0,65,10,358,3,IT,1
8.53,6,6,7,0,44,57,339,6,CSE,1
8.92,6,6,7,1,37,50,180,7,IT,1
7.57,1,5,2,2,59,90,383,1,IT,1
9.98,3,9,3,1,73,19,315,8,IT,1
6.41,6,8,8,3,99,58,475,6,CSE,1
6.0,4,10,5,2,88,51,491,4,ECE,1
7.64,1,6,2,3,30,44,413,8,CSE,1
5.65,2,0,3,3,64,13,181,1,ECE,1
9.77,2,7,7,1,83,48,102,6,IT,1
6.76,2,3,1,2,35,4,79,8,MECH,1
6.26,0,3,3,2,11,69,27,2,ECE,1
6.26,2,8,4,2,23,32,362,1,ECE,1
7.52,4,7,2,1,15,38,8,1,ECE,1
9.72,2,0,3,0,32,98,358,8,IT,1
7.77,4,2,6,1,54,10,35,5,CSE,1
6.91,0,9,8,0,49,2,29,4,CSE,1
7.12,4,5,8,0,56,6,170,6,MECH,1
8.93,1,2,4,2,67,93,81,6,ECE,1
5.75,0,8,0,0,98,48,384,3,IT,1
8.58,0,5,0,2,19,76,201,5,ECE,1
8.03,5,4,8,0,49,76,139,7,ECE,1
8.28,2,0,2,2,92,59,277,6,ECE,1
6.92,1,1,5,3,18,90,138,3,ECE,1
6.6,4,5,2,0,42,10,64,5,MECH,1
7.28,0,3,3,1,88,88,482,6,ECE,1
8.44,2,7,4,0,51,83,370,7,MECH,1
9.71,5,0,6,3,77,69,383,4,IT,1
7.59,5,6,4,1,95,60,329,5,ECE,1
5.93,2,7,3,1,61,78,25,6,MECH,1
6.11,5,7,0,3,54,7,139,3,ECE,1
5.61,6,10,3,2,19,100,304,4,MECH,1
6.95,2,9,2,3,15,55,157,2,IT,1
7.11,2,5,3,2,37,18,84,5,CIVIL,1
6.36,5,8,7,0,8,25,211,2,ECE,1
6.71,0,7,8,1,94,10,158,4,ECE,1
9.96,6,3,0,3,62,100,431,4,ECE,1
6.59,1,9,1,2,77,71,476,2,ECE,1
10.0,5,10,2,1,27,11,285,4,CSE,1
9.82,0,6,6,0,19,83,272,3,IT,1
9.0,0,1,1,0,75,97,497,2,CSE,1
8.34,5,1,5,3,26,65,343,1,ECE,1
7.28,3,8,4,0,34,19,182,4,ECE,1
9.91,6,1,0,0,4,57,53,1,IT,1
7.75,2,5,8,1,46,50,91,4,CIVIL,1
8.86,1,0,0,0,72,94,428,8,IT,1
7.13,5,0,5,3,96,7,490,2,MECH,1
6.02,4,2,7,2,72,19,495,3,CSE,1
6.66,1,10,0,1,27,18,103,3,ECE,1
9.9,1,9,2,0,11,55,433,3,CIVIL,1
7.94,6,2,2,1,83,9,205,6,IT,1
7.14,0,2,4,2,98,98,93,2,IT,1
7.08,4,2,0,3,67,17,492,4,CSE,1
7.6,1,2,8,3,32,54,226,4,ECE,1
9.05,3,10,0,2,77,73,336,1,MECH,1
9.48,5,4,0,3,7,71,121,8,CIVIL,1
8.38,1,2,2,3,36,63,330,3,ECE,1
9.48,3,10,7,3,48,10,209,5,CSE,1
9.89,5,10,1,1,1,49,471,6,CSE,1
9.68,6,9,3,1,73,37,357,7,MECH,1
5.79,4,3,1,1,87,6,234,2,CIVIL,1
8.06,1,0,2,1,77,49,377,1,ECE,1
8.07,1,3,8,1,74,51,493,3,IT,1
8.47,6,6,1,0,33,21,245,3,CSE,1
5.67,1,9,1,2,8,79,349,7,CIVIL,1
6.61,6,5,1,1,15,2,293,6,CSE,1
9.52,5,7,5,2,67,69,310,3,CSE,1
6.54,1,9,3,1,2,98,238,3,ECE,1
6.18,1,5,3,1,96,45,416,7,MECH,1
7.17,4,7,3,0,34,73,117,6,ECE,1
6.09,6,0,7,2,9,38,52,4,ECE,1
6.17,4,5,3,3,28,89,330,3,MECH,1
9.63,5,1,3,3,45,2,263,1,MECH,1
6.09,5,6,5,2,46,97,471,5,CSE,1
8.34,0,8,3,0,3,80,191,7,MECH,1
6.43,1,6,3,2,63,93,111,3,IT,1
7.48,3,10,7,1,78,37,109,3,IT,0
9.32,6,2,1,1,20,10,416,3,CSE,1
8.96,0,3,1,1,41,70,147,4,CSE,1
6.51,3,6,3,1,95,78,424,8,CIVIL,1
9.97,5,9,7,0,21,74,489,3,MECH,1
9.47,1,5,4,3,63,29,115,3,ECE,1
6.63,3,10,5,1,34,1,472,7,CIVIL,1
6.55,6,2,5,2,55,27,131,3,CIVIL,1
6.77,3,4,6,3,76,5,347,2,IT,1
8.52,5,6,8,2,48,31,258,8,ECE,1
9.17,0,8,7,3,52,74,123,7,CIVIL,1
7.45,3,1,0,1,7,64,378,6,ECE,1
7.87,6,5,0,0,34,52,155,4,MECH,1
6.53,3,7,6,3,92,35,50,5,CIVIL,1
6.09,5,2,7,2,56,11,113,1,MECH,1
9.0,0,1,5,1,91,43,222,6,CSE,1
9.8,0,4,2,2,26,13,165,7,ECE,1
6.87,6,9,6,1,95,45,71,4,MECH,1
7.57,6,8,3,3,69,92,81,1,ECE,1
7.89,1,10,1,3,53,2,360,5,CIVIL,1
8.13,3,5,7,3,60,11,359,1,MECH,1
6.07,4,10,0,2,64,75,22,1,CSE,1
8.23,5,6,1,0,12,27,316,7,CIVIL,1
7.28,6,2,0,3,77,16,1,2,MECH,1
6.85,5,4,1,1,1,25,53,7,ECE,1
6.59,5,3,5,0,98,9,431,4,CIVIL,1
7.11,4,5,8,1,65,35,36,1,CIVIL,1
6.61,3,3,3,0,48,66,257,8,CSE,1
6.63,1,2,1,0,17,91,327,8,CSE,1
7.2,3,7,8,2,39,38,229,5,CIVIL,1
9.22,4,3,0,3,35,99,15,1,ECE,1
7.62,3,9,5,3,72,82,314,4,MECH,1
6.4,0,4,7,1,10,39,441,3,CIVIL,1
8.47,0,1,8,2,98,71,480,8,CIVIL,1
5.77,4,1,1,3,67,75,436,1,CSE,1
8.15,0,8,7,3,62,15,60,6,ECE,1
9.55,6,4,6,0,77,64,459,4,CSE,1
7.49,6,9,8,3,31,34,484,6,CSE,1
6.09,5,7,2,2,98,14,345,4,IT,1
9.39,0,3,6,2,53,34,371,7,ECE,1
7.84,0,6,7,1,67,19,29,7,CSE,1
9.84,4,0,7,3,36,92,45,4,CSE,1
5.53,0,0,6,2,84,57,0,6,ECE,1
7.41,5,1,2,1,72,96,476,5,MECH,1
7.21,2,1,3,0,23,23,3,7,MECH,0
6.85,1,5,5,1,63,58,352,1,CSE,1
5.52,2,1,3,0,38,72,97,4,IT,0
8.77,4,4,1,0,54,86,7,5,IT,1
7.56,2,4,0,3,48,46,235,5,CSE,1
8.24,0,2,0,0,100,11,152,8,IT,1
5.76,0,8,0,1,42,53,368,4,ECE,1
6.63,3,5,7,1,54,84,410,2,IT,1
8.16,5,7,6,1,56,1,130,6,ECE,1
8.78,5,5,7,3,14,7,377,7,MECH,1
6.89,4,3,2,3,16,61,272,5,CSE,1
6.49,5,5,6,2,52,22,327,1,ECE,1
5.83,5,9,7,0,16,38,58,4,CSE,1
9.58,3,6,3,1,69,93,473,4,MECH,1
7.79,6,9,7,1,0,35,159,4,ECE,1
7.35,3,8,8,2,77,39,324,2,IT,1
7.48,2,7,5,1,86,87,88,5,IT,1
9.4,3,5,0,0,33,32,453,1,CIVIL,1
5.67,2,9,1,3,57,88,108,6,MECH,1
9.22,4,1,6,1,9,82,260,7,CIVIL,1
7.31,4,3,4,3,41,67,157,7,CIVIL,1
6.52,1,3,3,0,79,35,452,5,MECH,0
7.46,6,8,2,0,22,69,420,7,IT,1
8.09,4,2,3,1,58,33,297,4,IT,1
5.74,0,8,8,3,34,98,450,8,CIVIL,1
7.19,1,9,1,0,75,86,241,6,ECE,1
7.69,0,9,7,0,98,58,272,2,ECE,1
7.24,1,3,5,0,2,21,390,3,CSE,1
8.83,6,10,8,3,52,18,360,1,IT,1
6.02,6,10,7,0,89,33,137,7,CSE,1
5.64,6,7,4,0,91,1,41,8,CSE,1
8.24,5,0,3,3,66,24,242,8,ECE,1
8.8,0,8,8,3,27,62,2,7,MECH,1
6.42,0,2,6,1,81,65,409,7,IT,1
6.85,4,2,1,3,32,27,79,7,ECE,1
7.04,0,3,6,1,4,18,356,8,CIVIL,1
9.34,4,4,3,1,38,74,49,1,ECE,1
9.6,5,2,8,0,5,81,15,4,CIVIL,1
8.99,0,2,6,3,41,11,280,4,CIVIL,1
6.27,2,3,3,0,46,60,104,6,ECE,1
5.54,4,1,5,2,91,8,396,5,ECE,1
7.89,3,6,2,3,76,92,285,3,IT,1
8.1,4,8,7,2,82,39,233,7,CSE,1
9.63,0,9,6,1,3,31,76,5,CSE,1
7.46,2,3,4,2,16,22,366,5,MECH,1
6.51,6,8,4,0,85,75,368,1,IT,1
8.37,6,10,5,2,6,40,190,6,MECH,1
9.0,4,4,7,1,32,49,381,6,CSE,1
9.57,2,2,6,2,12,89,218,6,CIVIL,1
7.22,5,6,7,3,2,21,245,5,MECH,1
9.1,2,4,1,0,40,34,452,2,CIVIL,1
9.78,1,4,3,3,82,86,338,6,IT,1
9.37,5,5,1,0,85,63,465,6,CIVIL,1
9.25,4,5,2,0,66,67,491,5,IT,1
7.23,1,10,6,1,43,24,38,3,IT,1
8.58,4,9,3,3,5,46,324,4,IT,1
6.61,0,1,5,3,34,69,68,4,IT,1
9.03,4,5,7,3,52,34,93,2,IT,1
9.79,5,10,4,0,37,50,339,5,IT,1
8.4,2,1,6,3,13,47,496,4,CIVIL,1
9.91,0,3,1,1,91,25,80,3,ECE,1
8.11,3,7,2,0,23,24,496,2,IT,1
8.29,1,8,3,2,52,85,278,2,CIVIL,1
8.33,2,4,6,0,86,53,247,3,MECH,1
8.38,6,9,7,0,32,69,202,1,ECE,1
7.0,2,6,6,0,38,9,103,8,MECH,1
8.39,4,2,6,3,46,69,492,4,CIVIL,1
8.69,1,3,3,1,74,1,143,2,CSE,1
6.14,1,0,1,0,29,85,34,1,MECH,1
6.88,0,6,4,0,94,51,186,6,MECH,1
8.79,5,2,2,2,62,85,317,3,CSE,1
9.49,5,3,4,3,66,45,367,2,CSE,1
6.05,6,4,5,1,26,9,448,3,ECE,1
8.04,2,1,6,2,37,41,427,8,CIVIL,1
8.55,1,7,0,3,3,70,308,5,MECH,1
8.07,3,1,1,0,13,20,479,8,ECE,1
8.58,4,10,7,0,14,53,481,6,ECE,1
8.44,3,1,8,2,18,82,230,5,ECE,1
9.88,5,10,7,3,98,86,0,5,CSE,1
8.5,6,0,4,2,70,49,235,2,IT,1
8.44,2,3,7,3,56,84,447,2,MECH,1
6.16,3,2,6,1,58,20,476,7,ECE,1
5.6,3,8,4,2,76,93,492,7,CIVIL,1
6.29,2,6,2,1,29,19,259,7,CSE,1
7.49,2,4,3,3,37,16,7,1,IT,1
7.91,4,4,8,3,41,40,335,4,CIVIL,1
8.69,4,4,6,1,42,36,116,4,MECH,1
5.87,5,4,1,3,7,92,339,1,ECE,1
6.92,1,3,3,3,46,11,250,1,ECE,1
8.16,4,6,0,1,12,20,85,6,ECE,1
7.67,2,9,6,2,25,90,285,2,MECH,1
8.59,3,0,7,3,87,81,77,8,CIVIL,1
8.49,6,1,5,2,5,13,283,6,CSE,1
8.17,2,1,1,1,20,39,116,5,IT,1
6.74,6,2,0,1,96,55,480,8,CSE,1
7.79,4,5,4,2,91,14,460,7,MECH,1
9.7,4,7,5,0,67,72,170,2,IT,1
5.65,6,0,3,1,4,52,337,8,ECE,1
6.85,1,8,2,1,26,10,272,6,IT,0
7.42,5,4,6,1,49,12,451,8,CSE,1
5.91,3,8,1,1,87,59,140,6,MECH,1
9.06,4,6,4,3,68,45,4,5,IT,1
7.52,5,7,6,3,44,3,191,1,MECH,1
6.39,2,4,1,1,56,52,276,3,MECH,1
9.79,1,8,3,1,97,57,287,4,ECE,1
7.38,1,10,8,2,86,38,199,8,MECH,1
7.05,3,3,6,2,7,64,316,2,MECH,1
7.81,2,4,6,0,58,27,268,4,CIVIL,1
6.94,2,4,6,3,86,17,457,6,IT,1
5.54,0,3,5,1,76,67,389,4,CSE,1
6.01,3,6,0,2,72,26,63,3,CIVIL,1
7.88,2,10,0,1,18,67,63,7,ECE,1
9.27,3,9,0,3,25,59,327,5,CSE,1
9.16,0,10,5,1,89,0,341,7,CSE,1
9.14,2,4,0,3,3,27,203,2,CIVIL,1
8.61,5,10,5,0,86,26,72,5,MECH,1
9.84,2,10,5,3,65,2,161,6,CSE,1
9.21,3,9,3,0,1,42,214,6,ECE,1
6.91,3,2,5,0,91,19,78,3,IT,1
9.74,0,3,5,0,60,79,84,7,CIVIL,1
6.72,5,7,6,2,71,1,240,3,ECE,1
6.11,3,6,6,3,92,8,229,3,MECH,1
7.43,6,2,7,2,29,55,0,2,CSE,1
8.95,3,0,7,2,69,47,485,8,ECE,1
8.43,4,1,4,0,4,11,108,3,MECH,1
9.12,2,7,4,3,78,68,474,2,IT,1
8.42,0,2,0,3,4,59,154,3,ECE,1
8.95,2,1,0,3,50,18,462,8,IT,1
6.3,1,8,7,1,22,4,78,3,ECE,1
9.88,2,4,7,1,67,82,240,1,ECE,1
6.28,1,9,3,0,57,73,157,8,MECH,1
9.1,6,9,2,2,62,52,290,2,ECE,1
7.09,5,5,5,3,50,51,391,7,MECH,1
7.03,1,3,7,2,42,89,448,4,IT,1
9.87,4,6,1,1,3,2,242,5,ECE,1
9.73,4,4,5,2,100,20,49,8,CSE,1
9.46,0,6,4,1,46,65,246,8,IT,1
9.19,6,7,0,0,43,39,224,8,IT,1
6.5,5,0,8,1,72,79,304,5,MECH,1
5.57,3,2,7,3,68,84,245,4,IT,1
8.86,3,3,7,1,45,76,409,4,MECH,1
6.95,0,0,8,0,19,78,358,3,ECE,1
9.62,6,0,1,3,27,36,127,2,ECE,1
6.44,2,1,7,0,77,41,347,1,MECH,1
8.4,6,4,4,3,13,56,444,3,ECE,1
7.25,2,2,1,3,75,85,439,2,CSE,1
9.07,3,9,4,2,18,78,456,2,CSE,1
9.78,3,0,1,0,6,66,184,4,IT,1
8.05,1,6,0,1,17,42,175,6,ECE,1
6.34,0,5,5,0,34,17,422,3,CIVIL,1
9.09,3,0,6,1,70,74,279,4,CIVIL,1
8.29,6,2,6,1,52,2,157,7,CIVIL,1
8.45,6,1,8,1,43,15,84,7,MECH,1
8.03,5,10,1,2,99,98,400,4,CIVIL,1
6.72,2,7,4,1,9,49,160,1,MECH,1
6.64,4,4,5,2,54,95,111,2,MECH,1
8.57,6,8,0,0,63,8,376,1,MECH,1
8.59,6,0,6,0,1,17,245,4,CSE,1
9.91,6,6,3,2,17,68,256,3,ECE,1
7.42,2,10,5,3,13,33,287,6,IT,1
5.91,1,3,0,0,62,99,217,1,IT,0
9.92,4,7,7,1,75,15,132,2,CSE,1
5.68,3,2,2,1,65,95,461,4,CIVIL,1
5.54,5,4,2,0,50,54,252,4,CSE,1
7.35,4,3,6,1,98,20,322,5,MECH,1
8.06,5,7,2,1,41,70,229,6,ECE,1
6.51,6,7,3,0,89,20,455,1,ECE,1
9.83,1,1,5,2,37,28,49,5,MECH,1
8.33,3,7,6,3,82,88,173,2,IT,1
7.08,2,7,2,2,56,74,40,6,CSE,1
9.62,1,3,6,2,97,59,373,2,ECE,1
7.29,2,1,1,1,29,12,396,7,ECE,1
8.19,2,1,3,1,5,8,457,2,ECE,1
9.64,3,4,6,1,93,61,471,7,CSE,1
8.63,1,1,3,2,10,24,450,4,IT,1
8.43,3,4,2,2,63,7,484,4,ECE,1
8.32,4,5,3,0,90,31,112,7,MECH,1
6.26,2,2,0,2,42,82,366,4,CSE,1
7.96,6,0,3,2,59,6,223,2,ECE,0
9.87,5,3,4,3,33,11,201,3,CSE,1
7.19,1,0,1,1,17,55,486,1,ECE,1
10.0,6,5,7,2,74,65,369,7,CSE,1
8.01,6,4,4,1,34,3,216,1,CIVIL,1
7.06,0,6,8,1,89,81,436,3,IT,1
6.44,4,7,2,3,96,88,181,3,IT,1
9.28,0,10,8,3,38,49,349,5,MECH,1
8.36,3,8,3,3,73,48,407,5,IT,1
6.73,4,0,4,2,40,65,255,8,CSE,1
5.78,3,2,6,1,30,100,265,7,ECE,1
8.54,2,9,0,2,27,40,396,2,ECE,1
5.76,0,3,8,2,92,10,327,6,CIVIL,1
6.62,4,5,0,0,51,17,119,8,IT,1
8.27,1,4,6,2,25,78,464,4,CIVIL,1
7.58,1,10,5,1,6,18,125,2,MECH,1
8.96,3,9,8,1,95,60,373,2,MECH,1
6.12,6,9,2,3,16,100,123,6,CSE,1
8.59,2,9,8,0,22,86,227,8,CSE,1
7.52,1,6,2,2,61,99,113,4,IT,1
8.97,6,0,4,2,3,25,183,1,IT,1
5.59,2,1,2,2,29,82,366,2,IT,1
5.84,3,7,1,0,42,8,362,6,CIVIL,1
8.95,3,9,0,0,63,38,285,4,CSE,1
8.51,0,7,0,3,87,33,54,1,CIVIL,1
5.89,2,9,8,2,19,24,57,2,CSE,1
8.96,3,8,6,3,59,52,354,7,CIVIL,1
5.68,4,10,5,2,72,80,471,2,IT,1
6.38,3,5,7,3,27,80,104,2,CIVIL,1
8.6,3,5,2,3,32,13,369,6,ECE,1
7.43,5,2,1,3,88,71,114,5,ECE,1
9.24,5,6,7,2,22,42,47,7,CIVIL,1
6.78,5,7,5,2,83,25,273,2,ECE,1
8.91,6,9,6,0,14,9,264,8,MECH,1
7.46,6,2,7,1,21,88,356,1,IT,1
6.07,1,5,7,0,98,10,141,3,CIVIL,1
6.34,1,6,8,0,6,50,65,4,MECH,1
8.5,6,3,8,3,96,26,432,7,ECE,1
6.99,1,0,1,2,3,12,296,7,ECE,1
9.99,6,3,8,0,23,38,368,6,IT,1
6.77,1,5,8,0,100,97,65,1,IT,1
6.41,0,10,3,0,21,56,76,7,CIVIL,1
7.94,1,6,8,1,9,64,147,8,IT,1
7.83,5,5,6,0,38,12,198,2,ECE,1
8.06,1,7,5,0,4,56,139,5,CSE,1
8.56,6,8,0,2,37,0,222,5,CSE,1
8.25,5,3,2,0,8,51,124,2,CSE,1
6.68,2,3,4,2,63,77,95,8,CSE,1
7.96,5,9,4,0,43,69,246,3,ECE,1
5.77,6,3,1,0,43,80,116,2,CSE,1
6.21,2,5,3,0,77,58,68,2,CSE,1
8.3,6,9,6,0,37,58,277,2,CSE,1
6.57,4,9,0,2,78,91,398,7,MECH,1
8.08,3,7,3,3,46,33,287,3,CSE,1
8.89,3,5,1,1,19,86,286,4,IT,1
5.53,4,5,8,3,83,83,231,4,ECE,1
9.8,1,6,6,0,49,11,455,6,CIVIL,1
6.61,5,9,5,0,99,36,178,4,CSE,1
8.37,2,3,1,1,39,24,375,7,IT,1
9.0,4,8,5,1,35,26,121,8,IT,1
7.19,2,9,8,3,28,6,408,2,MECH,1
5.82,1,6,6,3,52,9,381,1,CSE,1
9.42,4,4,0,1,39,1,451,1,CSE,1
7.03,3,8,4,0,1,7,414,1,CIVIL,1
8.59,2,10,7,0,25,68,3,5,ECE,1
7.47,2,6,3,3,24,51,5,7,CIVIL,1
7.94,0,2,8,0,11,66,36,7,ECE,1
8.11,6,6,1,3,27,41,136,8,CIVIL,1
5.58,1,4,2,0,93,9,228,5,CSE,1
7.81,6,8,0,0,17,11,284,1,CSE,1
6.99,4,2,0,3,44,96,365,7,MECH,1
6.23,1,8,2,2,88,21,220,4,ECE,1
7.57,0,0,3,1,72,90,221,1,MECH,1
6.59,1,10,8,1,83,58,310,2,MECH,1
7.66,6,9,1,3,33,6,300,8,ECE,1
8.08,2,10,3,0,47,89,206,6,CSE,1
9.39,6,8,3,2,21,60,451,7,CIVIL,1
8.83,3,2,3,0,30,45,373,3,IT,1
8.32,1,5,5,0,75,18,162,7,ECE,1
9.26,2,8,3,0,94,22,38,1,CSE,1
6.62,1,3,0,3,66,46,307,3,MECH,1
5.73,5,6,1,3,96,20,402,1,MECH,1
5.61,1,2,7,1,34,28,134,6,MECH,1
8.17,4,7,5,2,92,44,103,1,MECH,1
8.27,1,2,8,1,61,74,381,5,ECE,1
6.99,6,3,7,0,31,27,485,8,ECE,1
9.47,2,10,7,1,89,19,410,1,IT,1
6.1,1,2,0,3,57,44,296,5,CSE,1
5.78,2,0,6,3,43,6,250,4,CSE,1
7.21,6,6,8,0,20,15,376,3,CIVIL,1
5.55,4,7,2,3,75,70,94,7,ECE,1
5.64,2,2,0,0,57,61,416,2,CSE,1
9.12,4,0,0,3,64,64,229,7,CSE,1
7.79,6,10,7,2,88,51,182,6,MECH,1
6.78,4,3,6,2,49,42,214,7,MECH,1
6.95,1,7,2,0,76,11,339,4,CIVIL,0
8.22,5,3,0,2,87,56,440,3,IT,1
9.27,5,9,1,1,94,7,347,7,MECH,1
7.86,2,5,1,0,1,53,296,3,MECH,1
9.42,2,4,2,1,12,60,15,5,MECH,1
5.72,0,4,6,1,80,49,282,4,CSE,1
5.62,3,8,1,3,88,23,327,7,IT,1
8.12,3,9,0,1,66,76,327,6,ECE,1
9.64,1,8,3,3,60,42,379,7,CSE,1
5.63,5,0,1,0,98,59,483,8,CSE,1
7.58,1,8,5,1,78,38,120,4,MECH,1
6.47,3,5,3,1,31,79,420,2,ECE,1
8.68,5,3,4,0,49,16,178,5,CSE,1
8.83,2,6,7,2,89,23,76,3,ECE,1
7.34,5,2,0,1,23,63,122,1,IT,1
8.35,1,9,2,3,80,15,298,7,CIVIL,1
8.19,6,10,1,2,35,91,350,6,IT,1
5.56,0,0,3,2,100,86,459,1,CSE,1
5.89,0,5,2,2,5,100,289,7,IT,1
9.27,5,1,0,3,96,52,201,1,CSE,1
7.32,6,3,5,1,71,24,105,4,CIVIL,1
5.54,2,4,4,3,59,65,371,7,CSE,1
6.67,1,9,3,0,93,40,64,2,ECE,1
9.48,1,2,7,0,42,3,214,6,IT,1
6.06,5,5,8,2,43,65,255,5,CSE,1
8.77,4,7,0,0,44,16,463,5,MECH,1
6.82,2,1,6,2,43,4,274,4,CSE,1
5.63,6,0,3,3,64,65,167,5,ECE,1
5.84,0,5,8,1,6,83,119,3,IT,1
5.61,6,3,6,1,14,65,196,4,CIVIL,1
7.04,3,0,8,3,56,91,288,8,MECH,1
5.71,0,4,6,1,62,41,414,2,ECE,1
7.25,4,5,8,1,20,3,10,5,MECH,1
8.36,5,10,2,2,24,72,305,5,CSE,1
9.65,4,4,8,3,49,22,454,5,MECH,1
8.39,4,5,1,3,18,50,114,6,MECH,1
8.86,5,6,8,3,46,61,436,5,IT,1
9.56,2,0,3,2,30,50,356,5,CSE,1
5.98,2,1,7,0,84,89,252,4,IT,1
8.73,5,6,3,1,25,88,278,4,ECE,1
6.07,4,10,3,0,19,65,61,2,MECH,1
9.96,1,9,2,2,89,87,299,4,MECH,1
6.48,2,4,1,1,83,75,443,3,CIVIL,1
6.17,0,5,4,3,100,18,433,6,MECH,1
8.62,1,4,4,2,69,25,256,6,MECH,1
8.57,1,3,7,3,5,22,284,4,IT,1
6.0,0,10,0,1,56,58,319,5,IT,1
8.11,2,4,5,3,46,68,274,6,CIVIL,1
8.76,6,5,4,3,87,14,60,6,CSE,1
8.81,0,4,4,2,17,51,50,6,ECE,1
6.15,4,1,1,3,36,22,305,2,MECH,1
6.35,0,1,1,3,36,10,268,1,IT,1
7.26,2,0,5,0,48,9,388,7,IT,1
9.8,0,2,2,3,35,11,0,8,CSE,1
9.79,6,8,1,3,48,46,137,6,ECE,1
9.28,0,2,8,3,21,60,486,4,CIVIL,1
9.67,4,6,3,1,55,30,249,5,ECE,1
6.92,6,8,0,1,9,35,102,4,CSE,1
8.42,5,3,1,3,70,44,55,6,MECH,1
6.71,3,4,2,3,29,80,493,7,CIVIL,1
8.64,3,0,6,2,76,45,436,1,MECH,1
6.93,2,3,3,2,44,63,108,7,IT,1
8.88,4,3,7,1,47,44,384,2,MECH,1
5.58,4,3,8,0,92,87,432,5,MECH,1
5.96,6,1,3,1,1,51,88,3,CIVIL,1
6.3,1,0,8,0,22,35,49,6,ECE,1
5.84,2,5,5,1,29,81,46,6,CSE,1
7.0,6,4,4,1,27,50,134,8,CIVIL,1
5.94,6,4,5,3,50,34,324,3,CIVIL,1
5.96,1,7,5,3,61,13,356,7,IT,1
8.91,6,1,3,2,78,82,179,5,CSE,1
6.8,0,10,4,2,57,10,12,6,MECH,1
8.86,6,3,2,1,71,73,221,4,MECH,1
5.9,4,9,5,2,15,65,20,7,ECE,1
8.18,2,8,8,2,85,11,459,4,CSE,1
7.23,6,10,3,0,20,54,141,2,CSE,1
6.81,2,6,0,0,27,28,70,1,ECE,1
7.66,5,8,1,0,66,66,115,6,CSE,1
8.98,2,8,8,0,61,34,460,6,IT,1
7.26,0,1,1,1,6,49,324,4,CSE,1
6.39,5,1,0,2,46,30,480,6,MECH,1
6.32,3,4,8,2,29,97,375,7,IT,1
9.8,2,1,4,1,30,26,463,3,CIVIL,1
6.47,4,7,8,0,40,26,339,6,ECE,1
8.34,2,5,8,2,84,57,72,3,IT,1
8.85,4,6,4,0,28,17,436,5,ECE,1
6.78,0,7,6,2,55,68,27,1,CSE,1
7.02,2,4,1,2,14,48,77,8,CIVIL,1
9.4,0,1,7,3,14,66,269,8,CSE,1
7.53,4,1,4,0,59,63,119,4,MECH,1
7.77,4,4,3,1,74,39,356,5,MECH,1
7.18,1,4,8,2,22,20,434,1,ECE,1
7.08,4,6,0,1,56,13,86,3,CSE,1
7.4,0,3,2,2,69,31,8,1,ECE,1
6.92,5,5,5,3,62,84,450,8,CSE,1
6.92,4,9,3,3,38,25,108,2,ECE,1
6.77,0,6,3,0,58,11,455,1,ECE,1
9.56,6,5,4,1,22,56,465,5,IT,1
7.0,0,3,2,3,33,19,416,1,CSE,1
9.11,1,3,4,2,28,48,214,6,MECH,1
7.16,6,9,8,1,23,69,479,1,MECH,1
9.94,4,3,8,1,32,67,363,6,IT,1
9.06,5,3,0,3,69,62,480,1,IT,1
8.09,4,7,5,2,63,10,84,1,ECE,1
6.81,4,2,4,3,86,7,139,3,CIVIL,1
5.73,3,7,1,2,10,83,116,3,CSE,1
5.92,0,3,8,3,87,86,31,7,ECE,1
8.79,3,0,5,3,8,47,380,8,CSE,1
9.69,4,3,6,1,26,1,327,5,ECE,1
7.45,6,9,4,3,91,83,14,8,CIVIL,1
5.58,2,6,5,3,29,51,72,2,IT,1
5.55,3,10,0,2,58,55,206,4,MECH,1
6.42,0,8,7,3,64,14,85,2,ECE,1
9.14,5,7,2,1,90,40,30,6,CIVIL,1
8.57,1,6,6,1,21,18,308,7,MECH,1
5.62,1,8,5,0,58,70,268,1,ECE,1
6.97,4,10,7,3,89,77,200,2,ECE,1
5.55,4,8,1,3,61,79,333,6,CIVIL,1
8.27,6,4,4,1,73,78,210,7,CSE,1
8.39,4,5,0,0,13,31,67,7,CSE,1
6.71,3,2,8,2,90,61,214,1,CIVIL,1
9.54,4,1,2,3,79,63,441,7,CIVIL,1
6.29,1,8,4,3,89,67,68,4,ECE,1
9.96,4,8,6,0,83,57,445,7,IT,1
7.74,4,2,0,1,38,76,343,2,MECH,1
8.41,6,2,8,2,66,42,390,4,IT,1
9.63,6,0,3,3,10,99,295,4,CIVIL,1
8.03,4,10,0,1,31,1,95,4,MECH,1
6.47,4,7,6,3,100,37,53,2,CIVIL,1
6.32,0,7,7,2,49,52,68,3,CSE,1
6.14,4,7,4,2,17,7,142,5,CSE,1
7.38,2,8,8,1,29,90,385,1,MECH,1
9.99,2,8,8,0,25,98,248,8,IT,1
6.87,1,3,8,0,65,4,12,4,MECH,1
8.42,5,6,0,0,95,38,191,5,CSE,1
9.29,5,5,3,2,52,43,1,3,CIVIL,1
6.54,0,9,4,1,90,10,182,4,IT,1
5.85,5,3,4,3,23,84,45,7,ECE,1
5.81,6,3,7,3,85,94,365,7,MECH,1
6.98,0,5,6,1,94,18,15,7,MECH,1
6.48,4,3,7,0,11,85,461,5,MECH,1
7.66,0,3,3,0,27,39,260,3,MECH,1
7.03,6,4,3,2,75,34,55,7,IT,1
7.29,5,10,0,0,81,22,42,2,CIVIL,1
7.35,1,8,1,2,3,15,424,8,CIVIL,1
8.06,4,2,6,3,95,78,170,6,ECE,1
7.02,0,5,7,0,46,74,480,8,MECH,1
6.91,6,10,6,0,76,4,430,8,IT,1
8.89,6,7,1,0,80,99,231,6,CSE,1
7.85,0,9,6,0,0,21,181,4,MECH,1
6.34,4,8,8,3,2,57,280,5,ECE,1
7.22,4,0,0,1,59,95,69,2,ECE,1
7.97,2,5,7,1,47,68,64,5,IT,1
7.6,2,2,1,1,52,11,76,4,CIVIL,1
7.28,4,2,8,0,88,23,241,1,CIVIL,1
5.68,3,0,1,1,89,12,94,5,CIVIL,1
6.08,4,6,8,0,5,31,246,3,CSE,1
6.17,3,2,5,3,2,41,76,4,IT,1
6.77,3,0,8,3,70,58,197,4,CIVIL,1
9.68,5,6,0,2,7,60,485,2,IT,1
7.2,2,3,6,3,76,30,114,7,CSE,1
7.26,3,8,0,2,53,46,366,5,ECE,1
7.19,6,5,2,1,77,86,235,2,ECE,1
8.86,3,4,3,3,76,2,343,4,MECH,1
5.63,0,8,5,1,35,50,401,8,MECH,1
6.92,2,8,4,2,70,17,233,1,CSE,1
7.4,3,9,3,3,15,47,240,1,MECH,1
7.11,4,3,4,0,32,60,406,2,CSE,1
8.42,5,10,5,2,83,22,253,8,CSE,1
8.31,1,1,6,3,6,44,83,3,CSE,1
6.73,4,0,4,3,0,56,175,7,CIVIL,1
9.6,0,8,8,1,64,47,129,4,CSE,1
8.56,6,5,1,1,95,49,24,6,CIVIL,1
5.88,2,1,6,1,56,30,265,6,IT,1
6.95,3,10,4,2,27,76,32,5,CSE,1
9.29,5,8,4,0,63,97,273,4,CSE,1
6.02,4,5,2,0,25,43,182,8,CIVIL,0
6.19,0,10,2,3,37,51,344,8,MECH,1
7.89,1,10,7,2,5,47,161,5,CIVIL,1
9.64,6,3,2,3,50,70,493,8,CIVIL,1
9.38,0,1,0,2,16,3,211,6,IT,1
9.11,6,8,4,0,83,53,122,4,IT,1
6.78,0,4,7,0,37,73,422,8,IT,1
7.96,2,1,4,2,60,23,217,7,MECH,1
7.07,4,9,5,2,17,51,67,1,ECE,1
6.92,5,7,0,1,90,81,465,6,IT,1
9.33,0,5,5,0,51,38,87,4,CSE,1
9.03,4,8,4,1,70,34,149,8,CSE,1
5.56,4,3,0,1,89,46,397,1,CSE,1
9.83,6,6,4,1,92,77,17,1,IT,1
6.56,5,1,3,2,76,66,92,3,MECH,1
7.53,6,0,5,0,43,60,142,1,ECE,1
6.07,6,2,1,1,9,21,21,4,ECE,1
7.66,2,4,4,2,45,94,395,6,IT,1
9.43,2,10,3,0,28,93,166,8,CSE,1
5.61,1,4,7,3,15,10,9,6,MECH,1
8.93,2,5,3,0,78,94,400,6,ECE,1
9.84,0,10,2,0,26,77,48,4,CIVIL,1
6.25,3,7,0,3,93,79,217,5,MECH,1
9.46,0,3,1,1,52,66,179,6,IT,1
8.19,4,2,0,2,77,53,63,7,CIVIL,1
8.9,4,4,8,1,74,94,252,6,CSE,1
6.55,1,5,7,3,28,65,472,1,MECH,1
9.69,3,10,4,1,91,37,265,3,CIVIL,1
7.61,6,0,5,3,59,37,172,3,IT,1
7.54,1,9,5,0,94,99,330,2,ECE,1
7.19,0,9,7,3,3,4,297,6,ECE,1
5.88,3,9,7,0,12,59,257,7,CSE,1
7.39,2,9,1,0,14,86,137,5,MECH,1
6.55,3,7,1,2,54,6,387,3,CIVIL,1
6.56,5,3,1,0,6,48,343,6,ECE,1
6.94,4,9,8,1,84,79,280,2,MECH,1
6.53,0,0,4,3,80,35,427,8,CIVIL,1
8.68,2,5,0,1,46,14,293,3,IT,1
7.36,2,10,8,3,7,71,415,1,ECE,1
7.43,6,3,8,1,63,51,91,6,MECH,1
5.86,4,0,0,3,66,22,337,2,IT,1
6.87,2,7,4,1,67,52,123,2,CSE,1
9.51,5,7,3,2,43,40,267,6,ECE,1
8.26,4,9,5,2,96,61,23,4,MECH,1
9.91,2,2,7,0,63,36,318,3,CSE,1
7.66,1,10,6,2,48,48,156,8,CSE,1
9.27,1,6,5,2,19,16,470,5,CSE,1
8.94,2,9,2,2,47,11,316,2,CIVIL,1
9.26,3,3,0,3,97,55,104,8,CSE,1
6.1,6,10,5,0,53,8,348,2,CSE,1
6.79,0,2,3,0,63,69,239,7,MECH,1
8.5,4,10,3,3,61,83,346,3,MECH,1
7.05,5,3,3,2,85,37,387,5,ECE,1
8.12,1,3,1,1,92,68,272,3,MECH,1
6.61,0,8,4,0,72,65,290,5,ECE,1
9.88,0,8,8,1,83,91,148,1,ECE,1
9.47,0,10,1,1,12,90,499,8,ECE,1
7.78,0,3,5,2,9,13,264,6,ECE,1
7.79,3,1,6,3,20,42,61,3,IT,1
6.28,2,5,2,3,74,37,191,3,CSE,1
9.24,0,0,4,0,35,9,491,6,CIVIL,1
9.17,3,5,6,2,88,28,250,2,CIVIL,1
7.32,2,5,5,3,77,32,362,7,MECH,1
8.45,6,7,2,3,46,5,11,6,MECH,1
8.74,6,8,8,0,63,38,142,5,ECE,1
9.38,5,7,3,3,71,56,389,8,CSE,1
8.05,3,0,2,0,63,84,231,8,CIVIL,1
7.2,1,6,5,1,81,45,332,3,CIVIL,1
7.67,6,3,2,2,44,22,222,3,IT,1
8.02,6,10,3,0,97,73,414,8,ECE,1
6.78,0,0,3,3,8,21,339,4,CIVIL,1
5.88,4,2,5,3,65,92,206,6,CSE,1
7.46,6,8,7,2,77,78,242,6,ECE,1
7.55,4,4,5,0,62,2,91,5,CIVIL,1
8.86,2,0,7,3,95,78,300,7,CIVIL,1
8.33,1,4,0,2,64,30,33,3,IT,1
9.03,0,7,6,2,70,72,217,2,CIVIL,1
9.52,4,0,7,0,71,18,350,2,IT,1
8.26,6,8,5,3,0,44,207,8,IT,1
9.22,6,8,6,0,65,56,338,5,MECH,1
7.53,6,9,2,3,36,41,435,2,CSE,1
7.39,6,6,1,2,18,69,225,5,MECH,1
8.73,2,7,6,2,8,7,202,4,CIVIL,1
9.03,2,8,1,1,50,81,255,4,IT,1
5.57,3,2,7,3,83,65,460,5,CIVIL,1
7.92,6,6,6,1,100,45,268,8,IT,1
9.31,5,0,0,0,72,23,474,1,CSE,1
6.09,0,3,2,1,9,80,96,4,ECE,1
6.25,1,7,5,2,95,91,401,1,ECE,1
8.75,4,9,0,0,27,42,241,7,MECH,1
9.77,2,10,6,3,30,31,329,8,IT,1
9.65,2,0,4,1,6,7,89,1,IT,1
5.6,0,7,0,1,90,85,177,4,MECH,1
7.78,1,7,8,1,66,72,390,2,CIVIL,1
8.49,3,1,7,3,30,52,402,3,CIVIL,1
7.58,2,10,4,1,39,29,334,2,ECE,1
8.94,4,10,6,0,35,36,71,2,IT,1
9.74,4,4,3,2,95,12,45,6,CIVIL,1
7.16,1,6,0,3,39,11,180,1,MECH,1
8.76,0,9,3,3,81,96,120,8,ECE,1
8.21,0,7,6,0,67,67,465,3,IT,1
5.62,2,8,8,2,20,61,170,2,IT,1
9.35,6,4,4,0,63,45,269,1,ECE,1
8.71,0,4,5,0,46,31,251,6,MECH,0
6.66,6,9,4,0,26,67,286,1,IT,1
5.77,5,10,7,1,43,25,495,1,CSE,1
8.73,0,7,0,1,50,41,3,7,ECE,1
8.44,5,6,2,1,61,86,98,1,ECE,1
7.83,1,6,1,2,22,11,478,8,ECE,1
8.61,3,8,8,2,3,68,72,2,MECH,1
5.72,2,5,0,2,25,8,388,2,ECE,1
6.83,0,0,5,1,70,31,478,6,IT,1
6.55,6,0,8,1,18,67,168,3,IT,1
8.51,4,1,0,1,61,36,364,5,CSE,1
7.83,6,2,5,1,42,81,273,3,MECH,1
9.93,2,4,0,3,57,20,313,2,MECH,1
8.5,0,5,4,1,20,33,226,3,CSE,1
8.99,6,10,0,1,74,43,477,2,CIVIL,1
9.96,1,4,1,2,62,18,418,8,CIVIL,1
5.84,3,5,5,0,90,7,115,8,CIVIL,1
9.71,5,2,1,3,94,67,186,1,IT,1
8.47,6,10,0,0,69,64,50,5,ECE,1
9.56,5,5,6,0,53,82,426,7,CIVIL,1
8.22,5,0,6,1,91,22,463,2,ECE,1
9.48,1,7,0,0,66,78,11,8,MECH,1
9.39,4,9,8,3,58,27,324,6,ECE,1
8.34,5,5,6,1,64,64,163,1,CIVIL,1
9.05,3,4,4,2,68,13,456,2,ECE,1
9.03,6,6,0,3,85,87,430,4,CIVIL,1
7.5,5,7,6,1,83,24,18,5,MECH,1
6.46,1,9,8,1,100,76,14,4,CIVIL,1
8.41,6,10,4,3,65,27,492,7,IT,1
8.85,1,9,8,1,41,89,96,2,CSE,1
8.39,2,0,5,2,16,30,309,5,CSE,1
9.99,1,2,8,3,36,2,68,3,CIVIL,1
7.74,4,7,1,2,37,47,243,6,ECE,1
5.95,4,1,3,1,89,79,434,3,MECH,1
7.4,1,5,3,2,57,89,10,1,MECH,1
8.24,4,3,5,1,24,87,318,4,CSE,1
6.61,3,8,1,2,73,2,482,2,ECE,1
6.8,2,0,3,3,61,9,265,2,CSE,1
9.78,1,4,3,1,16,82,119,3,ECE,1
7.93,1,4,6,2,51,68,487,7,MECH,1
7.78,0,3,8,2,88,6,303,1,ECE,1
9.24,1,5,7,0,7,84,128,8,CSE,1
7.75,4,2,5,1,28,34,463,3,CSE,1
7.58,5,5,6,2,36,3,366,5,MECH,1
6.6,2,5,7,2,90,84,87,7,ECE,1
8.79,5,9,5,3,68,49,85,8,IT,1
8.04,0,6,8,3,39,89,21,2,CSE,1
7.19,0,8,1,2,41,98,188,4,ECE,1
7.89,3,5,0,2,54,81,392,8,MECH,1
9.94,1,5,5,1,98,63,368,5,CIVIL,1
8.46,3,8,1,0,87,54,173,8,IT,1
6.46,2,1,4,2,75,51,262,2,CIVIL,1
8.39,4,5,1,2,0,69,27,3,IT,1
7.43,0,5,4,2,29,34,289,1,CSE,1
8.64,2,5,5,1,80,23,481,1,IT,1
6.71,5,0,5,3,69,81,135,3,CSE,1
8.87,0,5,8,0,39,56,58,2,CSE,1
7.11,1,0,8,3,59,59,117,8,CSE,1
9.79,3,3,8,3,3,48,23,6,IT,1
8.36,0,9,1,2,55,68,132,2,IT,1
5.63,0,2,2,3,30,9,208,3,CSE,1
6.53,1,5,6,3,47,67,25,8,CIVIL,1
7.03,2,9,5,2,69,100,198,2,MECH,1
7.77,3,0,8,1,71,94,286,7,IT,1
5.95,3,10,2,1,38,87,303,6,ECE,1
9.58,2,3,8,1,89,50,313,6,IT,1
5.96,2,2,3,1,13,60,127,8,ECE,1
9.73,6,2,1,0,10,68,480,2,MECH,1
5.62,3,0,6,0,90,66,108,3,IT,1
8.14,6,3,6,2,75,39,487,2,ECE,1
8.38,5,0,3,3,6,44,426,8,ECE,1
8.61,3,10,2,0,29,67,392,1,CIVIL,1
8.94,6,1,2,1,41,93,447,6,CIVIL,1
7.81,2,1,6,3,36,14,50,8,IT,1
5.79,0,10,2,2,89,71,77,1,CIVIL,1
8.69,0,4,5,0,95,61,478,2,IT,1
7.81,0,7,3,2,19,15,266,2,MECH,0
9.18,4,2,4,0,88,75,443,8,MECH,1
8.6,2,0,3,3,92,71,128,8,IT,1
6.87,2,10,8,0,37,18,442,5,CSE,1
9.47,1,10,8,0,43,24,120,1,ECE,1
9.07,0,1,8,0,95,22,63,4,ECE,1
5.62,1,2,7,3,35,13,283,2,MECH,1
6.46,1,6,8,1,86,28,242,1,ECE,1
9.27,1,4,6,3,49,0,394,7,CSE,1
6.05,4,7,1,1,4,72,307,4,CIVIL,1
5.99,1,1,1,1,59,35,174,2,CIVIL,1
8.29,1,9,3,3,55,84,122,5,CIVIL,1
6.27,0,1,6,3,22,21,317,4,IT,1
9.15,0,5,4,0,46,19,178,1,ECE,1
7.68,5,10,0,0,47,2,163,7,MECH,1
6.25,3,0,3,3,82,11,470,6,ECE,1
5.9,4,6,8,3,14,97,363,1,MECH,1
8.72,6,8,6,3,63,18,165,5,MECH,1
6.64,6,10,0,0,60,25,242,6,CSE,0
6.0,5,0,2,0,49,63,351,5,MECH,1
6.73,2,4,0,0,62,5,360,2,ECE,1
7.24,0,6,5,2,41,15,454,2,CIVIL,1
6.97,1,7,2,2,76,90,462,5,MECH,1
9.4,1,1,7,3,58,10,17,1,MECH,1
9.5,1,4,4,3,22,88,130,8,IT,1
8.41,5,10,5,0,73,68,29,6,IT,1
8.19,0,10,0,1,89,14,122,3,MECH,1
7.23,1,0,7,3,94,2,20,8,CSE,1
9.95,3,8,7,0,41,89,90,7,ECE,1
9.43,0,4,4,0,97,78,414,3,MECH,1
8.11,4,5,2,3,87,2,123,6,CIVIL,1
8.3,0,5,5,2,54,98,400,4,MECH,1
6.67,3,5,0,3,70,11,462,2,CSE,1
7.5,6,10,0,1,12,65,182,2,IT,1
6.84,3,9,5,1,17,36,283,2,MECH,1
7.72,0,6,2,2,67,57,328,3,IT,1
8.19,3,1,8,0,63,55,493,4,CSE,1
6.68,3,4,4,3,1,80,63,5,IT,0
5.96,3,4,0,2,74,34,277,6,IT,1
6.53,6,4,0,0,13,21,193,2,CIVIL,1
5.99,5,6,6,0,2,64,180,6,CSE,1
7.46,4,7,3,3,72,59,19,5,CIVIL,1
8.63,3,2,5,1,93,50,91,5,CSE,1
6.77,3,7,7,2,5,4,70,4,CIVIL,1
8.93,0,3,2,3,85,22,26,8,ECE,0
9.39,2,9,7,1,32,66,191,8,ECE,1
7.25,1,1,3,2,74,75,75,7,IT,1
6.47,5,5,3,2,7,56,29,6,CSE,1
5.91,4,2,1,2,44,80,146,8,CSE,1
8.93,4,1,6,1,62,100,439,7,CIVIL,1
7.67,0,3,4,0,32,27,213,1,IT,1
7.51,1,1,7,1,14,55,182,3,IT,1
7.61,4,8,1,3,86,5,322,6,IT,1
6.52,2,3,6,3,75,87,87,5,ECE,1
6.79,0,9,4,3,99,15,177,4,ECE,1
7.35,0,7,0,0,3,85,271,5,CSE,1
8.06,4,7,7,2,69,65,13,5,CIVIL,1
6.9,5,8,3,0,71,28,145,8,IT,1
7.12,5,7,6,2,95,63,365,6,MECH,1
8.04,2,9,0,0,93,70,483,1,CSE,1
8.93,1,3,5,2,7,46,322,5,CSE,1
7.29,5,4,6,1,95,69,360,7,CSE,1
9.47,6,9,6,1,41,63,25,4,CSE,1
9.26,6,9,1,0,89,63,358,4,IT,1
5.98,1,5,3,3,25,39,118,1,CIVIL,1
9.77,0,5,2,1,11,93,89,4,ECE,1
6.65,5,6,6,3,1,10,99,7,CSE,1
7.26,0,8,4,2,41,96,137,6,CIVIL,1
7.53,2,10,1,1,85,26,210,6,IT,1
8.96,0,5,1,3,35,56,9,2,CIVIL,1
7.85,1,3,8,2,70,30,275,6,CIVIL,1
8.18,5,10,2,2,2,70,180,6,ECE,1
7.98,0,0,6,3,93,76,443,7,ECE,1
9.65,5,9,1,3,74,79,20,1,CIVIL,1
6.83,0,4,1,0,70,11,433,2,MECH,1
7.11,0,0,3,0,65,49,306,2,IT,1
9.05,4,1,3,3,81,69,20,6,CIVIL,1
7.55,2,6,5,0,76,2,21,8,MECH,1
8.81,2,2,2,2,71,73,202,8,ECE,1
7.53,1,6,7,3,55,37,480,8,MECH,1
8.38,4,5,2,3,33,47,94,8,ECE,1
7.72,0,4,0,0,10,99,72,5,ECE,1
7.22,1,8,3,1,82,49,42,7,CIVIL,1
6.46,3,1,6,3,88,62,308,4,CIVIL,1
9.59,6,10,3,1,17,37,50,3,ECE,1
6.8,1,1,7,1,8,56,396,3,ECE,1
8.53,1,4,3,1,12,66,274,2,MECH,1
8.89,0,9,5,2,56,65,224,6,IT,1
9.41,5,3,7,3,47,60,353,5,MECH,1
7.38,2,6,3,1,11,51,484,2,IT,1
9.22,2,1,1,3,85,45,44,2,CIVIL,1
8.43,4,9,8,0,2,94,256,3,MECH,1
6.98,5,10,3,1,55,3,124,1,ECE,1
7.62,5,1,7,1,85,9,434,3,ECE,1
6.56,4,9,3,3,13,94,57,4,MECH,1
9.19,5,1,6,0,0,77,35,7,ECE,1
9.01,4,6,5,3,81,40,120,5,CSE,1
9.17,1,9,1,2,45,8,284,3,MECH,1
8.53,1,1,0,1,100,30,422,4,CSE,1
8.48,2,9,6,2,32,8,330,6,CIVIL,1
6.61,6,8,2,1,47,36,30,6,CSE,1
7.11,1,6,0,3,72,72,475,1,IT,1
7.02,3,5,4,2,99,92,380,4,ECE,1
7.58,4,9,7,3,44,51,213,2,CIVIL,1
8.35,4,6,2,3,65,90,84,7,IT,1
6.01,6,3,5,2,32,87,45,6,MECH,1
9.2,4,10,6,2,34,74,161,6,CIVIL,1
7.01,1,4,8,1,1,11,123,7,ECE,1
9.4,3,4,7,1,80,71,92,4,CSE,1
7.8,3,4,1,1,80,63,104,8,CIVIL,1
9.63,3,0,6,3,57,91,305,4,ECE,1
9.57,0,9,0,3,92,76,317,1,ECE,1
8.17,0,7,8,2,45,100,297,8,CSE,1
9.78,6,2,2,3,8,16,475,7,CSE,1
6.64,0,6,0,0,21,26,39,1,IT,1
7.61,0,6,5,0,76,32,58,6,IT,1
8.95,4,7,2,2,44,84,239,6,MECH,1
6.19,2,10,7,0,34,95,40,6,ECE,1
7.82,5,10,7,1,80,19,395,2,ECE,1
7.56,5,4,0,1,9,29,228,1,CIVIL,1
8.57,4,9,6,3,3,81,443,1,CIVIL,1
9.84,1,6,1,3,6,28,496,8,CIVIL,1
7.09,4,6,5,2,65,58,68,7,CSE,1
8.96,1,3,6,3,19,31,432,7,CSE,1
9.84,0,10,4,1,47,96,115,6,IT,1
6.36,2,10,7,1,71,92,300,3,ECE,1
8.47,5,3,8,0,1,95,195,7,CSE,1
6.97,4,7,3,0,67,95,464,2,ECE,1
7.96,1,4,7,3,19,8,78,8,CSE,1
8.45,6,1,0,3,32,29,139,7,CIVIL,1
9.84,3,2,1,3,54,75,131,5,CSE,1
9.84,1,9,5,0,31,55,247,5,ECE,1
7.44,2,7,2,2,77,97,125,2,IT,1
6.58,6,5,4,3,20,18,367,6,ECE,1
6.0,5,5,7,0,68,72,405,7,MECH,1
6.4,4,1,1,3,44,70,482,4,ECE,1
8.45,6,5,2,0,21,53,302,8,CSE,1
8.97,2,2,7,0,55,29,15,6,MECH,1
9.43,3,9,4,0,15,55,240,5,CIVIL,1
6.2,5,10,1,1,74,26,233,3,ECE,1
8.49,1,9,4,2,65,54,101,5,CSE,1
6.32,5,2,8,2,82,59,494,5,MECH,1
6.4,5,7,4,2,27,20,195,3,CIVIL,1
8.04,1,6,4,3,64,48,456,1,ECE,1
9.46,1,10,6,1,72,8,243,3,CSE,1
7.09,5,10,4,0,5,52,70,3,CSE,1
7.07,4,6,6,3,79,92,180,6,CSE,1
6.09,0,2,0,3,79,3,167,5,ECE,1
8.53,0,8,6,3,26,72,54,7,ECE,1
9.71,2,6,5,1,80,29,199,3,IT,1
6.37,6,8,5,2,2,3,499,7,CIVIL,1
8.27,2,5,4,3,33,40,167,6,CSE,1
9.82,4,5,8,3,84,35,475,1,MECH,1
5.68,4,5,0,3,59,69,46,2,MECH,1
8.07,3,8,0,2,12,68,75,4,IT,1
8.96,5,0,3,0,14,3,202,1,ECE,1
7.06,1,2,3,0,22,49,499,7,IT,1
6.04,3,8,5,1,5,71,488,8,ECE,1
9.97,3,8,1,0,10,22,157,7,MECH,1
6.64,1,7,0,1,14,98,490,1,CIVIL,1
7.01,4,9,8,3,0,84,317,6,MECH,1
6.87,5,2,8,3,50,79,303,5,ECE,1
8.7,6,1,7,3,58,34,475,8,IT,1
9.49,4,10,6,0,27,54,397,4,CIVIL,1
9.1,4,10,0,0,31,81,171,1,IT,1
6.82,1,9,7,0,7,55,200,8,CIVIL,1
6.96,6,3,3,1,32,30,135,6,IT,1
7.48,3,6,2,3,68,63,324,2,CSE,1
8.04,2,9,3,1,79,76,322,6,IT,1
6.15,5,8,1,3,92,35,212,1,CSE,1
9.39,4,2,6,2,17,34,458,4,ECE,1
8.71,5,6,8,1,34,56,27,4,CIVIL,1
8.9,3,6,5,1,58,71,33,2,ECE,1
6.9,1,9,8,0,81,92,295,1,MECH,1
8.65,0,2,5,0,21,71,260,6,CIVIL,1
8.6,3,1,7,3,24,23,496,6,IT,1
6.06,0,7,6,1,78,11,31,4,ECE,1
7.83,3,2,1,1,77,88,191,8,MECH,1
5.69,6,6,0,2,62,9,45,6,CIVIL,1
9.53,2,10,2,2,82,88,452,4,CIVIL,1
9.95,5,1,3,2,82,14,172,7,MECH,1
7.17,2,6,0,3,84,79,36,7,IT,1
9.87,4,0,6,1,49,10,374,8,MECH,1
9.39,2,1,4,1,100,65,337,6,IT,1
7.97,4,1,3,1,45,10,299,6,CSE,1
8.64,6,6,8,3,29,14,313,6,ECE,1
8.01,5,2,8,0,33,68,6,1,CSE,1
9.4,3,4,5,1,99,42,155,1,ECE,1
8.32,0,1,3,1,86,44,82,4,MECH,1
5.53,6,10,2,3,62,34,327,8,ECE,1
6.93,6,8,0,0,37,17,282,5,ECE,1
7.42,5,0,8,0,99,76,437,8,CIVIL,1
7.01,1,3,5,3,42,85,169,4,CSE,1
5.99,6,2,3,1,19,20,159,8,MECH,1
9.56,1,0,8,2,2,62,217,6,ECE,1
5.83,5,9,4,2,47,74,309,7,ECE,1
7.61,4,0,5,3,71,66,339,1,MECH,1
9.55,2,2,2,3,9,79,394,3,CSE,1
6.32,0,10,7,2,82,70,35,4,CSE,1
8.52,0,4,7,2,66,15,266,1,MECH,1
9.84,2,6,2,1,14,23,487,5,IT,1
6.19,0,8,7,1,14,77,364,5,MECH,1
7.8,1,4,7,3,7,66,347,8,ECE,1
8.18,0,2,3,2,75,48,81,6,IT,1
8.87,3,4,0,2,100,74,128,4,ECE,1
7.81,5,7,4,2,85,84,165,7,ECE,1
7.57,5,1,8,1,71,17,208,6,ECE,1
8.22,4,10,6,3,6,17,352,6,CIVIL,1
8.18,4,0,0,3,21,17,416,7,IT,1
6.54,5,2,0,0,25,97,144,3,IT,1
8.39,0,4,6,2,33,40,222,6,MECH,1
9.3,5,2,1,3,45,66,413,7,CSE,1
7.78,0,10,7,2,17,46,485,5,CIVIL,1
8.94,2,3,2,2,5,16,20,3,MECH,1
7.47,6,9,0,3,74,71,315,1,MECH,1
6.73,0,3,5,2,92,44,288,5,CSE,1
6.71,0,4,2,1,76,75,116,2,IT,1
9.73,2,3,7,1,80,12,310,3,MECH,1
6.09,5,5,0,0,50,75,276,7,CSE,1
8.02,1,0,1,1,27,70,487,3,ECE,1
5.97,2,5,4,3,4,42,312,4,CSE,1
8.44,4,7,4,0,9,21,141,5,CIVIL,1
6.17,2,4,1,2,8,8,496,3,ECE,1
7.95,4,4,5,2,77,31,470,5,MECH,1
7.09,0,1,7,2,72,37,399,4,CSE,1
7.22,6,6,4,3,71,39,199,4,IT,1
8.74,0,3,6,3,75,49,34,5,CIVIL,1
6.54,4,1,7,3,98,22,2,2,CSE,1
8.88,0,5,4,2,48,44,13,8,IT,1
6.48,1,1,2,0,45,95,249,3,CIVIL,1
8.47,0,9,8,1,37,61,187,4,CSE,1
7.8,1,2,4,2,27,55,321,5,IT,1
9.31,3,6,3,0,33,38,14,1,ECE,1
9.7,5,0,3,0,14,43,149,8,CSE,1
8.14,1,3,0,0,94,54,396,8,CSE,1
9.64,5,8,5,2,33,79,465,1,CIVIL,1
8.31,6,5,3,3,18,39,440,3,MECH,1
8.47,3,9,1,1,42,87,168,8,IT,1
6.45,6,0,1,1,3,35,266,7,CIVIL,1
8.71,5,8,1,1,89,53,114,7,IT,1
5.66,0,4,6,2,100,66,347,3,CSE,1
7.98,6,6,6,2,26,55,410,2,CIVIL,1
7.15,3,3,6,2,24,2,445,3,ECE,1
6.52,1,6,5,0,73,55,484,1,MECH,1
8.96,2,10,3,2,35,1,74,6,ECE,1
9.49,5,5,0,0,56,90,171,7,CSE,1
6.25,4,9,5,2,19,3,272,1,IT,1
5.74,0,8,7,0,76,19,313,6,CIVIL,1
8.31,1,1,1,2,0,36,97,8,CSE,1
5.67,5,8,8,2,65,96,252,1,ECE,1
7.5,4,7,1,1,54,48,475,2,ECE,1
6.86,3,3,1,0,72,7,390,3,IT,1
8.33,1,4,3,1,85,26,222,5,CSE,1
7.21,0,2,2,0,17,90,488,4,IT,1
7.41,3,4,4,3,73,26,124,8,IT,1
8.97,1,6,2,0,59,43,155,7,CSE,1
8.71,3,9,2,3,35,95,493,3,CSE,1
8.82,4,8,4,1,9,45,32,5,CIVIL,1
6.16,5,0,2,0,32,0,221,4,ECE,1
6.47,3,10,0,3,4,79,464,5,IT,1
7.81,0,0,0,1,19,57,413,8,CIVIL,1
8.28,2,4,8,3,37,24,116,2,ECE,1
9.17,0,4,7,1,27,91,216,5,CSE,1
6.28,3,2,6,3,40,88,369,4,CSE,1
6.36,0,6,8,2,43,53,398,2,ECE,1
8.72,0,1,2,0,2,33,443,4,MECH,1
9.52,5,5,2,0,84,62,298,7,ECE,1
8.31,0,1,2,2,19,90,227,8,MECH,1
6.97,5,5,4,2,44,0,268,4,CSE,1
9.15,2,3,2,2,36,26,59,8,ECE,1
6.61,1,5,4,3,21,15,443,2,CIVIL,1
9.02,2,5,6,1,14,55,162,3,MECH,1
5.59,5,5,2,1,60,40,203,4,CSE,1
9.52,3,9,8,2,89,59,418,4,CIVIL,1
5.58,0,4,4,2,1,100,453,3,MECH,1
5.85,2,3,5,1,89,57,491,1,ECE,1
9.39,1,1,1,3,92,26,251,6,MECH,1
6.89,1,8,4,2,61,24,168,8,IT,1
5.84,0,8,5,2,57,49,81,6,MECH,1
9.16,4,0,3,2,86,94,251,1,CSE,1
6.22,0,1,1,0,59,26,334,7,MECH,1
9.39,1,9,7,0,60,87,223,5,CIVIL,1
6.68,4,8,2,3,72,78,177,6,CSE,1
8.6,3,9,7,2,91,8,409,2,CSE,1
7.44,1,0,8,3,70,46,441,1,MECH,1
6.24,1,6,5,0,0,43,278,5,IT,1
6.44,6,8,1,3,80,32,146,7,MECH,1
8.33,3,10,5,3,21,94,240,5,CSE,1
6.42,6,7,3,3,90,34,305,5,CIVIL,1
7.09,4,2,4,2,31,29,351,6,ECE,1
9.0,4,3,8,0,32,6,103,1,CIVIL,1
8.69,3,9,3,1,98,0,356,2,ECE,1
8.99,6,7,4,0,34,92,137,5,IT,1
6.65,3,0,7,3,8,20,266,8,IT,1
8.07,5,4,7,3,10,16,327,8,CIVIL,1
8.79,1,8,3,1,67,86,329,7,MECH,1
5.55,3,2,8,2,9,61,326,6,ECE,1
9.76,3,6,2,0,24,39,90,8,CIVIL,1
5.96,5,0,5,3,91,37,195,7,IT,1
8.19,0,9,6,0,47,81,168,6,CIVIL,1
7.98,5,1,6,0,19,77,295,7,CSE,1
9.38,5,9,7,3,21,67,359,5,MECH,1
8.0,2,8,0,3,12,52,130,6,IT,1
8.99,5,8,1,1,44,10,323,6,CSE,1
6.18,1,7,5,1,57,5,204,1,IT,1
9.81,5,1,4,2,94,84,375,6,IT,1
6.44,5,3,5,3,61,31,430,7,ECE,1
8.13,2,3,0,0,84,42,428,2,IT,1
6.76,2,4,0,2,27,38,263,3,ECE,1
9.15,3,8,3,0,56,22,321,6,ECE,1
9.58,5,4,0,3,78,91,86,4,CIVIL,1
9.5,4,0,5,3,12,95,162,5,CSE,1
9.24,6,0,7,0,97,2,25,8,CIVIL,1
9.82,6,1,2,3,31,42,499,7,MECH,1
8.06,5,8,7,3,41,100,122,5,CIVIL,1
6.15,3,3,6,0,17,90,310,8,ECE,1
5.78,2,3,2,3,98,94,148,8,MECH,1
7.33,4,6,3,0,36,80,151,6,MECH,1
7.02,4,7,8,2,38,3,470,2,ECE,1
7.5,3,8,1,1,27,85,120,8,CIVIL,1
8.91,4,5,4,3,23,7,385,5,IT,1
5.64,0,1,1,2,56,43,128,5,CSE,1
6.96,4,8,0,1,35,8,382,6,CIVIL,1
5.76,4,8,4,2,10,9,12,4,IT,1
6.27,6,8,0,0,7,100,28,5,MECH,1
7.67,6,1,7,1,74,44,379,8,MECH,1
9.21,0,4,2,2,39,29,1,6,MECH,1
6.73,4,4,5,0,88,53,51,8,IT,1
9.15,4,5,8,3,30,2,439,4,CIVIL,1
8.88,2,2,3,1,43,40,65,6,CIVIL,1
7.62,6,8,2,1,12,96,272,1,ECE,1
7.89,4,4,7,0,17,40,335,7,CIVIL,1
8.82,6,5,4,0,71,78,473,8,MECH,1
6.05,3,10,0,0,8,77,265,1,IT,1
8.81,1,9,4,2,13,20,185,4,CIVIL,1
7.7,3,1,8,0,16,4,249,5,MECH,1
9.52,2,2,4,0,42,77,298,3,MECH,1
7.8,5,8,4,0,74,28,22,7,MECH,1
9.1,0,1,1,3,19,94,125,6,IT,1
6.58,6,8,7,3,10,7,341,1,ECE,1
6.63,0,1,8,2,6,68,115,7,MECH,1
8.38,6,0,5,1,55,6,142,2,MECH,1
6.2,5,2,8,2,66,18,243,1,MECH,1
8.21,3,2,8,1,50,73,362,1,CIVIL,1
7.53,0,2,6,1,18,34,81,5,MECH,1
9.3,6,1,3,3,42,63,66,2,MECH,1
8.13,5,6,1,2,1,78,427,5,MECH,1
5.52,5,4,0,2,31,98,373,7,CSE,1
8.18,1,9,6,2,33,3,274,8,CIVIL,1
6.33,4,10,3,3,78,99,378,3,ECE,1
9.67,4,5,5,0,18,30,362,7,MECH,1
9.12,3,8,1,0,38,53,490,2,MECH,1
8.92,2,0,7,1,13,75,178,7,CIVIL,1
7.48,4,7,5,0,0,35,0,3,CIVIL,1
5.96,4,2,0,0,37,42,298,4,IT,1
7.1,1,5,3,1,21,96,399,5,IT,1
6.93,1,9,5,1,56,23,293,8,CSE,1
8.7,5,3,5,1,54,41,467,8,ECE,1
7.81,1,6,7,0,59,47,107,1,ECE,1
6.01,1,0,4,1,91,21,442,2,IT,1
6.14,3,5,0,2,96,85,64,8,MECH,1
7.62,2,6,8,1,33,5,403,3,ECE,1
7.34,0,0,5,1,13,51,136,7,CIVIL,1
6.82,0,0,5,2,81,27,19,3,CSE,1
6.02,3,9,1,3,17,89,168,1,CSE,1
7.13,4,2,2,3,98,67,262,5,CIVIL,1
8.6,5,7,6,1,33,24,33,4,CIVIL,1
9.53,0,9,8,1,18,19,86,7,CIVIL,1
9.21,0,9,7,0,67,37,110,2,CIVIL,1
7.79,6,1,5,1,47,26,207,2,CSE,1
6.15,3,3,4,1,42,5,304,6,ECE,1
6.82,6,2,3,0,5,29,245,8,ECE,1
6.55,0,10,6,2,7,56,187,1,CSE,1
6.37,2,6,0,2,67,79,301,5,ECE,1
8.55,1,8,4,3,39,79,358,3,IT,1
9.45,1,10,3,1,40,99,122,6,CSE,1
6.89,4,5,5,2,59,99,24,7,MECH,1
7.75,5,5,1,3,18,80,388,3,IT,1
7.25,5,0,4,2,39,75,72,3,CIVIL,1
9.04,6,3,7,1,87,26,336,8,ECE,1
9.27,3,4,1,2,57,20,309,8,ECE,1
7.6,5,9,4,1,57,35,203,6,MECH,1
5.58,1,5,6,3,70,43,28,4,MECH,1
9.25,2,7,1,1,65,80,449,3,CSE,1
7.68,5,2,3,1,70,70,443,6,IT,1
7.75,1,4,4,2,93,52,113,7,CSE,1
8.87,0,8,7,0,83,39,438,1,CIVIL,1
9.54,4,0,5,1,36,49,39,4,CSE,1
8.39,4,9,3,0,10,6,399,4,IT,1
6.36,0,9,0,2,56,15,217,6,IT,1
8.37,5,10,0,1,25,69,172,8,CSE,1
8.75,6,1,6,0,47,70,145,1,MECH,1
6.61,1,3,8,0,75,58,120,8,CSE,1
6.66,5,9,3,3,13,46,82,4,CIVIL,1
7.93,4,8,1,3,67,75,409,1,CIVIL,1
8.12,5,5,6,1,55,81,145,7,CSE,1
9.84,0,8,5,3,52,55,294,2,CSE,1
5.76,3,4,0,3,25,67,365,7,CIVIL,1
7.32,5,1,0,2,3,73,253,2,IT,1
7.93,3,3,7,1,69,12,424,5,ECE,1
7.11,5,5,3,3,70,96,174,4,IT,1
8.9,6,0,5,3,36,39,343,8,CSE,1
8.74,6,10,6,3,79,88,371,4,MECH,1
9.49,5,8,0,0,12,64,323,3,MECH,1
7.79,0,0,2,0,73,45,283,4,IT,1
9.38,5,1,5,2,3,99,478,6,MECH,1
7.23,3,6,3,0,60,47,99,4,ECE,0
7.74,1,4,3,1,87,65,409,1,ECE,1
9.46,1,8,6,0,62,81,36,7,CSE,1
6.27,6,6,4,1,45,9,476,2,CIVIL,1
10.0,2,2,6,2,32,34,20,4,CIVIL,1
9.24,2,6,5,3,95,53,159,4,IT,1
6.41,6,4,1,3,28,16,487,5,IT,1
6.9,1,3,3,3,14,36,318,8,IT,1
5.81,5,2,1,1,49,100,329,1,CIVIL,1
9.27,1,2,2,0,19,98,220,7,CSE,1
7.26,1,3,5,3,35,74,371,3,IT,1
6.86,6,9,6,1,12,8,45,6,MECH,1
7.25,6,9,6,1,84,81,22,5,ECE,1
6.64,2,5,1,2,81,73,20,5,ECE,1
9.85,2,9,8,3,99,76,213,5,MECH,1
9.08,3,0,7,1,25,4,357,7,MECH,1
6.54,2,6,2,3,41,30,428,8,CIVIL,1
6.88,2,3,4,3,16,58,112,1,CSE,1
8.58,1,2,6,2,100,14,355,2,MECH,1
8.39,2,7,7,1,62,34,98,2,IT,1
6.24,3,0,1,3,36,43,312,7,IT,1
6.88,3,10,6,1,67,4,28,2,CIVIL,1
9.06,5,0,6,1,42,62,448,7,MECH,1
9.83,6,0,6,3,55,6,19,4,CIVIL,1
5.94,6,4,5,3,98,31,477,4,MECH,1
5.52,2,8,2,0,52,20,235,4,CSE,1
6.31,3,10,3,3,100,81,85,3,CSE,1
9.49,0,0,2,0,26,54,315,1,ECE,0
7.26,0,6,3,0,64,86,162,7,ECE,1
8.23,4,5,6,1,99,77,58,2,CSE,1
9.84,1,1,1,2,82,25,209,5,IT,1
9.08,0,9,0,3,83,9,140,1,MECH,1
9.98,2,9,6,2,70,0,258,2,MECH,1
7.32,4,3,0,2,50,25,285,4,CSE,1
7.33,4,1,2,1,40,53,110,8,ECE,1
6.09,6,0,1,0,92,33,325,4,CIVIL,1
7.9,2,1,0,0,82,8,125,4,MECH,0
8.7,5,5,6,2,43,81,482,5,ECE,1
7.01,2,0,1,0,79,53,384,7,MECH,1
8.56,4,4,3,1,56,94,190,6,IT,1
9.15,3,9,8,1,21,25,38,1,CSE,1
8.94,1,8,6,0,79,18,475,2,CIVIL,1
6.23,0,5,7,1,72,74,213,4,IT,1
6.48,3,6,2,2,10,47,444,5,IT,1
8.39,5,3,4,2,37,82,68,6,IT,1
6.17,0,5,5,3,4,30,160,4,IT,1
9.69,6,6,1,3,95,66,103,2,MECH,1
7.2,0,0,7,3,12,72,61,3,MECH,1
7.08,5,2,5,2,51,50,371,2,CIVIL,1
6.87,0,5,4,3,79,38,104,1,IT,1
5.73,3,6,6,0,50,86,93,8,IT,1
9.08,4,5,5,1,4,2,450,8,CSE,1
7.73,4,7,6,3,27,97,333,5,CIVIL,1
9.6,2,6,5,1,15,13,64,6,CIVIL,1
9.17,1,7,3,1,64,0,395,8,MECH,1
9.72,6,3,7,0,70,52,119,3,ECE,1
7.33,3,6,7,0,7,67,403,3,ECE,1
6.89,2,1,8,3,51,9,404,8,ECE,1
8.43,3,2,2,2,5,99,278,6,IT,1
8.59,2,7,2,2,77,84,87,7,CSE,1
7.12,6,4,0,0,4,3,280,5,MECH,1
7.5,3,4,8,3,90,62,486,7,MECH,1
7.94,4,0,4,0,41,100,399,4,ECE,1
6.45,5,7,0,0,73,74,279,5,CSE,1
5.93,2,8,0,2,52,35,143,5,MECH,1
7.2,3,3,0,2,39,48,421,5,ECE,1
9.91,0,8,5,1,97,59,165,7,MECH,1
6.37,1,7,2,0,47,42,306,5,MECH,1
7.62,0,10,4,3,77,85,42,3,ECE,1
6.97,6,4,5,2,60,28,317,4,ECE,1
6.38,1,9,8,3,72,99,377,3,CSE,1
7.97,5,10,5,0,37,73,146,6,MECH,1
5.62,4,1,7,0,81,69,399,8,ECE,1
9.62,0,8,6,3,53,90,246,1,IT,1
8.81,3,9,0,0,88,35,263,5,CSE,1
8.15,0,4,2,2,0,90,329,4,IT,1
8.61,1,4,0,0,79,5,247,1,CSE,1
9.06,1,6,5,3,0,4,311,3,IT,1
8.47,4,7,5,2,43,37,155,7,ECE,1
7.28,1,9,0,1,42,39,332,5,CSE,1
7.92,6,9,4,1,6,88,493,3,CSE,1
6.4,4,4,7,2,81,72,272,3,MECH,1
8.79,5,5,0,0,61,50,247,3,IT,1
9.48,0,8,8,3,66,17,477,5,CSE,1
8.26,5,2,1,2,96,92,340,2,ECE,1
5.79,6,1,1,0,39,67,156,7,ECE,1
6.1,5,1,6,1,15,56,406,2,CIVIL,1
5.66,1,2,4,3,31,82,480,5,CIVIL,1
5.56,1,7,4,0,96,20,161,7,IT,1
8.69,4,5,8,1,94,84,251,5,ECE,1
9.66,2,1,2,0,18,41,77,5,CSE,1
5.54,1,1,3,2,79,7,4,4,CSE,1
6.48,4,1,0,1,66,71,455,4,CIVIL,1
7.51,0,9,5,1,66,5,17,6,CIVIL,1
7.52,3,1,8,0,88,6,336,5,CIVIL,1
7.15,0,2,7,1,69,72,279,5,CIVIL,1
6.19,3,7,2,0,16,95,247,4,MECH,1
9.5,1,5,5,2,37,89,270,6,CSE,1
8.24,5,9,4,3,19,8,235,4,CSE,1
7.23,3,0,1,2,82,24,173,7,IT,1
6.81,5,0,5,2,98,78,329,7,IT,1
7.32,6,0,2,3,37,33,112,8,IT,1
6.75,2,9,6,2,53,78,380,4,MECH,1
9.09,0,1,5,3,33,7,283,3,IT,1
7.3,5,5,2,2,12,59,249,8,CIVIL,1
9.32,1,9,5,2,87,66,303,8,CSE,1
9.16,5,1,4,2,89,40,264,2,CSE,1
6.69,6,5,4,0,6,46,419,2,CIVIL,1
6.59,6,8,4,2,92,33,233,2,CSE,1
6.01,2,8,3,3,8,45,225,2,CSE,1
7.47,1,3,5,0,27,33,175,8,IT,1
6.53,6,4,1,2,64,84,58,6,ECE,1
7.37,3,0,5,2,22,11,370,4,CIVIL,1
5.68,0,10,4,2,89,29,230,1,ECE,1
6.34,4,7,7,3,71,50,23,3,CIVIL,1
6.19,2,3,7,2,62,97,173,8,CIVIL,1
6.86,4,10,7,2,54,56,103,5,ECE,1
6.03,2,10,5,0,80,98,9,5,CIVIL,1
5.66,3,5,1,3,5,55,202,7,CSE,1
9.47,1,5,5,2,22,73,37,6,IT,1
7.93,0,5,0,2,98,55,58,1,CIVIL,1
6.01,5,8,2,1,26,32,171,7,ECE,1
8.5,2,5,2,3,99,38,410,5,CSE,1
8.56,6,0,1,0,85,68,463,3,ECE,1
5.97,1,3,6,1,43,29,290,3,IT,1
9.59,1,0,8,0,80,28,495,6,MECH,1
8.08,4,9,5,1,55,24,331,4,CIVIL,1
5.56,0,8,1,0,64,70,425,8,IT,1
7.75,1,2,3,2,99,22,304,2,CSE,0
9.56,2,10,8,2,52,14,298,7,IT,1
6.85,4,3,7,0,89,93,252,2,CIVIL,1
7.79,2,2,7,3,61,77,150,3,CSE,1
8.7,5,10,2,0,35,25,357,7,ECE,1
6.0,3,9,8,1,83,83,441,5,ECE,1
7.83,5,2,5,0,59,46,439,8,ECE,1
9.65,2,9,4,0,28,21,122,3,IT,1
8.27,2,7,0,3,37,49,27,7,CIVIL,1
7.34,4,7,2,2,40,33,404,2,CSE,1
8.58,2,4,6,2,82,95,56,1,CSE,1
6.45,1,5,4,1,66,15,266,2,ECE,1
5.54,4,6,2,1,70,0,491,3,CSE,1
9.48,3,9,6,3,87,37,344,2,MECH,1
8.85,6,2,0,0,16,59,208,2,IT,1
6.82,6,4,7,3,31,82,102,4,ECE,1
7.41,6,5,1,2,74,2,258,7,ECE,1
9.14,3,1,8,2,52,72,195,7,MECH,1
7.8,0,6,4,3,2,26,300,3,IT,1
9.85,3,2,1,0,11,42,110,8,CSE,1
7.56,3,10,2,1,3,41,459,1,CSE,1
5.85,1,9,2,0,71,39,295,6,ECE,1
6.77,5,5,4,1,27,19,404,7,CSE,1
9.42,2,10,0,2,19,93,112,1,IT,1
8.4,6,8,7,1,40,14,480,8,CIVIL,1
7.37,1,2,0,2,16,80,49,3,CSE,1
5.61,2,4,6,2,25,59,69,6,CIVIL,1
6.43,6,3,6,1,47,72,80,8,MECH,1
6.2,0,3,0,3,73,17,143,4,ECE,1
6.79,3,1,6,3,3,8,226,2,CIVIL,1
6.25,4,4,4,1,23,24,238,8,MECH,1
6.65,4,9,4,3,28,94,60,1,CIVIL,1
6.13,5,6,3,0,100,40,241,1,CSE,1
7.77,2,7,1,2,56,40,432,5,CSE,1
8.83,5,4,1,2,100,26,304,8,IT,1
7.35,6,6,1,2,23,30,122,8,ECE,1
9.13,6,7,4,2,30,30,261,8,IT,1
8.5,0,2,6,2,6,57,321,4,ECE,1
7.25,6,2,8,1,64,26,117,6,IT,1
8.39,3,7,0,3,8,11,102,6,CSE,1
8.69,2,0,4,0,44,79,51,6,CSE,1
6.38,1,2,2,1,55,49,177,2,CSE,1
9.41,0,8,0,0,41,95,413,6,ECE,1
9.67,4,0,1,0,52,68,353,3,IT,1
9.46,4,5,4,1,44,30,10,7,ECE,1
7.03,6,0,2,2,60,61,199,2,ECE,1
7.79,4,9,5,3,29,98,72,2,CIVIL,1
8.23,4,6,2,3,14,17,269,7,ECE,1
6.29,4,0,4,0,27,5,150,8,CIVIL,1
5.68,6,1,6,1,16,37,488,5,MECH,1
7.73,4,7,0,0,45,50,120,3,MECH,1
9.19,3,10,1,0,73,25,48,6,ECE,1
7.88,2,8,1,3,84,52,441,4,CSE,1
7.53,6,2,0,2,17,72,100,6,MECH,1
6.73,1,4,7,2,13,31,42,3,CIVIL,1
6.69,2,2,2,1,71,24,226,3,MECH,1
7.36,1,8,0,0,22,98,114,6,CIVIL,1
6.83,3,1,5,1,14,27,186,7,CIVIL,1
8.32,5,1,6,3,39,22,138,7,ECE,1
9.63,3,0,5,3,48,46,29,7,ECE,1
5.92,4,2,0,0,17,43,453,2,CIVIL,1
9.32,2,5,2,2,57,58,354,2,ECE,1
6.16,5,2,1,1,26,80,306,4,IT,1
9.33,5,10,6,1,39,81,149,4,MECH,1
8.79,2,9,3,1,79,80,461,4,ECE,1
7.79,1,0,6,3,39,7,158,5,CSE,1
5.69,3,5,6,0,7,9,155,6,CIVIL,1
9.69,6,10,3,2,60,42,165,7,CSE,1
5.86,2,8,0,1,56,16,193,5,CSE,1
8.92,0,7,8,2,100,74,326,1,MECH,1
6.07,3,8,2,0,0,96,300,2,CSE,1
6.36,0,7,8,2,22,56,119,5,MECH,1
8.07,2,7,1,0,20,21,214,8,IT,1
9.74,4,8,3,1,31,26,146,7,CSE,1
6.08,2,5,7,2,91,32,272,1,MECH,1
8.01,6,1,8,1,49,88,478,8,ECE,1
6.51,6,4,4,2,7,79,360,1,ECE,1
8.85,4,6,4,2,80,2,173,3,ECE,1
7.99,2,7,5,1,70,33,201,2,CIVIL,1
9.99,0,6,8,0,67,10,217,4,MECH,1
5.63,0,7,2,1,9,80,63,2,IT,1
9.69,2,4,8,2,43,27,92,3,IT,1
6.52,5,3,7,0,62,20,331,2,ECE,1
5.91,4,3,1,0,26,82,489,5,ECE,1
9.59,5,9,0,3,75,71,102,2,IT,1
7.25,1,8,0,3,76,89,422,3,MECH,1
8.34,1,10,0,2,46,17,196,8,IT,1
7.38,5,9,0,2,90,12,80,4,MECH,1
7.38,2,6,1,2,68,10,57,1,IT,1
5.6,3,2,5,2,85,80,23,7,MECH,1
5.61,3,2,2,1,48,45,135,7,MECH,1
8.99,5,10,5,1,85,10,32,4,CIVIL,1
8.64,4,2,7,1,46,42,12,2,IT,1
9.8,6,4,8,2,41,5,196,5,IT,1
7.9,1,1,8,2,74,90,418,1,CIVIL,1
8.51,0,1,4,2,76,75,141,1,ECE,1
5.55,0,5,8,1,94,91,90,3,IT,1
5.61,1,10,0,2,8,99,366,4,ECE,1
7.81,4,4,3,3,52,88,120,6,ECE,1
7.12,4,5,3,3,82,0,318,7,CIVIL,1
9.87,0,7,1,2,36,10,115,5,IT,1
6.53,2,5,2,1,31,41,401,1,CSE,1
9.94,2,3,7,2,90,41,206,7,CIVIL,1
9.51,0,5,0,3,32,32,219,6,IT,1
8.12,5,2,7,3,4,59,341,4,IT,1
8.51,3,5,4,3,95,90,50,4,ECE,1
7.26,3,4,1,0,100,38,371,3,CSE,1
6.07,2,5,1,0,7,34,259,8,CIVIL,1
6.39,3,10,2,1,57,52,153,5,CIVIL,1
6.93,0,4,5,3,26,51,320,7,CSE,1
8.37,1,5,0,1,92,49,369,3,ECE,1
7.26,6,2,2,0,89,90,85,6,ECE,1
7.84,5,2,8,2,88,64,67,3,MECH,1
7.62,4,6,0,0,99,38,463,8,MECH,1
8.45,2,10,5,1,35,5,158,7,CIVIL,1
7.45,0,4,7,0,42,60,207,7,MECH,1
6.44,4,9,1,3,26,92,364,7,CSE,1
7.05,1,3,0,1,12,69,46,2,CIVIL,1
8.11,3,6,4,3,86,24,336,2,CSE,1
6.82,2,5,4,0,23,81,257,1,MECH,1
6.24,6,10,6,0,93,85,251,3,IT,1
9.11,6,10,1,3,70,93,150,1,CIVIL,1
8.08,6,6,2,2,96,96,376,3,ECE,1
6.56,2,4,4,1,36,60,23,6,CIVIL,1
9.59,2,2,3,3,90,25,278,1,CSE,1
7.79,4,6,0,0,43,75,248,8,MECH,1
9.05,6,0,7,2,7,87,80,6,CSE,1
6.9,1,7,4,0,81,28,128,8,ECE,1
5.6,1,4,8,1,69,89,412,2,CIVIL,1
5.85,6,1,0,2,63,18,233,6,CIVIL,1
7.84,5,0,4,2,26,84,353,8,CSE,1
6.6,1,3,1,3,36,57,48,7,CSE,1
6.7,4,10,1,0,53,76,181,8,CIVIL,1
5.63,1,5,1,3,40,84,177,1,MECH,1
9.1,3,4,2,0,64,35,164,5,IT,1
6.02,2,3,6,1,99,10,321,4,CIVIL,1
6.32,1,7,1,2,23,99,436,3,CSE,1
9.16,4,6,6,1,79,69,83,2,IT,1
9.48,3,10,5,1,7,95,224,1,MECH,1
6.45,0,9,0,0,39,47,282,7,CSE,1
8.35,6,10,4,2,45,96,239,4,CIVIL,1
9.81,2,10,3,1,7,39,205,4,CSE,1
5.85,6,7,5,3,30,19,202,2,CIVIL,1
5.6,3,4,0,2,9,29,113,4,CSE,1
6.4,0,6,3,3,8,89,498,2,CIVIL,1
6.84,2,4,1,3,7,61,259,4,CIVIL,1
7.26,2,9,7,0,70,8,70,5,IT,1
6.65,6,6,2,1,14,44,289,5,CSE,1
9.13,3,3,3,0,6,19,345,3,IT,1
7.48,3,3,5,0,85,0,357,1,CSE,1
9.09,1,4,3,1,11,26,116,7,IT,1
5.96,1,3,4,0,9,70,7,4,CIVIL,1
7.55,6,7,1,3,96,67,243,5,ECE,1
8.38,6,1,0,1,11,71,435,4,IT,1
8.11,6,4,5,1,73,47,369,3,CSE,1
7.64,6,0,3,0,86,94,397,7,CIVIL,1
6.95,1,9,0,2,88,74,338,7,IT,1
7.68,5,3,3,2,68,99,469,8,MECH,1
5.76,5,8,1,0,76,80,75,2,IT,1
9.17,0,10,7,0,43,100,403,6,CSE,1
8.72,2,9,8,3,84,49,429,4,CSE,1
7.0,0,3,3,2,76,26,112,8,CSE,1
8.13,5,9,5,0,90,85,459,8,ECE,1
7.69,4,0,0,1,40,96,33,3,MECH,1
9.35,2,8,8,1,51,93,448,1,CSE,1
6.01,4,5,4,0,92,96,118,1,CIVIL,1
8.65,4,5,0,0,58,70,258,5,IT,1
8.62,6,9,3,3,15,71,4,1,ECE,1
7.97,3,5,8,3,18,0,355,3,CIVIL,1
8.63,5,3,8,0,22,30,297,6,CIVIL,1
5.64,2,3,1,2,59,70,103,3,IT,1
7.37,1,3,1,3,80,36,471,3,IT,1
6.9,5,7,8,1,54,68,29,8,MECH,1
9.66,4,6,5,1,94,14,490,4,CSE,1
7.23,4,8,4,1,96,33,273,7,CSE,1
7.31,3,5,7,3,74,7,409,1,CIVIL,1
6.01,2,4,5,1,11,26,498,8,CSE,1
6.02,3,3,4,2,46,39,421,7,CSE,1
8.12,4,10,2,1,80,24,410,3,CSE,1
8.68,2,7,6,1,96,19,43,2,ECE,1
8.41,0,3,3,1,60,13,169,8,IT,1
9.16,0,2,5,2,100,39,87,7,MECH,1
8.47,0,5,0,0,67,59,123,2,IT,1
8.72,1,9,0,1,50,37,85,6,IT,1
9.19,4,5,2,0,96,35,269,5,CIVIL,1
7.14,4,7,2,1,42,62,218,6,CSE,1
6.19,2,8,7,0,30,82,258,5,CSE,1
8.49,2,1,3,3,20,26,147,8,ECE,1
8.91,0,6,5,3,72,44,368,3,ECE,1
8.83,3,8,1,2,91,57,430,6,CIVIL,1
6.13,6,6,5,0,72,17,125,5,MECH,1
5.83,3,6,6,0,84,20,89,8,ECE,1
6.54,5,5,2,1,18,13,262,2,MECH,1
9.44,0,1,0,0,53,90,42,2,CSE,1
9.19,5,3,7,2,6,4,307,5,MECH,1
7.44,0,4,6,2,47,26,111,3,CSE,1
8.26,6,0,1,3,33,32,97,2,CIVIL,1
6.51,0,8,7,0,27,8,355,7,ECE,1
8.2,4,7,8,0,72,55,380,8,CIVIL,1
6.53,4,8,5,0,23,0,155,8,ECE,1
7.14,6,5,1,1,22,21,12,6,IT,1
6.64,5,10,4,3,39,99,393,8,ECE,1
7.07,6,1,5,3,97,66,117,6,MECH,1
5.65,0,7,0,2,3,52,74,8,IT,1
9.1,6,0,2,0,26,87,311,1,IT,1
6.12,3,6,1,1,30,34,393,6,CIVIL,1
8.49,3,2,5,2,22,7,188,1,IT,1
5.65,4,1,3,3,21,18,113,2,MECH,1
6.29,5,5,3,1,74,42,408,1,IT,1
7.72,4,8,0,0,25,48,149,2,CSE,1
9.26,1,2,6,1,22,90,162,6,MECH,1
7.08,0,4,0,2,12,7,414,5,CSE,1
8.2,0,4,7,1,98,57,269,4,MECH,1
9.66,1,10,0,0,8,48,472,3,CIVIL,1
8.47,0,6,8,2,98,73,157,8,IT,1
8.83,5,8,7,1,29,60,121,5,CSE,1
9.51,3,5,5,2,28,100,404,4,CSE,1
6.66,4,10,1,0,67,94,458,5,ECE,1
7.37,2,7,2,3,45,21,208,4,IT,1
7.1,4,3,6,3,54,65,133,5,CIVIL,1
9.59,0,3,6,2,35,25,146,2,CSE,1
8.56,5,0,4,3,48,80,483,1,CSE,1
8.56,2,6,4,3,93,20,360,1,CSE,1
8.87,1,0,4,1,40,85,334,2,IT,1
5.61,3,1,5,0,100,66,424,2,MECH,1
6.41,5,6,4,1,47,66,184,6,CSE,1
8.9,3,1,2,2,12,5,153,2,CSE,1
6.54,0,6,1,3,83,72,147,1,CIVIL,1
9.27,6,4,8,2,89,68,0,6,IT,1
9.19,2,1,7,3,88,22,28,2,CSE,1
7.09,1,10,1,2,80,0,430,8,MECH,1
7.41,6,7,8,0,65,7,45,8,IT,1
8.2,1,5,6,1,79,26,432,6,CSE,1
8.12,1,3,2,2,19,84,12,1,CIVIL,1
7.76,0,0,2,3,83,39,395,7,CIVIL,1
8.98,1,10,0,0,50,61,268,4,MECH,1
9.86,2,0,5,0,28,12,216,6,CIVIL,1
9.98,6,1,3,1,45,47,460,6,CIVIL,1
8.56,2,6,5,1,88,92,434,7,CSE,1
9.33,1,9,4,0,25,55,451,6,CIVIL,1
6.68,2,2,8,3,65,11,63,5,CIVIL,1
8.2,2,2,3,2,62,38,457,8,IT,1
7.78,6,2,7,0,11,94,63,3,IT,1
6.07,3,0,2,3,96,79,433,6,MECH,1
7.39,6,3,1,2,20,60,281,5,ECE,1
9.35,2,3,3,1,47,22,57,5,CIVIL,1
9.53,1,8,0,2,89,80,6,5,ECE,1
7.35,4,4,1,0,96,36,300,1,IT,1
8.71,6,1,0,3,97,92,64,5,ECE,1
8.08,4,4,4,2,63,67,148,2,MECH,1
8.85,3,7,3,3,35,27,374,2,MECH,1
7.76,5,6,7,3,64,4,92,6,ECE,1
9.4,4,0,8,3,27,35,479,5,MECH,1
8.56,6,2,2,2,58,76,296,2,ECE,1
6.62,6,4,5,3,92,86,105,3,CIVIL,1
8.86,5,7,3,3,10,30,361,2,CIVIL,1
9.23,0,9,6,1,16,69,171,2,ECE,1
5.59,2,3,1,2,54,5,254,8,IT,1
7.77,5,4,1,0,68,63,146,7,IT,1
6.25,6,5,4,0,47,54,237,8,CIVIL,1
8.1,2,8,8,2,18,13,50,6,CIVIL,1
9.52,0,9,3,0,26,22,24,5,IT,0
6.46,6,9,7,3,65,89,184,8,ECE,1
5.78,5,7,8,2,63,12,232,6,CSE,1
7.55,0,2,1,2,17,36,114,5,CIVIL,1
7.66,4,6,0,2,8,73,463,1,IT,1
8.78,3,9,5,0,81,24,136,6,MECH,1
6.01,1,8,8,0,46,39,319,5,CIVIL,1
7.65,6,10,2,1,22,82,332,6,CIVIL,1
8.41,2,9,0,3,74,0,403,7,CIVIL,1
6.53,3,0,3,0,14,34,137,6,MECH,1
5.88,0,5,4,3,17,73,44,7,ECE,1
7.21,3,4,1,0,91,78,144,1,CIVIL,1
6.09,1,5,2,1,36,53,356,6,MECH,1
9.62,4,6,2,2,14,43,6,3,ECE,1
9.53,0,1,0,2,18,57,395,8,IT,1
8.73,1,0,1,3,57,39,73,4,IT,1
6.24,2,3,2,2,26,94,90,4,MECH,1
7.54,2,2,0,0,6,9,165,4,CIVIL,1
9.04,4,6,7,0,32,52,180,4,MECH,1
7.59,2,10,0,3,98,49,163,6,CIVIL,1
5.88,0,5,6,0,11,66,19,8,ECE,1
6.08,6,6,8,3,89,36,350,6,CIVIL,1
6.93,1,9,8,3,76,36,131,4,IT,1
5.63,5,7,0,1,41,68,41,6,ECE,1
8.4,2,0,1,0,88,10,222,4,MECH,1
8.66,5,2,4,3,68,70,58,5,ECE,1
8.76,4,10,8,3,97,82,18,2,ECE,1
7.93,0,4,2,2,80,31,146,3,IT,1
6.05,5,8,8,2,74,13,173,2,MECH,1
5.77,2,0,0,0,46,20,101,7,CSE,1
8.79,2,4,6,1,72,86,76,8,CIVIL,1
9.09,5,7,6,2,54,87,97,6,CIVIL,1
7.43,0,9,3,1,27,97,217,5,MECH,0
8.49,2,6,3,0,97,76,290,5,CSE,1
7.38,6,0,3,3,65,45,248,8,CIVIL,1
6.98,1,5,4,0,29,70,156,1,MECH,1
9.68,4,4,0,3,48,18,494,8,ECE,1
7.65,4,8,8,2,41,55,384,2,MECH,1
9.96,4,1,5,2,9,78,187,6,MECH,1
5.95,5,4,7,1,18,50,326,8,MECH,1
9.4,4,4,4,1,87,42,142,2,CIVIL,1
6.99,3,1,6,1,48,23,416,4,MECH,1
8.92,4,1,8,0,31,46,48,4,ECE,1
9.92,2,9,3,0,50,62,313,8,MECH,1
8.67,5,10,3,3,12,18,402,4,IT,1
7.97,0,5,0,3,99,86,456,6,MECH,1
6.41,1,8,1,2,8,96,70,7,CIVIL,1
6.24,6,3,1,3,59,70,338,4,MECH,1
6.13,1,3,1,2,9,73,312,5,ECE,1
7.11,1,0,2,0,8,5,50,5,CSE,1
9.9,4,5,3,3,38,92,212,2,IT,1
8.71,0,10,2,0,30,42,18,2,ECE,1
7.09,1,4,2,0,61,62,331,5,IT,1
8.44,2,10,1,0,87,10,100,2,ECE,1
9.36,2,9,8,0,91,93,399,2,IT,1
9.75,0,2,6,1,42,31,257,7,MECH,1
8.29,5,7,1,0,76,45,212,4,ECE,1
7.9,1,3,3,0,25,16,154,5,IT,0
7.31,3,4,4,1,54,26,106,7,IT,1
7.98,6,6,6,1,41,85,176,1,MECH,1
6.24,4,6,3,1,36,12,441,6,CIVIL,1
7.32,5,0,2,1,64,38,164,6,ECE,1
9.5,5,5,6,1,100,77,213,5,IT,1
5.9,0,1,6,2,78,92,69,6,ECE,1
7.7,0,8,5,2,32,6,347,1,ECE,1
5.5,2,9,4,1,23,86,236,8,MECH,1
7.95,4,6,0,1,61,24,262,2,ECE,1
5.92,5,6,8,1,85,81,499,1,CSE,1
7.62,3,10,2,0,45,68,295,7,ECE,1
6.32,5,1,3,2,11,6,352,1,IT,1
7.59,3,2,4,0,3,50,443,8,IT,1
9.44,5,6,8,3,46,41,219,6,IT,1
8.82,0,3,7,0,38,94,419,8,IT,1
9.62,3,10,3,2,55,30,426,2,ECE,1
9.56,0,5,7,2,46,21,82,7,ECE,1
7.64,4,10,1,2,26,39,247,8,ECE,1
6.03,0,7,0,3,94,59,282,1,CSE,1
8.47,3,2,2,0,50,58,254,2,ECE,1
9.53,6,1,7,0,14,77,433,7,CSE,1
7.37,0,7,6,2,63,84,340,4,CIVIL,1
5.83,6,7,0,0,16,69,331,8,MECH,1
9.38,1,8,3,0,90,51,214,5,MECH,1
9.3,1,5,2,3,99,68,196,5,CSE,1
6.3,0,1,4,0,1,87,163,3,CIVIL,1
6.97,6,9,1,1,80,27,194,5,CIVIL,1
6.89,5,4,3,2,75,63,132,4,MECH,1
9.81,5,2,7,0,10,18,451,4,ECE,1
6.2,6,3,1,2,97,99,35,8,MECH,1
6.66,5,10,0,3,20,6,62,4,CIVIL,1
6.74,4,9,4,3,54,77,460,8,MECH,1
6.18,0,3,2,1,94,47,363,3,IT,1
7.3,3,3,2,2,83,7,474,4,ECE,1
7.3,5,3,7,3,15,19,18,4,CIVIL,1
9.01,0,3,8,2,80,23,441,4,IT,1
6.08,3,0,5,2,59,35,164,4,MECH,1
9.24,3,1,4,2,93,7,319,6,CSE,1
9.67,1,0,5,3,20,22,204,1,CSE,1
8.49,0,9,8,0,90,46,339,3,CSE,1
5.91,4,4,1,3,43,23,77,6,ECE,1
7.02,5,4,7,1,25,60,153,5,CIVIL,1
7.95,1,0,5,1,43,39,260,6,CSE,1
9.58,1,10,3,2,13,71,487,4,CIVIL,1
5.53,3,1,3,1,77,82,267,5,MECH,1
7.95,0,9,3,1,29,6,239,2,CSE,1
7.2,4,5,7,1,6,22,124,5,CIVIL,1
8.11,4,0,8,3,53,97,190,1,MECH,1
9.2,6,4,3,3,19,13,247,3,MECH,1
6.33,6,4,6,0,30,39,182,8,CSE,1
6.81,4,0,0,0,96,19,37,4,ECE,1
6.16,1,5,3,2,32,39,401,5,CIVIL,1
9.89,2,8,6,3,19,98,119,7,CIVIL,1
7.69,2,5,2,3,97,80,486,8,MECH,1
7.59,2,3,7,2,12,92,472,3,CIVIL,1
5.78,0,8,7,2,4,12,130,5,IT,1
7.82,5,9,2,2,87,35,210,7,IT,1
7.96,6,7,7,0,92,8,211,6,MECH,1
7.17,6,1,1,1,88,9,137,2,MECH,1
6.35,4,0,4,0,68,20,21,3,MECH,1
6.51,1,7,5,0,65,40,85,7,MECH,0
6.82,1,5,4,0,8,72,324,8,ECE,1
8.03,6,6,3,1,84,64,105,3,CIVIL,1
9.09,4,10,8,2,97,57,433,3,MECH,1
7.85,5,9,0,1,14,14,435,7,CSE,1
9.0,6,8,0,3,33,60,486,4,MECH,1
6.64,0,6,1,1,80,21,154,1,ECE,1
6.92,0,4,3,2,19,7,369,1,IT,1
7.15,4,8,8,1,88,91,476,1,IT,1
9.9,2,7,2,3,63,50,32,8,CIVIL,1
9.26,6,3,0,0,29,81,256,7,CIVIL,1
7.72,1,3,7,2,95,89,190,8,ECE,1
7.82,2,3,5,2,24,36,382,3,CSE,1
7.32,3,6,3,0,64,59,473,3,CIVIL,1
9.98,0,10,1,1,13,10,487,3,IT,1
8.11,1,6,4,1,69,1,376,2,IT,1
7.47,1,2,5,2,74,95,292,2,CSE,1
7.49,4,1,8,1,94,81,436,2,MECH,1
6.38,1,9,4,1,73,96,347,4,CIVIL,1
8.25,6,1,7,1,51,50,167,1,CIVIL,1
8.48,0,4,8,3,14,54,416,2,CIVIL,1
5.87,2,1,0,2,38,38,117,5,ECE,1
5.69,1,5,1,1,57,66,443,4,ECE,1
6.28,0,3,0,0,69,47,296,4,CSE,1
6.33,2,6,0,0,45,26,17,4,IT,1
6.64,2,3,5,3,4,45,222,8,IT,1
8.18,6,3,3,3,73,3,430,4,MECH,1
8.2,5,2,7,3,14,86,205,1,MECH,1
8.99,6,4,3,3,48,41,223,6,MECH,1
7.3,5,4,5,0,13,57,381,7,ECE,1
6.63,1,8,4,1,9,89,59,7,IT,1
7.31,6,3,8,0,85,46,74,2,MECH,1
5.98,1,6,0,0,68,96,361,5,MECH,1
9.32,3,8,4,2,15,78,452,4,CSE,1
6.68,0,7,4,0,99,52,341,1,ECE,1
9.19,4,6,8,3,12,73,172,6,MECH,1
7.73,0,8,6,2,96,100,83,6,ECE,1
6.05,5,4,4,0,43,70,446,6,MECH,1
9.35,0,10,6,1,4,7,362,6,CSE,1
6.78,6,6,5,1,75,73,207,1,IT,1
7.47,5,1,2,2,30,96,365,3,CIVIL,1
7.47,4,0,2,1,73,12,118,1,CSE,1
9.81,0,7,5,1,77,87,264,2,CIVIL,1
7.82,1,3,4,1,4,7,278,7,MECH,1
7.16,6,6,6,0,31,20,454,4,CIVIL,1
9.92,6,10,7,3,46,37,253,2,ECE,1
6.2,6,8,3,3,50,4,75,6,CSE,1
9.85,1,3,7,0,45,60,243,8,IT,1
5.8,5,3,1,1,29,81,38,4,CSE,1
7.49,3,4,8,0,68,64,327,5,CIVIL,1
6.58,5,10,8,2,29,23,189,3,MECH,1
8.5,4,7,8,2,73,75,45,6,ECE,1
8.73,2,3,2,2,100,4,388,7,MECH,1
9.52,3,3,8,3,75,20,202,8,IT,1
6.99,0,8,6,2,16,53,427,1,CSE,1
9.22,4,2,5,2,14,70,276,1,CIVIL,1
7.44,1,3,7,0,90,93,319,7,CIVIL,1
6.77,5,7,1,2,77,72,276,1,CSE,1
7.15,3,6,5,2,83,25,136,7,CIVIL,1
5.93,2,4,2,0,34,36,468,8,CIVIL,1
8.55,2,7,0,2,94,56,404,1,ECE,1
6.86,0,5,5,1,22,96,323,8,CIVIL,1
5.93,4,3,3,1,44,52,15,3,CIVIL,1
6.52,2,1,4,3,5,43,275,3,ECE,1
7.59,0,3,4,0,68,39,144,3,CIVIL,1
5.95,4,10,5,1,60,34,272,8,CSE,1
7.59,1,6,7,3,71,38,492,6,ECE,1
6.29,5,3,3,0,61,85,493,8,MECH,1
9.31,6,0,5,1,84,72,134,2,ECE,1
7.5,1,9,8,0,54,23,254,3,IT,1
6.2,5,0,6,0,15,31,64,4,ECE,1
8.68,3,7,2,0,80,59,326,3,IT,1
6.08,4,9,8,2,82,50,480,4,CSE,1
8.1,4,5,6,2,33,13,224,7,CIVIL,1
6.31,5,9,7,1,83,32,47,2,CIVIL,1
9.75,4,5,0,3,92,100,405,1,MECH,1
8.44,0,5,7,3,43,73,225,6,ECE,1
7.52,1,5,5,3,13,45,435,2,MECH,1
6.01,0,4,4,1,98,49,180,6,CIVIL,1
6.57,0,9,5,1,99,31,273,5,MECH,1
8.82,4,10,7,3,87,51,340,1,CIVIL,1
9.1,2,5,2,2,21,74,23,2,IT,1
7.29,0,5,8,2,24,73,151,7,CIVIL,1
7.69,0,8,4,0,88,82,460,1,IT,1
9.48,4,2,4,2,49,23,76,3,CSE,1
8.09,6,0,2,0,70,60,438,8,MECH,1
6.71,1,8,7,2,59,86,440,4,MECH,1
8.74,2,0,0,0,37,6,425,4,CSE,1
6.73,0,10,3,1,88,58,337,5,MECH,1
7.92,4,6,2,1,64,95,282,5,ECE,1
7.26,0,2,3,2,82,82,320,5,CIVIL,1
7.54,4,2,7,3,39,19,458,6,CIVIL,1
6.0,6,3,1,1,10,44,354,2,CIVIL,1
5.96,1,9,2,3,69,78,255,2,IT,1
8.83,6,2,0,2,12,68,363,5,ECE,1
8.31,4,3,0,1,65,35,0,6,MECH,1
6.06,3,2,3,0,80,77,71,8,CSE,1
8.86,2,8,2,1,80,55,363,7,IT,1
7.64,3,1,7,3,6,3,488,3,CIVIL,1
7.12,6,2,5,3,24,88,447,5,IT,1
7.04,4,1,2,0,65,79,222,1,MECH,1
9.89,4,2,5,0,12,34,468,3,IT,1
6.51,2,2,6,0,56,56,350,4,ECE,1
7.35,6,9,6,1,6,60,333,4,CSE,1
6.87,6,2,6,3,82,55,100,5,MECH,1
9.54,4,10,7,1,16,6,158,6,CSE,1
5.9,1,7,6,0,45,46,200,4,IT,1
7.02,1,5,6,2,16,41,101,8,CSE,1
6.07,1,4,6,0,27,56,447,4,CSE,1
9.59,1,8,3,3,89,65,470,1,CSE,1
9.41,4,0,4,0,8,95,93,5,ECE,1
7.61,0,2,1,2,82,69,190,4,CIVIL,1
8.06,0,1,5,0,41,55,280,2,CSE,1
9.69,0,9,1,3,11,71,71,2,IT,1
7.73,6,8,3,0,77,60,270,5,CSE,1
9.84,5,7,4,1,78,78,282,8,MECH,1
8.36,2,3,6,0,5,71,371,1,IT,1
9.15,6,7,6,1,75,77,423,2,IT,1
5.7,4,1,7,3,11,36,156,2,CIVIL,1
8.27,0,2,5,3,96,12,216,2,MECH,1
9.05,3,7,8,0,89,0,270,3,ECE,1
7.32,5,2,0,2,100,93,476,7,ECE,1
8.17,4,8,8,0,92,3,271,2,CSE,1
6.94,4,0,1,3,51,70,417,5,MECH,1
6.79,1,4,8,1,85,37,109,4,CSE,1
7.49,3,0,1,1,76,21,110,1,ECE,1
9.72,4,7,8,1,57,51,309,2,ECE,1
8.14,6,3,6,2,98,16,438,7,IT,1
8.39,1,8,4,2,21,0,169,1,CSE,1
8.06,1,6,0,0,78,99,313,1,IT,1
8.64,4,6,1,0,74,54,54,2,IT,1
6.65,6,6,8,3,9,56,379,8,MECH,1
9.0,3,3,1,3,26,26,456,5,ECE,1
9.07,3,6,5,0,20,49,380,1,CSE,1
9.91,0,10,3,1,84,28,369,2,MECH,1
6.45,2,5,7,1,57,33,444,5,MECH,1
5.52,5,5,5,2,90,79,25,6,CIVIL,1
9.45,5,5,7,3,24,53,423,3,ECE,1
8.59,3,8,3,1,83,55,283,2,CSE,1
7.86,2,10,8,0,47,60,160,1,ECE,1
9.27,4,6,6,1,89,60,265,7,CIVIL,1
7.78,4,0,1,3,86,23,59,7,CIVIL,1
9.74,1,2,1,0,22,20,39,1,MECH,1
9.82,3,3,1,3,58,64,141,6,CSE,1
7.4,1,5,5,1,0,3,186,4,CIVIL,1
8.11,1,9,8,1,73,61,114,4,CSE,1
6.86,6,3,0,1,26,55,347,6,IT,1
7.52,5,3,1,2,15,1,148,8,MECH,1
6.13,6,5,1,3,32,21,98,1,CIVIL,1
5.76,2,3,7,0,4,15,452,1,IT,1
7.07,0,4,8,3,74,43,287,5,ECE,1
7.56,5,6,5,0,13,79,382,5,CIVIL,1
7.69,4,2,5,0,41,20,13,8,MECH,1
9.26,6,2,5,3,23,66,158,7,ECE,1
5.97,4,6,0,2,73,42,457,4,IT,1
8.97,6,10,5,0,38,57,220,5,CIVIL,1
6.06,6,1,5,2,5,45,397,8,MECH,1
7.83,5,0,3,3,41,24,283,4,IT,1
6.82,5,1,8,0,38,40,394,8,MECH,1
8.78,6,10,2,0,99,26,66,6,CIVIL,1
6.85,4,3,1,2,21,24,139,1,CSE,1
7.52,2,3,5,1,99,17,128,3,IT,1
8.05,3,1,6,2,1,67,455,2,CSE,1
8.75,4,1,5,1,64,36,246,8,ECE,1
6.3,6,3,2,3,43,3,201,7,ECE,1
7.87,2,7,4,1,62,75,63,3,CIVIL,1
7.81,1,4,8,0,92,85,63,7,MECH,1
7.79,6,7,2,2,15,14,361,3,MECH,1
8.83,0,6,8,0,8,82,185,6,IT,1
7.59,2,0,8,0,43,14,330,7,ECE,1
6.14,4,0,6,0,17,9,411,6,CIVIL,1
8.15,0,2,3,2,23,80,494,7,MECH,1
7.22,0,7,3,3,18,95,111,3,CSE,1
8.9,5,8,7,2,5,33,335,6,ECE,1
6.81,0,2,5,3,99,98,54,7,CIVIL,1
8.13,6,4,8,0,76,0,178,2,CIVIL,1
7.22,3,7,7,1,42,28,428,1,MECH,1
7.63,6,3,5,0,3,50,29,2,MECH,1
6.82,4,7,8,0,46,73,161,4,MECH,1
8.61,0,9,3,0,14,60,434,1,ECE,1
6.72,5,1,1,2,45,18,371,2,IT,1
7.02,0,5,6,3,45,79,207,6,IT,1
6.51,4,9,5,2,94,38,120,3,ECE,1
7.31,6,6,3,1,100,96,220,5,CSE,1
6.74,6,2,7,3,36,7,499,4,IT,1
8.0,4,6,1,1,100,10,59,2,CIVIL,1
8.75,6,6,6,2,19,84,396,6,IT,1
5.99,6,3,3,0,83,89,427,4,IT,1
9.79,1,3,3,0,98,89,435,8,CSE,1
8.04,5,6,3,0,3,36,109,2,IT,1
6.48,5,8,8,1,5,82,236,1,MECH,1
8.44,4,7,8,3,98,7,469,1,CSE,1
7.41,2,9,5,0,80,49,388,8,ECE,1
5.6,5,4,8,1,88,45,233,3,IT,1
6.53,1,6,3,1,78,71,305,5,MECH,1
9.27,4,7,7,3,57,4,239,1,IT,1
7.82,4,7,8,3,4,2,256,2,MECH,1
9.26,4,1,8,0,78,48,56,3,ECE,1
8.79,0,7,4,2,88,80,260,6,CSE,1
7.68,5,7,4,0,32,48,455,5,ECE,1
6.63,2,10,5,3,91,43,392,3,ECE,1
8.03,0,5,3,1,85,58,422,6,CIVIL,1
7.29,2,4,7,2,70,85,485,3,ECE,1
6.56,3,5,1,0,20,91,288,1,ECE,1
7.25,2,0,8,2,40,41,304,6,IT,1
9.47,2,3,5,1,67,28,223,5,MECH,1
9.29,2,5,8,2,49,39,389,7,ECE,1
9.32,4,5,2,3,17,72,0,1,MECH,1
7.71,6,5,3,1,91,21,220,5,MECH,1
7.91,2,3,2,3,14,57,363,3,CIVIL,1
8.99,4,9,3,0,19,83,294,7,CIVIL,1
6.87,4,3,4,0,89,83,459,7,MECH,1
7.44,1,7,1,0,89,13,140,8,CSE,1
8.78,2,3,3,0,70,56,143,3,CSE,1
9.63,3,2,4,0,3,61,475,3,CIVIL,1
5.83,6,8,0,1,53,75,190,6,CSE,1
6.05,5,3,6,3,85,79,241,5,CSE,1
9.87,4,0,1,2,99,35,252,6,ECE,1
6.25,5,10,2,0,58,17,499,8,MECH,1
5.54,4,9,7,2,12,63,59,3,MECH,1
6.14,4,6,5,1,10,0,74,1,CSE,1
6.64,3,5,5,0,22,37,454,8,CSE,1
6.61,4,1,6,2,22,44,391,3,MECH,1
5.82,2,0,4,1,77,53,444,1,ECE,1
7.02,0,7,0,3,26,65,299,3,CIVIL,1
8.84,6,1,5,0,42,65,146,7,IT,1
8.03,3,7,7,3,99,46,59,5,CSE,1
9.59,1,7,7,1,87,88,487,2,ECE,1
6.51,1,7,5,3,75,30,4,2,CSE,1
6.01,6,1,3,3,27,40,344,3,MECH,1
9.59,1,8,8,0,58,28,234,5,MECH,1
7.33,3,4,8,0,20,88,23,5,MECH,1
8.06,1,9,1,3,11,2,0,2,CIVIL,1
8.86,6,5,6,2,33,81,392,3,CSE,1
9.0,1,10,2,1,95,81,443,8,CIVIL,1
8.16,2,8,5,3,47,71,213,4,CSE,1
9.08,1,7,1,0,17,52,325,8,MECH,1
5.82,5,10,5,2,55,15,37,1,IT,1
9.84,6,4,8,2,91,27,132,2,IT,1
9.67,3,2,8,2,59,47,229,8,CSE,1
7.63,0,7,6,1,35,27,335,8,ECE,1
5.66,1,4,7,1,26,20,228,3,ECE,1
7.63,1,1,0,1,47,50,184,8,MECH,1
8.23,5,2,2,1,70,96,353,8,MECH,1
7.35,5,2,6,2,20,54,473,7,MECH,1
8.56,2,8,0,0,50,96,283,8,ECE,1
5.57,6,2,4,0,91,52,226,4,ECE,1
9.01,0,0,7,3,71,72,227,5,CIVIL,1
6.06,2,1,0,0,70,30,213,1,ECE,1
7.34,3,10,1,1,97,22,307,4,ECE,1
6.69,3,9,6,0,78,94,59,1,CSE,1
9.35,4,2,5,2,84,70,324,6,ECE,1
9.28,2,0,1,1,1,63,330,8,ECE,1
7.84,1,8,2,3,21,2,448,5,CSE,1
8.42,0,1,0,0,76,21,82,7,MECH,1
8.15,3,10,7,0,44,1,452,1,MECH,1
8.38,3,10,0,0,14,75,402,2,IT,1
7.77,4,8,3,2,73,60,176,4,MECH,1
8.11,2,4,5,0,89,21,83,8,ECE,1
8.92,1,1,4,3,49,34,327,1,CIVIL,1
5.85,3,5,3,2,64,88,366,3,MECH,1
9.33,4,0,7,1,35,10,118,1,ECE,1
6.52,5,10,4,3,61,12,348,6,IT,1
7.13,5,10,3,1,40,94,232,5,IT,1
6.6,0,6,3,0,93,50,462,4,CIVIL,1
9.11,1,1,3,1,6,67,376,5,CIVIL,1
7.75,0,4,2,3,83,27,169,4,IT,1
8.41,4,6,8,2,86,25,107,4,ECE,1
6.92,5,8,8,3,90,23,259,8,IT,1
7.82,5,0,2,1,75,63,130,4,MECH,1
8.29,6,10,4,3,1,26,275,6,IT,1
5.61,5,2,1,3,42,44,384,1,ECE,1
9.65,2,2,5,2,21,79,412,6,MECH,1
9.52,0,10,8,2,15,5,336,6,ECE,1
9.82,2,1,6,0,79,8,307,4,ECE,1
8.82,0,9,3,3,98,7,249,1,CIVIL,1
6.78,1,2,6,2,47,61,290,7,IT,1
9.36,0,7,0,3,86,56,250,4,IT,1
6.29,0,1,6,1,52,5,25,3,CSE,1
6.52,5,5,0,2,93,1,130,5,MECH,1
7.23,5,10,2,1,59,84,394,3,CIVIL,1
6.12,6,2,7,1,98,94,261,1,IT,1
7.07,1,8,8,0,17,51,1,6,CIVIL,1
6.37,3,9,1,1,6,12,385,2,ECE,1
8.85,2,2,8,2,75,31,305,4,CSE,1
7.81,6,4,2,3,3,15,169,2,CSE,1
7.33,3,2,8,0,11,2,215,3,MECH,1
7.29,0,1,6,0,42,69,499,4,CIVIL,1
7.5,0,3,7,0,85,66,150,5,IT,1
9.8,3,3,1,2,77,43,82,5,MECH,0
8.58,3,4,8,0,95,82,430,5,IT,1
6.62,2,9,0,1,32,53,81,5,IT,1
6.92,6,6,1,1,15,93,146,5,CSE,1
7.46,4,1,3,1,4,26,311,7,IT,1
6.58,0,5,8,2,30,43,475,1,IT,1
7.59,2,7,3,0,91,13,2,8,IT,1
5.71,0,6,0,1,100,4,152,1,ECE,1
9.65,5,1,0,1,17,9,284,2,MECH,1
8.9,2,0,4,3,64,9,376,5,ECE,1
6.87,0,6,4,2,71,84,495,1,CSE,1
8.4,1,5,6,3,60,59,448,7,IT,1
8.04,0,5,7,0,23,45,239,1,CSE,1
8.64,3,10,6,2,73,41,179,7,ECE,1
9.99,6,9,8,2,67,0,318,3,CIVIL,1
8.91,0,2,0,1,51,100,106,2,CIVIL,1
8.57,6,7,0,1,88,37,369,2,ECE,1
6.51,5,3,5,0,89,51,348,5,MECH,1
6.09,5,3,6,3,38,55,335,6,ECE,1
6.8,0,2,0,2,11,81,228,8,CIVIL,1
8.73,3,0,8,3,14,30,98,4,CSE,1
9.17,2,4,4,3,12,81,385,1,MECH,1
7.85,6,7,2,0,89,98,371,6,MECH,1
8.45,1,4,5,2,30,85,121,8,MECH,1
9.29,1,2,8,1,22,74,371,6,MECH,1
8.44,1,5,1,1,52,10,100,7,CIVIL,1
7.88,6,10,4,2,23,37,74,4,MECH,1
5.84,1,1,5,2,45,5,419,2,ECE,1
8.12,5,5,2,0,78,73,350,7,CIVIL,1
8.49,5,0,4,0,30,8,314,4,MECH,1
9.63,1,3,2,2,81,12,431,7,CIVIL,1
8.01,6,5,8,3,49,19,481,5,CSE,1
8.76,0,5,0,1,100,67,238,7,ECE,1
6.86,1,7,2,1,85,39,456,4,CIVIL,1
6.99,0,1,0,2,98,58,340,6,MECH,1
9.79,4,0,1,3,28,62,314,7,IT,1
6.15,4,2,0,2,93,53,169,3,IT,1
8.04,5,8,5,0,71,50,72,1,CSE,1
7.16,6,0,7,2,82,67,207,1,CSE,1
7.99,1,0,5,2,58,23,95,7,ECE,1
5.72,1,2,8,0,14,2,383,3,MECH,1
8.84,4,3,7,1,27,58,494,4,ECE,1
9.12,1,9,3,0,46,97,367,2,ECE,1
9.96,2,4,4,2,40,63,113,4,CSE,1
8.94,2,1,0,1,9,98,435,2,ECE,1
8.72,5,10,2,2,45,26,137,2,IT,1
8.61,3,5,8,2,43,95,99,4,MECH,1
9.91,0,2,6,0,3,47,230,8,CSE,1
8.59,3,10,1,3,36,71,482,4,MECH,1
6.37,0,9,4,1,8,77,401,7,IT,1
6.06,1,0,8,1,19,87,196,1,IT,1
7.25,5,3,1,2,75,46,127,5,ECE,1
8.09,2,5,8,2,8,8,177,7,MECH,1
9.58,3,0,6,2,62,9,330,8,IT,1
7.68,5,5,3,1,9,80,19,5,CIVIL,1
8.69,3,7,7,0,77,64,55,8,CIVIL,1
6.93,6,7,7,1,53,84,253,4,ECE,1
8.95,0,2,0,3,15,7,415,1,MECH,0
6.46,6,1,7,1,24,59,41,2,CIVIL,1
6.61,2,7,6,1,85,89,317,3,ECE,1
8.13,3,4,4,0,48,86,349,3,ECE,1
8.71,6,2,3,3,4,5,495,4,CSE,1
8.1,1,9,8,2,100,60,70,7,IT,1
8.51,0,9,7,0,84,61,203,8,CIVIL,1
7.73,6,6,1,3,10,0,313,2,IT,1
5.69,5,8,6,2,83,31,489,2,ECE,1
8.64,3,4,8,0,29,21,395,5,CSE,1
7.26,0,6,2,3,63,32,358,2,CIVIL,1
7.19,5,9,4,1,19,29,286,7,IT,1
9.79,3,10,1,3,80,47,349,2,CIVIL,1
8.36,2,9,2,3,63,30,439,7,MECH,1
5.6,2,10,3,1,35,36,480,8,IT,1
7.25,1,9,3,2,94,70,320,7,ECE,1
7.64,1,10,4,1,77,26,45,6,MECH,1
8.56,6,10,6,2,95,46,73,5,IT,1
7.24,2,4,0,3,88,87,246,5,CIVIL,1
8.89,3,3,1,2,44,88,357,4,CIVIL,1
8.88,2,9,1,3,38,85,229,4,IT,1
7.66,4,8,0,3,5,26,36,2,ECE,1
8.39,4,6,5,0,73,95,262,6,IT,1
7.8,6,2,1,1,29,97,315,2,CSE,1
7.98,6,9,8,0,88,62,140,3,CIVIL,1
5.6,2,0,4,3,70,45,458,2,IT,1
8.25,2,6,4,3,55,21,275,6,IT,1
6.95,5,1,3,0,95,26,4,5,MECH,1
6.2,1,2,1,0,46,25,127,2,MECH,1
9.49,3,2,7,3,75,67,457,4,MECH,1
9.48,4,9,0,2,32,82,312,6,CSE,1
6.85,2,3,8,2,90,76,175,7,ECE,1
5.87,0,7,3,3,7,60,1,2,IT,1
6.05,5,2,7,2,93,8,485,5,MECH,1
6.04,1,7,7,1,25,95,6,2,ECE,1
7.36,4,1,3,1,21,64,46,5,CSE,1
7.07,0,6,1,0,95,94,442,4,CIVIL,1
7.08,6,1,8,1,51,17,157,5,CIVIL,1
6.91,3,9,5,0,70,93,138,4,MECH,1
7.43,6,2,8,0,9,16,491,4,CSE,1
8.92,0,10,6,2,89,27,221,8,IT,1
9.06,6,10,4,1,99,81,205,8,CSE,1
7.91,4,6,4,0,72,55,465,2,CSE,1
6.88,6,0,8,0,10,83,477,2,MECH,1
5.76,5,6,4,3,15,64,279,4,CSE,1
6.7,1,7,0,3,69,20,303,2,MECH,1
8.91,5,6,0,1,22,74,145,2,MECH,1
7.64,2,5,1,3,94,25,161,4,IT,1
9.88,2,8,6,0,68,53,463,1,MECH,1
7.04,4,5,5,1,22,52,1,8,CSE,1
9.13,3,8,6,2,56,4,219,5,IT,1
5.79,2,0,7,2,44,53,320,7,CSE,1
7.93,3,2,4,1,31,46,151,5,CIVIL,1
7.4,4,8,4,3,40,74,329,2,CIVIL,1
5.9,3,8,7,0,12,15,469,6,CSE,1
6.34,1,5,6,1,23,46,193,5,CSE,1
6.69,1,6,4,0,87,47,347,1,CSE,1
6.57,4,6,2,1,48,12,233,3,IT,1
8.01,6,9,1,0,63,72,251,1,CSE,1
5.59,6,8,0,1,46,79,205,1,CSE,1
5.93,0,3,3,3,34,96,194,1,MECH,1
9.09,0,9,2,0,69,3,500,6,ECE,1
9.03,4,4,1,0,91,55,232,5,CIVIL,0
6.64,4,8,5,0,17,77,296,8,CSE,1
5.6,5,8,3,2,47,80,364,7,IT,1
9.0,5,6,3,2,2,26,393,6,ECE,1
9.16,4,2,6,2,7,100,229,8,CSE,1
7.18,4,8,1,2,88,33,38,8,IT,1
7.54,0,4,1,3,31,34,389,5,ECE,1
8.2,2,1,6,0,88,61,195,2,CSE,1
9.07,6,1,3,2,62,87,226,5,CSE,1
6.57,4,2,7,3,81,80,65,2,ECE,1
5.9,2,3,7,0,66,33,33,4,MECH,1
7.68,0,5,2,2,13,97,36,8,CSE,1
8.28,3,9,1,1,79,83,399,1,CSE,1
8.83,5,7,4,0,55,59,449,6,ECE,1
5.95,0,10,5,3,55,34,450,7,ECE,1
5.97,6,10,7,2,35,66,228,8,IT,1
7.48,5,8,1,2,23,74,321,6,CIVIL,1
9.63,3,4,8,3,88,96,447,5,MECH,1
5.65,4,0,4,0,16,30,234,6,MECH,1
6.49,4,5,6,1,80,23,482,3,CIVIL,1
9.22,5,4,1,0,67,1,109,7,CIVIL,1
7.36,1,4,6,0,20,35,136,3,MECH,1
6.79,6,9,7,1,67,15,225,3,MECH,1
8.42,2,1,1,3,31,45,44,6,IT,1
5.56,0,8,8,1,36,52,461,4,MECH,1
5.57,6,9,0,1,32,59,394,4,CSE,1
9.73,5,6,3,2,59,86,386,6,ECE,1
7.3,6,10,5,1,8,70,335,5,ECE,1
7.57,6,1,5,2,10,73,369,2,MECH,1
6.32,4,4,2,1,99,60,370,6,CIVIL,1
9.06,5,5,0,2,3,32,0,7,ECE,1
6.43,4,5,5,3,58,14,322,5,IT,1
7.42,2,5,5,2,6,24,185,8,CIVIL,1
9.16,6,3,0,3,48,29,1,7,MECH,1
9.06,2,8,0,3,25,7,370,1,CSE,1
6.81,2,3,2,2,36,87,311,8,IT,1
6.32,4,3,4,3,17,55,333,2,CIVIL,1
5.68,6,9,0,3,28,45,489,2,CSE,1
6.38,1,6,7,2,24,49,482,5,ECE,1
7.95,6,6,4,3,77,24,265,8,MECH,1
6.51,3,1,5,0,73,68,190,2,MECH,1
8.48,0,10,4,2,19,18,456,3,CIVIL,1
6.65,6,10,8,2,77,3,415,7,CIVIL,1
5.97,2,1,7,3,61,4,155,6,CIVIL,1
7.92,2,2,8,1,20,64,424,4,CIVIL,1
9.04,1,3,6,3,79,91,92,8,ECE,1
7.31,0,1,7,2,85,35,170,1,MECH,1
8.01,1,10,5,0,52,10,405,1,ECE,1
8.45,5,8,1,1,70,54,385,1,CIVIL,1
7.28,3,4,1,3,37,46,120,1,ECE,1
6.01,1,3,5,2,84,40,350,5,MECH,0
8.34,2,1,3,0,79,70,341,8,MECH,1
8.07,5,0,3,2,65,74,16,5,CSE,1
9.16,2,7,1,3,20,75,4,5,CSE,1
8.47,0,5,5,1,49,50,472,1,CSE,1
7.23,6,5,3,3,25,91,400,6,ECE,1
8.56,6,7,6,1,25,26,308,5,CSE,1
9.64,1,3,0,2,50,4,5,6,MECH,1
9.2,6,5,7,1,55,4,217,2,CSE,1
7.77,2,9,5,3,10,10,365,2,CSE,1
9.17,0,6,3,0,88,46,406,6,MECH,1
6.99,2,8,6,0,96,16,215,7,ECE,1
8.22,2,10,4,1,33,84,374,3,ECE,1
6.57,1,0,5,0,73,82,37,2,CIVIL,1
9.8,4,1,6,0,94,0,433,3,IT,1
7.07,3,6,2,1,54,90,264,7,IT,1
9.86,2,9,4,2,89,43,445,7,CIVIL,1
6.51,3,3,4,1,87,62,78,6,IT,1
7.07,5,5,6,2,9,62,287,2,CSE,1
6.38,2,8,0,1,0,26,477,4,CSE,1
8.87,1,10,0,3,16,79,329,4,CSE,1
6.15,4,9,5,1,58,64,483,8,CIVIL,1
7.94,1,0,6,3,9,9,218,8,IT,1
6.3,6,0,4,2,50,30,464,4,MECH,1
8.57,5,1,0,3,91,68,150,4,CIVIL,1
6.85,5,6,8,3,41,93,259,7,CSE,1
7.4,3,4,5,0,14,22,52,1,CSE,1
8.1,6,7,2,1,2,93,365,1,IT,1
8.51,0,4,3,2,54,80,458,7,IT,1
6.29,6,0,1,3,48,26,449,7,IT,1
8.22,6,2,4,1,62,67,290,6,ECE,1
8.02,1,8,5,3,66,41,363,7,IT,1
6.0,1,2,3,2,88,83,275,4,CSE,1
9.82,5,6,1,1,71,82,99,6,IT,1
9.97,6,9,7,1,95,42,331,2,CIVIL,1
9.14,5,1,0,1,54,34,476,2,CIVIL,1
7.98,4,6,4,1,1,5,25,2,CIVIL,1
6.31,4,9,6,3,64,94,408,7,IT,1
9.71,4,4,6,2,1,59,249,3,CSE,1
9.54,1,10,7,3,42,13,486,7,MECH,1
6.74,0,3,5,1,31,34,168,8,CIVIL,1
9.81,0,4,4,3,91,56,186,2,CSE,1
8.6,2,3,5,1,96,10,71,5,CSE,1
8.95,2,8,0,3,41,17,178,7,CSE,1
5.64,5,1,5,3,22,9,241,4,MECH,1
6.93,3,10,4,2,2,80,493,1,CIVIL,1
7.22,1,9,5,1,33,73,362,4,MECH,1
7.18,0,6,0,0,26,81,277,3,CSE,1
6.26,4,1,3,1,10,90,376,4,CSE,1
6.22,4,6,7,1,23,33,76,8,CSE,1
8.22,0,2,4,3,11,89,70,7,IT,1
7.84,1,1,3,1,97,58,0,2,IT,1
6.8,4,8,2,2,41,11,93,8,CSE,1
7.99,3,10,5,3,29,91,213,8,IT,1
7.01,0,10,1,1,76,82,34,2,CSE,1
6.76,3,8,5,2,27,10,215,6,IT,1
8.0,4,3,0,0,59,79,120,6,ECE,1
7.42,6,5,7,3,38,10,309,5,ECE,1
9.85,2,2,5,0,0,18,364,4,CIVIL,1
7.62,2,10,0,2,70,88,56,8,CIVIL,1
6.95,6,4,1,3,19,31,211,6,CSE,1
6.91,1,9,7,1,47,82,302,3,CIVIL,1
9.46,2,1,1,1,62,21,138,5,MECH,1
8.6,6,0,1,1,51,76,223,7,IT,1
8.26,6,3,1,3,23,71,370,2,ECE,1
8.32,6,9,0,2,10,62,191,7,CSE,1
7.42,1,4,2,2,48,42,254,6,MECH,1
5.8,5,5,5,3,63,84,43,8,CSE,1
8.01,4,3,3,2,4,64,375,8,IT,1
7.03,1,2,3,3,40,4,214,5,IT,1
8.3,6,10,0,3,39,58,314,5,CSE,1
7.97,5,9,1,2,56,61,113,4,CSE,1
7.89,2,0,5,0,8,77,196,2,CSE,1
5.51,6,10,7,3,78,34,375,4,CIVIL,1
8.81,5,10,4,3,69,50,22,3,CSE,1
9.33,2,1,8,2,75,5,121,8,CSE,1
5.95,5,2,5,3,18,61,156,6,CSE,1
8.5,4,8,0,0,62,1,333,7,CIVIL,1
7.44,2,6,4,0,76,96,281,6,ECE,1
6.03,2,2,1,2,46,47,326,5,ECE,1
8.66,4,6,6,0,90,47,320,8,CSE,1
9.51,1,4,5,2,52,70,196,7,CIVIL,1
9.43,2,9,5,1,73,36,450,5,IT,1
8.24,0,8,6,3,65,75,210,2,ECE,1
7.95,6,5,7,1,12,60,33,6,ECE,1
8.62,3,0,0,0,88,47,297,5,MECH,1
8.55,1,0,0,2,53,34,150,5,CSE,1
8.87,1,10,0,0,92,34,279,7,CIVIL,1
7.59,1,3,7,0,94,58,369,8,CIVIL,1
6.1,1,0,5,3,42,28,40,4,CSE,1
6.52,6,0,4,2,68,35,368,4,IT,1
7.31,1,2,1,2,64,9,383,6,CIVIL,1
7.61,4,10,3,0,55,44,75,1,MECH,1
7.72,3,3,2,2,70,59,93,7,CIVIL,1
5.82,6,4,4,0,45,34,130,8,CIVIL,1
9.53,5,3,3,0,7,85,210,2,CIVIL,1
6.3,0,6,2,0,63,45,195,8,ECE,1
9.11,5,9,8,2,40,19,354,4,MECH,1
7.22,1,8,4,1,18,0,276,3,IT,1
7.63,6,10,6,2,28,21,190,2,IT,1
9.0,3,2,8,2,93,41,282,7,MECH,1
5.81,4,6,2,2,65,13,85,6,IT,1
7.48,5,8,7,3,96,41,394,3,IT,1
8.95,3,10,0,1,90,95,315,5,MECH,1
9.8,2,7,1,0,72,30,309,7,CIVIL,1
6.77,2,6,2,3,42,17,255,6,IT,1
7.8,4,8,6,0,54,1,126,3,CIVIL,1
9.21,1,3,6,2,30,46,80,7,CSE,1
8.59,6,8,8,3,19,72,446,4,MECH,1
9.45,4,3,0,1,72,2,66,2,MECH,1
5.94,0,3,2,1,71,83,59,4,CSE,1
9.51,2,3,1,0,86,82,426,1,CIVIL,1
5.82,1,8,2,3,9,20,275,6,CSE,1
6.02,1,5,3,2,45,27,9,7,CIVIL,1
6.99,2,5,3,3,5,84,489,5,MECH,1
6.96,5,1,2,3,91,65,72,7,CIVIL,1
7.37,2,1,6,3,12,78,152,5,ECE,1
8.34,4,0,3,1,48,26,155,8,IT,1
9.18,4,10,3,3,9,46,384,6,ECE,1
9.91,4,7,1,3,60,11,54,4,CIVIL,1
6.7,6,8,1,2,74,90,185,7,MECH,1
6.62,3,10,3,2,51,2,60,7,MECH,1
9.58,6,8,1,1,80,75,97,1,ECE,1
8.03,4,6,5,0,86,6,455,5,CIVIL,1
7.86,1,5,3,0,19,37,362,4,IT,1
8.72,1,9,8,1,11,57,425,3,CSE,1
8.52,5,1,7,2,97,34,231,5,MECH,1
6.21,2,4,6,0,54,48,368,3,IT,1
7.15,4,4,1,0,75,88,93,1,CIVIL,1
8.08,1,3,3,0,76,97,295,4,MECH,1
6.37,3,5,0,1,56,57,106,4,MECH,1
8.0,4,7,5,3,29,74,36,6,CIVIL,1
7.29,4,0,7,1,100,26,189,1,CIVIL,1
7.26,4,10,2,1,66,15,315,3,IT,1
9.73,3,4,3,3,91,62,43,3,CSE,1
6.96,4,2,6,3,68,22,368,8,ECE,1
8.47,1,5,3,2,76,79,148,4,IT,1
9.37,1,7,4,2,3,29,119,4,CSE,1
6.08,6,2,4,0,2,67,223,1,IT,1
6.42,5,8,3,0,33,5,397,5,CIVIL,1
8.74,0,6,3,3,84,83,276,5,ECE,1
9.21,2,8,7,3,96,44,352,8,CIVIL,1
9.46,2,9,7,0,6,49,368,8,CSE,1
9.4,3,8,4,2,77,8,111,3,CIVIL,1
9.36,5,1,5,0,13,57,356,3,CSE,1
7.18,0,4,8,0,20,16,351,6,CSE,1
8.14,5,8,5,3,69,64,35,6,CIVIL,1
8.68,4,10,0,3,69,41,206,2,CSE,1
9.13,5,10,4,3,76,46,129,3,ECE,1
8.52,1,6,8,3,35,16,321,3,MECH,1
9.27,3,9,8,2,75,66,338,7,ECE,1
6.05,3,6,6,1,23,66,328,6,IT,1
9.43,1,8,4,2,84,50,479,2,MECH,1
9.44,6,4,7,0,32,100,77,8,IT,1
6.34,2,5,5,0,34,56,160,5,CSE,1
6.61,5,0,8,3,54,96,51,1,ECE,1
8.11,4,0,1,2,60,89,408,1,IT,1
6.35,5,5,6,2,98,45,189,7,CSE,1
6.2,5,5,0,3,26,24,142,5,CSE,1
7.62,2,5,0,0,50,27,177,6,CIVIL,1
9.75,4,10,8,3,75,3,53,1,CIVIL,1
9.14,3,0,4,3,42,49,115,5,IT,1
6.5,4,1,4,0,62,96,111,1,IT,1
6.15,4,0,3,0,15,29,339,2,CIVIL,1
6.74,3,4,1,3,6,100,197,2,ECE,1
6.53,6,0,3,0,77,41,406,2,ECE,1
6.44,6,5,2,0,14,61,225,1,CIVIL,1
8.55,2,2,1,2,63,59,401,8,MECH,0
9.86,0,6,5,3,55,47,97,6,CIVIL,1
6.5,0,2,6,2,54,38,485,5,MECH,1
9.46,0,9,0,0,25,39,200,7,MECH,1
6.52,6,0,6,3,42,59,126,4,IT,1
6.71,1,5,3,2,72,45,250,4,IT,1
8.91,1,0,4,0,82,38,216,1,IT,1
9.67,0,9,0,2,14,23,51,1,ECE,1
6.19,5,5,7,0,1,71,163,4,ECE,1
5.93,4,3,7,1,7,94,216,6,ECE,1
5.96,0,8,7,1,86,75,206,6,CSE,1
6.48,2,1,0,0,94,84,388,6,MECH,1
9.0,5,1,0,0,44,20,101,7,MECH,1
9.22,1,0,4,1,54,11,340,6,MECH,1
6.5,1,6,3,0,7,45,255,4,IT,1
9.77,5,7,7,0,6,53,272,5,ECE,1
9.3,2,3,0,0,90,66,83,1,CSE,1
9.41,5,7,3,3,26,34,83,7,CIVIL,1
6.92,5,5,7,3,55,28,71,3,IT,1
8.91,3,2,5,1,11,29,416,4,CIVIL,1
7.92,4,7,2,2,58,37,34,6,MECH,1
9.6,2,4,3,0,18,58,358,3,MECH,1
7.5,3,9,8,3,12,3,450,5,MECH,1
9.73,2,9,3,1,46,71,450,4,IT,1
9.07,1,6,1,3,54,11,37,8,MECH,1
7.68,5,1,7,2,89,90,289,4,CSE,1
8.89,5,3,5,3,54,5,24,1,ECE,1
7.27,4,5,7,2,63,20,53,3,CSE,1
6.7,4,9,6,3,37,6,75,8,IT,1
5.94,0,2,0,2,49,96,49,1,MECH,1
7.68,4,0,7,3,25,77,46,8,ECE,1
6.79,3,1,5,3,21,45,266,5,CSE,1
9.01,5,9,2,2,15,38,400,2,MECH,1
7.12,6,8,4,1,37,18,33,6,MECH,1
7.75,2,8,0,2,12,52,230,4,CIVIL,1
6.64,3,7,1,2,97,39,223,7,ECE,1
9.48,5,4,6,0,85,32,153,3,CIVIL,1
7.96,1,2,4,3,71,41,56,3,IT,1
6.36,1,7,0,0,50,93,441,2,ECE,1
6.44,6,1,7,0,95,54,71,6,IT,1
6.22,6,10,6,0,25,54,213,1,IT,1
5.84,1,3,8,3,13,18,338,5,ECE,1
7.99,2,2,7,0,4,6,236,4,ECE,1
9.3,5,2,6,0,94,61,341,4,CSE,1
6.55,5,7,3,0,17,81,15,8,MECH,1
6.91,4,10,6,1,58,33,45,5,CSE,1
8.1,4,10,4,1,91,46,382,3,IT,1
8.69,3,8,1,1,100,1,219,8,CIVIL,1
7.51,1,10,3,1,91,75,439,6,IT,1
6.84,3,10,8,3,92,70,446,7,CIVIL,1
8.09,0,9,7,0,45,99,155,4,IT,1
8.2,6,3,5,1,14,94,234,7,CIVIL,1
5.62,6,9,3,3,62,63,75,2,IT,1
6.59,2,9,4,2,88,22,96,3,CIVIL,1
9.01,4,4,8,1,86,16,50,6,MECH,1
9.23,2,4,8,0,53,41,382,1,CIVIL,1
7.76,4,1,3,3,41,57,65,7,IT,1
6.56,0,4,2,2,57,33,54,1,ECE,1
8.21,3,0,5,2,85,50,112,7,MECH,1
9.28,4,9,7,3,11,32,354,5,CIVIL,1
7.58,1,2,3,0,86,0,384,8,IT,1
6.17,6,10,1,2,18,39,96,3,CIVIL,1
5.92,0,5,5,0,13,48,67,4,CSE,1
8.65,6,9,2,2,21,26,312,2,IT,1
6.87,5,1,6,3,53,94,268,2,CIVIL,1
9.49,3,10,6,3,53,17,431,4,ECE,1
5.94,5,4,6,1,79,75,5,2,MECH,1
9.49,0,10,5,3,6,92,318,7,MECH,1
9.58,1,2,3,0,18,24,424,4,MECH,1
7.78,3,4,5,0,52,47,451,8,ECE,1
7.07,6,9,6,1,50,85,310,3,IT,1
7.15,0,8,4,1,9,94,217,1,CSE,1
6.35,2,6,7,2,19,87,359,8,IT,1
8.77,1,4,5,1,78,43,399,6,CIVIL,1
7.77,4,2,2,0,64,40,121,6,ECE,1
8.05,6,4,4,3,98,96,16,5,MECH,1
8.18,4,7,1,1,38,11,460,2,ECE,1
8.09,0,2,4,2,19,34,37,8,IT,1
8.45,3,1,5,1,47,92,292,8,CSE,1
8.7,1,10,3,2,25,23,165,6,MECH,1
6.82,6,3,4,1,44,12,90,8,ECE,1
8.79,5,3,1,2,21,83,263,8,MECH,1
6.93,2,9,5,2,70,87,458,6,CIVIL,1
6.87,6,8,8,2,89,81,199,5,MECH,1
9.41,3,0,5,2,79,55,52,6,IT,1
5.94,2,6,3,2,33,87,207,1,MECH,1
7.85,4,6,4,1,99,20,249,2,IT,1
5.65,3,9,5,2,56,17,173,6,ECE,1
7.28,1,1,8,3,63,76,131,4,IT,1
5.78,6,2,4,2,30,11,16,3,CSE,1
8.08,3,7,2,1,43,63,197,8,IT,1
7.39,5,1,6,0,35,64,71,3,CIVIL,1
9.51,4,3,3,0,59,93,398,4,ECE,1
5.79,3,1,8,0,52,32,212,3,ECE,1
8.36,3,10,7,2,95,36,401,2,IT,1
6.32,4,3,6,0,9,23,130,2,MECH,1
9.77,2,5,5,1,64,98,468,4,ECE,1
5.57,2,3,5,1,49,87,137,6,MECH,1
9.26,2,2,3,3,26,82,43,1,MECH,1
8.72,3,2,7,0,38,29,494,8,ECE,1
5.53,3,5,4,1,60,95,73,8,IT,1
8.75,5,3,5,0,45,20,78,7,MECH,1
7.03,0,3,0,3,86,43,21,2,ECE,1
8.95,0,2,2,0,88,96,80,1,CIVIL,1
7.64,2,5,2,3,55,33,307,2,CSE,1
8.69,0,5,4,1,84,72,17,5,CSE,1
8.9,4,0,0,3,9,49,471,8,IT,1
6.43,1,7,8,2,21,16,136,4,CSE,1
6.84,4,9,6,3,6,48,145,2,IT,1
5.79,2,4,0,0,99,84,279,1,CIVIL,1
7.04,4,8,3,1,8,27,159,4,MECH,1
9.14,3,3,2,0,3,69,200,7,CIVIL,1
9.24,0,8,5,3,39,46,67,8,CSE,1
6.2,2,10,4,3,99,2,350,5,CIVIL,1
8.1,4,8,7,3,13,27,154,6,MECH,1
7.46,0,3,1,1,13,99,75,2,CIVIL,1
8.28,5,9,5,0,8,42,222,8,MECH,1
5.51,1,0,0,2,22,15,192,4,CIVIL,1
7.34,1,5,7,1,23,60,345,3,MECH,1
7.68,6,1,0,3,22,2,221,8,CIVIL,1
8.67,3,2,1,1,72,10,122,8,MECH,1
7.15,2,2,2,3,51,99,149,4,CIVIL,1
6.52,3,10,4,2,93,33,6,2,MECH,1
6.27,0,5,4,3,6,96,55,7,MECH,1
6.74,6,5,5,2,68,78,482,3,ECE,1
6.75,1,3,2,0,69,76,235,7,ECE,1
8.15,1,3,1,0,18,44,128,8,ECE,1
7.95,1,8,7,1,8,36,125,4,CSE,1
7.01,6,10,0,3,66,95,456,1,ECE,1
8.39,0,8,0,0,76,82,120,3,IT,1
6.21,5,8,6,0,41,41,277,6,IT,1
9.38,6,7,5,3,61,68,238,2,ECE,1
7.58,3,3,6,2,33,0,281,5,CSE,1
9.85,4,4,1,1,54,13,464,7,CSE,1
7.7,1,7,0,1,57,100,130,2,CSE,1
5.71,1,8,7,1,48,93,485,4,IT,1
7.81,6,2,5,3,5,99,198,1,IT,1
7.34,0,5,8,2,42,72,476,3,MECH,1
6.75,6,1,3,3,69,66,405,6,CSE,1
6.98,3,2,1,3,17,64,158,5,MECH,1
9.09,4,2,6,1,34,65,148,5,MECH,1
9.88,2,6,3,3,45,4,184,7,ECE,1
8.23,0,8,6,2,43,98,219,1,CSE,1
9.71,4,8,0,3,7,26,115,5,ECE,1
8.57,0,8,8,0,3,32,318,4,CIVIL,1
7.29,0,3,8,3,86,100,121,6,IT,1
7.25,5,0,4,2,60,74,231,2,MECH,1
8.47,4,5,4,2,48,30,391,7,CSE,1
9.11,1,7,7,1,20,74,254,3,IT,1
6.34,1,0,1,3,17,36,202,5,MECH,1
7.42,3,1,2,1,45,35,376,8,MECH,1
8.91,6,0,4,0,13,60,226,3,IT,1
6.36,2,1,1,3,91,92,113,7,CIVIL,1
6.58,2,10,2,2,72,9,369,8,CSE,1
9.07,2,3,0,2,75,67,11,3,IT,1
8.57,4,3,7,3,76,56,185,7,CIVIL,1
7.72,4,5,6,1,95,2,342,4,IT,1
5.6,0,6,8,3,92,43,399,6,IT,1
7.23,0,1,4,2,12,88,132,2,IT,1
8.86,3,9,8,2,13,24,222,3,CSE,1
7.66,2,10,1,1,20,37,313,6,ECE,1
8.28,0,0,7,1,44,66,207,5,MECH,1
7.25,4,0,3,2,35,93,443,5,CSE,1
9.95,5,5,8,3,60,25,374,6,ECE,1
8.88,0,8,4,3,51,32,151,5,CSE,1
6.19,6,8,1,1,5,70,466,5,CIVIL,1
8.26,4,5,0,2,11,98,337,1,MECH,1
8.66,2,3,8,0,4,62,300,1,CSE,1
8.49,4,10,0,2,84,23,483,1,CIVIL,1
5.7,2,4,8,0,4,10,10,7,CSE,1
6.04,3,3,6,0,72,88,7,2,IT,1
6.84,6,9,8,2,24,39,343,5,IT,1
7.19,2,4,8,0,36,3,454,5,CIVIL,1
7.8,2,1,8,3,92,63,420,4,IT,1
7.65,1,7,3,1,63,62,39,4,IT,1
9.4,4,5,6,0,36,41,435,5,CSE,1
9.69,6,0,8,0,21,38,494,5,MECH,1
9.52,0,9,2,1,15,46,401,4,IT,1
8.73,4,10,2,1,80,15,257,4,CIVIL,1
6.54,5,7,4,1,37,16,20,7,IT,1
6.61,1,4,5,0,89,81,58,1,MECH,1
5.73,1,9,1,0,36,63,184,2,IT,1
9.5,4,7,8,3,82,36,167,5,CSE,1
6.52,1,7,0,3,86,37,482,6,MECH,1
7.38,2,4,8,3,60,54,277,1,CIVIL,1
7.07,4,0,1,2,81,12,128,4,IT,1
6.03,4,6,6,3,4,11,411,2,CIVIL,1
6.07,0,9,6,3,24,80,123,2,CIVIL,1
5.91,1,4,8,3,35,83,258,3,IT,1
9.79,5,0,0,3,68,38,389,4,ECE,1
6.88,4,2,1,3,73,55,365,3,IT,1
9.76,2,10,1,2,33,70,300,2,ECE,1
9.19,4,3,4,3,2,24,121,6,CSE,1
9.64,0,8,3,2,78,99,422,8,CSE,1
7.49,6,2,5,2,71,97,163,2,IT,1
6.56,3,8,5,0,67,84,14,3,ECE,1
8.67,2,4,4,2,84,28,40,8,ECE,1
9.9,5,2,2,0,32,17,402,4,MECH,1
9.46,0,5,5,3,7,48,395,4,ECE,1
6.34,0,5,8,0,84,61,92,4,IT,1
7.06,5,5,8,2,48,76,394,2,CIVIL,1
9.31,3,9,1,1,41,38,216,5,CSE,1
5.93,6,2,7,3,81,66,277,1,ECE,1
6.68,1,1,4,3,25,79,389,2,MECH,1
8.26,5,5,8,2,96,94,255,6,IT,1
9.86,6,3,7,3,32,34,67,7,ECE,1
8.41,4,10,1,2,13,32,153,8,ECE,1
9.54,1,5,1,0,36,27,433,6,CIVIL,1
8.99,2,3,7,0,14,24,440,5,ECE,1
7.48,5,1,7,0,77,10,87,7,MECH,1
7.18,4,2,7,1,25,31,341,6,ECE,1
8.94,0,9,3,1,90,68,443,7,CIVIL,1
8.3,6,1,8,3,15,54,160,2,CSE,1
5.5,4,2,0,0,90,5,331,6,MECH,1
8.18,1,3,8,2,85,7,425,1,CSE,1
7.4,3,8,7,2,41,14,91,1,ECE,1
7.71,6,3,6,1,24,36,254,6,CSE,1
6.31,2,1,5,0,3,69,401,8,CSE,1
8.41,1,3,0,2,94,62,27,1,MECH,1
5.85,4,4,7,2,27,100,295,1,MECH,1
7.09,2,10,4,3,23,36,419,2,CSE,1
7.54,6,2,6,3,91,70,485,4,CSE,1
6.45,0,8,7,1,21,95,92,6,MECH,1
7.5,1,1,8,3,47,3,395,7,MECH,1
6.64,4,0,3,1,99,52,360,7,CIVIL,1
6.63,2,5,0,2,24,23,457,2,CIVIL,1
9.99,2,8,6,2,53,41,290,1,IT,1
7.92,4,0,1,1,68,66,16,8,ECE,1
5.74,0,9,1,0,75,6,490,1,MECH,1
8.54,0,2,6,1,89,72,201,7,IT,1
8.37,3,8,6,3,24,80,69,2,CIVIL,1
6.22,2,10,7,1,55,97,372,1,CSE,1
7.69,2,4,3,0,79,69,378,3,CSE,1
7.21,3,8,2,3,98,37,497,3,ECE,1
9.8,6,9,0,0,3,57,95,7,MECH,1
6.24,4,1,2,0,86,38,141,3,CSE,1
7.09,1,2,1,2,99,35,480,3,IT,1
6.89,6,4,2,3,35,98,5,1,MECH,1
8.51,1,5,4,2,43,40,121,4,CIVIL,1
6.34,3,9,3,2,93,16,156,8,CIVIL,1
6.01,5,0,7,1,26,50,226,6,CSE,1
9.64,6,1,3,1,45,96,263,1,CSE,1
9.84,5,5,1,1,0,58,203,7,ECE,1
8.69,6,3,6,0,81,41,359,4,ECE,1
6.91,6,8,8,0,52,53,156,6,ECE,1
8.77,3,2,0,3,34,31,0,1,IT,1
5.85,6,5,0,3,69,65,328,1,CSE,1
6.28,4,5,5,0,91,69,23,4,ECE,1
9.86,1,10,4,3,72,38,62,5,CSE,1
6.37,5,8,8,0,77,48,170,8,IT,1
8.89,3,1,3,2,76,91,260,3,MECH,1
9.46,0,1,1,0,27,10,410,5,IT,1
5.63,3,6,1,3,29,28,57,2,IT,1
5.52,0,5,5,0,63,34,440,3,CIVIL,0
7.1,2,6,6,0,0,17,200,7,MECH,1
7.57,4,4,8,3,28,96,192,6,CIVIL,1
6.14,6,7,3,2,67,93,411,4,CIVIL,1
8.93,1,0,2,0,24,11,104,3,CIVIL,1
6.39,1,2,0,2,96,89,418,8,MECH,1
9.01,3,0,3,0,2,30,420,8,MECH,1
8.14,4,0,4,1,22,27,172,2,CSE,1
8.85,5,5,8,2,9,88,10,3,CIVIL,1
6.98,0,2,5,0,51,16,470,2,IT,1
9.56,2,0,8,3,46,55,166,4,MECH,1
8.01,4,6,3,2,27,55,129,6,CSE,1
6.01,6,8,7,2,64,21,228,5,IT,1
6.62,4,2,5,0,57,2,376,6,CIVIL,1
8.56,2,7,4,0,45,31,491,4,CIVIL,1
9.33,1,3,7,0,4,39,253,7,IT,1
8.66,2,3,7,1,29,56,127,4,ECE,1
7.2,6,10,1,2,7,70,0,8,CSE,1
7.47,4,6,6,0,82,85,372,1,CSE,1
8.61,0,9,6,3,73,50,240,1,ECE,1
9.41,0,7,5,2,49,87,130,2,IT,1
6.65,3,5,1,0,53,57,195,7,IT,1
6.01,4,1,2,0,61,84,344,3,CSE,1
5.68,3,10,4,1,25,88,157,6,CSE,1
9.88,2,9,6,0,19,44,364,5,IT,1
9.8,0,6,1,2,41,38,172,4,IT,1
7.15,3,5,2,0,93,13,390,4,ECE,1
6.48,4,6,7,2,82,9,106,7,CSE,1
8.72,5,0,4,1,0,65,26,7,CIVIL,1
6.57,6,6,0,3,85,42,54,4,ECE,1
6.52,4,3,4,2,26,34,32,3,IT,1
8.08,2,10,4,1,59,5,405,2,CIVIL,1
6.41,3,3,4,0,6,61,286,8,CSE,1
9.41,5,9,4,3,64,27,407,3,IT,1
7.29,2,0,0,3,5,28,292,1,IT,1
9.8,4,8,8,1,26,53,437,4,IT,1
7.01,4,1,3,3,61,33,208,8,CSE,1
7.97,1,4,0,3,42,89,226,3,CSE,1
6.32,5,9,5,1,83,83,69,7,MECH,1
7.78,5,4,4,3,69,62,107,8,MECH,1
6.77,2,7,3,0,23,36,412,4,ECE,1
9.98,4,6,5,3,52,56,372,7,MECH,1
6.9,3,10,4,0,89,100,366,2,CIVIL,1
9.79,5,6,6,2,93,1,373,2,CIVIL,1
7.62,3,6,6,0,100,46,221,5,CIVIL,1
9.25,4,7,2,2,95,71,291,8,MECH,1
8.66,5,3,3,1,12,84,142,1,ECE,1
6.29,5,6,7,0,36,87,104,2,CSE,1
7.06,4,7,7,2,69,8,239,7,CSE,1
7.88,0,10,6,0,29,21,378,1,MECH,1
5.91,2,9,2,3,66,25,334,7,CIVIL,1
6.09,0,2,4,3,68,39,57,6,CIVIL,1
8.95,4,3,6,0,4,65,272,5,CIVIL,1
6.34,6,0,0,3,23,97,226,4,ECE,1
6.54,0,0,4,0,83,97,3,7,ECE,1
7.51,5,10,3,2,53,55,329,3,IT,1
9.17,6,0,1,0,69,46,269,8,MECH,1
6.08,6,8,1,1,83,73,213,4,CIVIL,1
8.7,4,5,3,3,50,44,462,1,ECE,1
6.28,6,1,0,1,87,10,130,2,IT,1
9.86,5,1,4,3,79,20,296,6,IT,1
9.89,1,1,1,0,10,1,277,5,IT,1
8.31,4,6,0,3,32,57,387,8,MECH,1
5.96,3,8,3,2,78,26,312,5,IT,1
6.26,1,2,8,2,50,33,108,4,MECH,1
9.94,1,1,3,1,26,76,310,8,MECH,1
9.4,1,5,2,1,5,42,77,4,IT,1
9.42,6,6,4,3,54,10,203,4,ECE,1
7.43,1,3,8,1,14,82,333,7,CIVIL,1
9.89,3,9,8,0,22,45,455,2,CIVIL,1
6.88,6,5,4,2,28,49,361,2,ECE,1
9.89,6,0,1,0,16,38,400,7,IT,1
6.79,1,0,1,3,61,34,360,5,IT,1
9.51,3,1,6,2,34,74,68,5,ECE,1
7.48,4,6,7,0,9,72,486,8,MECH,1
6.47,5,7,3,2,20,9,331,6,ECE,1
7.88,5,1,7,2,21,88,292,7,IT,1
8.31,5,4,7,2,74,32,97,1,IT,1
7.37,2,10,2,3,90,79,334,2,IT,1
6.15,2,8,6,0,100,61,126,8,ECE,1
8.9,1,3,6,3,2,57,301,6,CSE,1
5.7,2,4,1,2,63,79,255,3,IT,1
6.12,0,8,5,3,92,71,369,8,CIVIL,1
8.41,4,0,3,2,47,93,86,6,MECH,1
5.6,2,1,1,1,70,7,209,3,ECE,1
8.97,5,2,3,3,84,52,6,6,CSE,1
8.85,2,1,6,2,0,41,334,3,ECE,1
5.84,5,4,3,3,84,64,329,5,IT,1
5.73,0,10,2,3,44,69,48,3,IT,1
9.5,3,0,1,1,25,27,296,8,CSE,1
9.82,0,9,2,1,0,70,444,8,IT,1
8.11,6,7,2,1,67,45,23,6,IT,1
6.37,5,8,0,3,6,11,202,5,ECE,1
7.45,6,5,1,2,38,73,168,1,ECE,1
5.63,6,4,1,1,44,78,21,7,ECE,1
8.87,6,5,4,3,21,83,353,7,MECH,1
7.39,1,10,6,0,0,55,378,7,IT,1
7.75,6,4,3,3,11,98,141,5,IT,1
6.43,3,7,4,3,74,65,258,2,IT,1
9.57,1,1,8,1,12,73,213,4,CSE,1
6.61,1,6,5,1,83,39,154,7,CSE,1
8.34,4,1,2,2,14,27,30,3,CSE,1
6.54,3,2,8,0,59,82,17,8,ECE,1
6.38,2,1,5,1,60,47,165,7,ECE,0
6.23,0,8,2,2,34,17,288,5,ECE,1
8.85,5,9,5,1,4,0,376,3,CIVIL,1
8.56,2,10,8,1,72,30,386,7,CSE,1
8.02,2,8,3,2,36,99,98,1,IT,1
8.43,5,7,4,1,29,81,236,4,CSE,1
6.81,0,8,7,0,44,17,104,2,CSE,1
8.42,6,0,0,0,51,2,102,4,MECH,1
6.81,0,1,2,1,42,59,49,7,CSE,1
5.94,1,9,3,2,99,46,122,4,ECE,1
8.26,3,3,8,1,65,23,475,1,ECE,1
5.79,2,6,6,0,25,23,469,7,CSE,1
7.89,2,5,2,3,74,17,246,2,CSE,1
8.84,1,6,4,1,71,53,75,7,CIVIL,1
5.93,6,9,7,1,91,85,229,4,CIVIL,1
7.83,0,9,2,1,49,41,370,1,ECE,1
7.47,5,0,0,2,8,87,291,7,CIVIL,1
7.48,0,7,1,3,33,74,372,1,MECH,1
7.2,6,0,4,2,34,98,226,1,MECH,0
8.77,3,6,8,2,19,13,107,6,IT,1
8.31,6,7,7,3,54,5,489,5,MECH,1
6.88,4,3,3,0,68,31,175,6,IT,1
8.92,4,5,4,0,52,13,210,6,CSE,1
9.08,6,8,7,3,60,76,319,6,ECE,1
8.39,3,0,6,2,91,16,476,8,ECE,1
5.53,6,5,0,3,12,38,213,8,CIVIL,1
6.81,0,5,8,3,59,20,38,5,ECE,0
8.07,6,5,5,0,9,46,236,3,CIVIL,1
7.78,1,8,2,2,11,30,463,8,MECH,1
7.13,5,8,4,2,82,41,399,3,MECH,1
6.72,3,10,3,0,71,6,213,5,CIVIL,1
6.89,1,0,2,1,89,43,456,5,CSE,1
8.15,2,5,7,3,14,9,268,2,CIVIL,1
5.68,0,10,3,2,57,30,349,4,IT,1
8.65,2,5,7,3,40,78,222,5,CIVIL,1
9.78,1,8,7,0,50,18,241,7,CIVIL,1
9.9,1,5,2,0,76,22,141,1,ECE,1
8.88,3,4,7,1,28,99,54,2,CIVIL,1
6.59,6,8,0,1,92,1,282,6,IT,1
7.87,6,5,1,0,92,23,496,3,ECE,1
7.47,2,6,7,2,26,35,236,8,CIVIL,1
9.07,3,8,1,0,24,84,250,3,MECH,1
8.59,6,1,2,3,85,97,416,6,CIVIL,1
8.88,3,7,5,2,33,47,238,4,CIVIL,1
6.5,3,8,0,2,41,39,7,2,IT,1
7.81,6,9,3,1,70,41,79,3,MECH,1
8.96,0,6,6,0,74,92,417,4,CSE,1
8.79,0,2,7,3,76,19,330,4,IT,1
8.67,6,1,3,3,29,92,285,8,CIVIL,1
5.58,2,0,3,1,91,30,450,8,IT,1
5.65,0,5,6,3,36,94,470,8,CSE,1
7.88,0,8,1,2,12,3,146,1,IT,1
7.96,2,5,8,0,18,62,68,1,IT,1
8.21,0,9,6,1,84,31,66,6,CSE,1
7.97,2,6,0,2,15,67,242,1,CIVIL,1
5.54,2,9,8,1,67,21,178,7,IT,1
9.16,5,0,3,3,39,60,443,3,CSE,1
8.15,4,3,7,1,52,73,138,5,IT,1
5.75,5,10,2,2,4,97,199,7,CSE,1
6.48,1,3,4,2,40,51,167,8,ECE,1
8.31,6,2,2,2,14,34,148,5,MECH,1
8.09,3,7,1,3,16,30,270,2,ECE,1
9.38,2,0,4,0,63,39,223,2,CSE,1
8.7,6,0,4,2,50,90,407,8,MECH,0
8.91,3,6,7,1,84,38,129,4,IT,1
5.76,4,1,2,2,88,46,404,1,CSE,1
8.17,6,3,1,2,69,21,352,8,MECH,1
5.8,5,3,7,3,30,20,239,3,MECH,1
7.46,4,9,7,0,40,4,471,2,MECH,1
8.27,0,2,0,3,8,26,351,2,CIVIL,1
6.5,6,7,8,1,72,69,27,6,MECH,1
6.31,5,9,7,0,9,85,103,3,ECE,1
6.97,2,10,3,0,18,25,402,2,CSE,1
5.7,5,3,6,3,99,98,422,6,CIVIL,1
8.82,5,7,2,0,19,95,408,7,MECH,1
9.33,2,5,6,3,13,36,335,5,ECE,1
9.04,6,8,5,2,14,71,438,4,CSE,1
9.08,0,1,7,1,55,89,250,8,CSE,1
7.22,2,2,7,2,17,58,258,1,IT,1
8.87,4,3,7,3,59,14,413,3,IT,1
7.53,6,0,2,1,44,1,466,5,IT,1
8.42,2,10,7,1,69,38,394,8,CIVIL,1
8.82,4,4,3,1,34,19,309,1,CSE,1
8.24,2,0,8,1,81,45,113,8,MECH,1
7.66,6,7,1,3,26,25,98,5,CIVIL,1
6.82,6,2,8,2,22,14,478,6,MECH,1
9.04,3,8,6,0,38,44,134,4,MECH,1
9.15,4,3,7,3,81,12,405,3,MECH,1
9.23,4,5,8,0,51,54,219,5,CSE,1
7.57,6,6,7,2,22,89,377,6,ECE,1
9.63,2,1,6,0,23,15,412,1,IT,1
9.69,6,9,7,3,8,5,307,7,ECE,1
5.51,4,0,3,3,90,48,75,5,CSE,1
5.86,6,5,5,0,18,90,395,5,MECH,1
7.56,2,8,7,3,99,21,90,6,CIVIL,1
6.3,5,5,5,1,51,38,35,7,CSE,1
8.15,0,6,5,2,17,38,238,8,ECE,1
7.26,0,6,4,2,29,7,288,7,MECH,1
8.11,6,3,3,1,60,58,375,8,CSE,1
6.25,1,3,3,3,14,80,407,3,CIVIL,1
7.07,4,5,2,0,95,8,76,3,CSE,1
8.75,3,10,1,1,71,34,151,8,CIVIL,1
6.91,4,2,2,3,34,26,355,7,CSE,1
7.58,1,6,8,0,28,12,195,5,MECH,1
6.72,2,7,5,3,63,52,330,4,CIVIL,1
6.31,2,0,6,2,57,91,354,6,CSE,1
9.87,5,8,5,3,7,68,37,6,CIVIL,1
6.75,1,3,7,2,39,47,489,6,ECE,1
9.84,2,8,7,3,72,68,494,1,ECE,1
8.26,6,2,8,1,60,77,459,8,CSE,1
9.83,0,1,1,1,6,62,442,4,CIVIL,1
5.82,2,10,5,0,96,49,389,7,CSE,1
6.68,1,7,8,0,19,73,37,2,IT,1
6.53,6,4,7,1,19,83,122,6,CIVIL,1
5.81,5,2,8,3,89,27,106,7,IT,1
6.73,5,4,0,2,40,68,333,3,IT,1
9.47,3,7,2,1,98,16,215,8,IT,1
5.68,0,3,1,2,9,68,160,6,MECH,1
5.79,6,3,7,1,17,18,112,3,MECH,1
8.14,3,5,1,0,46,19,138,8,CIVIL,1
9.91,3,5,0,3,43,24,385,2,CIVIL,1
9.72,6,2,5,1,72,81,223,7,CIVIL,1
5.64,5,0,8,1,39,34,158,8,CSE,1
5.52,3,3,7,3,0,66,411,5,ECE,1
8.85,2,8,1,1,52,94,86,6,IT,1
7.38,0,6,3,0,17,94,308,4,CSE,0
9.15,3,8,5,3,60,77,343,8,ECE,1
7.77,1,8,7,1,81,84,365,1,CIVIL,1
5.68,5,8,5,0,47,8,193,6,CSE,1
6.92,0,10,4,2,86,6,361,5,ECE,1
6.71,0,7,6,3,40,87,12,8,CSE,1
6.78,2,3,7,1,18,39,101,5,IT,1
7.83,3,0,1,3,20,21,152,7,MECH,1
8.24,4,0,1,0,26,80,156,7,IT,1
9.31,0,8,8,2,16,16,453,7,CIVIL,1
9.86,0,3,7,1,10,37,159,7,MECH,1
9.13,6,9,2,1,61,91,22,6,ECE,1
9.8,6,2,2,0,44,45,92,4,ECE,1
5.93,5,5,3,0,66,74,149,5,MECH,1
7.51,1,1,5,2,54,70,207,3,IT,1
6.32,0,8,2,2,65,77,23,1,CIVIL,1
6.5,3,9,7,0,23,79,37,2,CIVIL,1
6.26,5,10,3,3,50,87,232,6,IT,1
5.68,6,8,6,1,85,39,477,1,CIVIL,1
6.88,2,3,0,1,28,3,223,1,CSE,1
5.76,0,3,3,2,80,41,183,5,IT,1
8.97,1,1,8,2,39,25,39,4,ECE,1
6.92,5,2,5,3,97,33,410,8,ECE,1
5.59,4,6,6,0,44,84,335,2,ECE,1
7.8,3,9,8,2,83,39,58,2,ECE,1
5.86,2,9,6,1,14,81,152,5,MECH,1
6.1,0,10,1,2,19,70,248,4,CSE,1
6.58,1,0,1,0,48,86,451,6,ECE,1
9.09,5,6,7,0,33,44,437,8,MECH,1
6.18,4,7,4,3,84,57,446,4,CIVIL,1
8.72,4,6,8,1,81,63,202,2,ECE,1
7.79,0,2,2,0,14,1,370,1,ECE,1
6.2,3,8,2,0,41,78,404,6,IT,1
9.33,1,7,7,3,92,24,379,3,CIVIL,1
7.53,4,9,1,3,45,91,393,2,IT,1
9.59,2,7,8,0,84,78,445,2,CIVIL,1
6.76,5,0,2,2,45,15,443,6,CIVIL,1
6.67,6,4,4,3,77,65,148,1,CIVIL,0
6.05,5,0,5,1,50,32,409,3,MECH,1
8.36,0,10,5,2,19,49,141,7,CIVIL,1
9.77,6,0,7,0,26,72,152,5,IT,1
7.74,3,4,0,0,28,66,306,3,CIVIL,1
8.11,6,9,7,0,51,99,457,6,MECH,1
9.53,1,8,0,1,43,83,129,1,CSE,1
8.87,6,9,4,0,36,4,237,6,CIVIL,1
8.07,3,3,7,1,48,55,209,6,CSE,1
7.13,5,6,1,2,5,94,74,5,MECH,1
6.04,1,10,1,2,8,50,69,7,CSE,1
6.87,2,1,6,2,37,87,500,2,ECE,1
9.87,5,3,5,3,99,16,289,6,CSE,1
9.42,4,2,5,3,5,46,492,6,IT,1
7.77,4,4,4,0,84,52,496,7,ECE,1
9.15,6,3,8,2,78,40,126,7,CSE,1
7.95,3,0,4,1,72,73,90,5,ECE,1
5.75,1,10,6,1,48,46,24,3,CSE,1
8.4,3,8,8,3,57,24,77,4,MECH,1
9.09,6,5,5,2,2,95,432,1,CIVIL,1
8.55,3,7,8,0,22,91,466,6,CIVIL,1
9.55,5,5,1,2,93,1,293,1,CSE,1
6.3,2,1,7,0,92,94,0,4,CSE,1
8.85,3,1,5,3,62,91,399,3,IT,1
9.97,3,5,6,1,86,30,75,5,CSE,1
8.35,0,4,7,2,92,67,120,1,MECH,1
5.72,2,3,7,0,94,78,204,2,CSE,1
9.71,0,10,4,1,34,76,150,7,CIVIL,1
5.99,1,3,3,2,78,96,48,4,CSE,1
8.17,1,6,8,2,82,44,333,1,ECE,1
6.84,6,10,7,0,13,90,282,8,ECE,1
5.54,0,1,1,2,13,75,25,4,CSE,1
6.02,1,9,0,0,61,48,356,3,MECH,1
6.29,3,2,4,0,81,73,29,2,ECE,1
6.14,1,2,5,2,85,93,140,3,CSE,1
9.1,6,2,0,1,15,14,486,5,MECH,1
5.58,2,6,2,2,23,6,403,7,MECH,1
6.42,0,4,5,2,54,36,39,7,MECH,1
7.18,3,7,0,1,16,44,81,5,MECH,1
5.51,0,3,1,2,69,2,172,6,IT,1
5.99,1,0,6,1,75,30,13,3,MECH,1
8.67,1,7,5,0,43,82,251,1,ECE,1
9.39,3,5,5,3,97,6,30,5,CIVIL,1
9.12,6,6,5,0,32,98,237,8,CSE,1
7.62,2,7,6,3,2,62,467,6,CIVIL,1
8.49,3,1,1,1,43,67,320,1,MECH,1
9.52,2,9,8,3,85,30,351,5,MECH,1
9.65,2,7,5,3,33,80,226,6,CSE,1
9.41,4,10,6,2,53,26,328,4,IT,1
6.89,0,7,6,1,2,88,202,5,IT,1
9.75,2,4,5,2,64,28,318,5,CSE,1
8.75,6,8,6,3,28,50,179,4,MECH,1
9.53,6,8,0,1,21,88,32,4,CIVIL,1
9.24,1,1,5,2,19,54,476,6,CIVIL,1
8.91,4,10,0,3,62,59,16,7,MECH,1
7.81,1,6,5,0,19,88,434,6,ECE,1
5.99,2,4,8,2,86,41,114,7,CSE,1
8.03,4,6,3,0,4,81,1,1,MECH,1
7.97,1,7,1,1,75,13,245,1,IT,1
9.87,1,10,7,3,79,6,224,8,IT,1
6.19,3,0,3,2,31,3,460,2,ECE,1
9.08,4,7,7,3,17,92,224,7,MECH,1
8.07,2,3,0,2,54,91,352,7,CSE,1
8.3,5,3,3,3,74,80,238,4,IT,1
7.24,1,10,5,0,20,54,243,5,CIVIL,1
9.86,5,10,5,3,87,53,125,8,CIVIL,1
8.66,4,8,3,1,53,86,4,3,IT,1
9.16,5,2,4,2,31,44,302,3,IT,1
8.51,2,6,6,3,88,91,483,2,MECH,1
9.27,0,1,1,0,91,97,224,7,CIVIL,1
7.01,3,3,6,2,39,62,20,2,IT,1
9.74,4,9,8,1,88,87,248,6,CIVIL,1
7.79,2,8,8,2,57,13,287,8,MECH,1
9.4,6,9,4,1,10,32,387,1,MECH,1
8.79,4,6,1,1,90,62,445,2,CSE,1
9.12,3,10,2,1,78,13,82,8,IT,1
9.14,3,9,3,1,53,6,198,4,IT,1
8.04,6,2,6,0,59,49,182,7,ECE,1
6.69,5,1,1,3,57,12,28,8,CSE,0
8.09,3,2,5,3,43,28,348,3,CIVIL,1
7.51,0,3,1,1,38,6,328,5,ECE,1
6.32,6,10,6,0,51,37,462,1,CSE,1
8.92,2,10,6,2,46,89,417,5,ECE,1
8.33,6,8,7,3,60,15,485,5,CSE,1
8.17,2,6,2,2,52,67,79,3,MECH,1
6.02,5,4,7,0,51,50,115,3,CSE,1
8.14,6,10,6,0,31,69,344,2,MECH,1
7.66,6,9,8,3,44,72,2,1,ECE,1
5.97,2,1,4,3,81,93,143,6,MECH,1
7.82,2,7,1,0,34,34,56,1,MECH,1
8.21,6,3,6,2,4,42,192,3,IT,1
7.87,4,5,8,0,8,34,136,4,CSE,1
7.88,4,0,1,2,65,54,323,4,ECE,1
9.41,4,1,3,2,12,38,318,6,IT,1
6.4,2,5,6,1,55,46,139,6,CSE,1
8.25,1,5,6,0,95,43,226,2,CIVIL,1
8.52,0,5,2,0,92,72,490,7,IT,1
7.74,0,10,2,3,63,16,291,2,CIVIL,1
6.97,3,3,0,0,4,17,376,1,IT,1
8.62,3,4,2,0,29,35,191,2,CIVIL,1
8.18,0,6,4,2,81,40,291,8,CSE,1
7.31,6,7,2,1,20,90,216,3,CIVIL,1
9.12,2,8,2,1,49,80,383,2,CIVIL,1
7.74,6,6,6,0,65,36,187,8,IT,1
8.95,2,8,4,0,37,39,226,4,CIVIL,1
7.05,6,3,7,3,95,38,272,5,IT,1
7.17,5,1,2,2,22,37,357,4,CIVIL,1
7.73,3,9,1,1,53,81,56,8,CIVIL,1
6.88,3,5,7,2,58,49,63,3,IT,1
9.85,6,6,7,2,47,38,286,7,CSE,1
5.96,6,7,8,3,33,65,240,5,ECE,1
8.35,1,4,2,2,83,100,339,8,MECH,1
8.13,1,6,7,3,13,55,71,2,ECE,1
7.56,1,6,8,3,81,39,30,2,CIVIL,1
8.46,6,6,4,2,44,10,366,2,MECH,1
9.73,6,1,5,1,42,12,275,7,IT,1
9.85,1,3,0,2,40,91,459,2,IT,1
9.97,0,3,6,0,31,12,341,1,IT,1
7.32,3,4,6,1,26,36,256,4,CIVIL,1
7.12,2,10,5,2,60,34,287,2,IT,1
8.18,6,7,6,3,65,47,203,4,CSE,1
6.05,2,3,7,1,65,9,375,8,ECE,1
9.14,0,4,1,0,18,50,85,8,MECH,1
6.26,3,8,6,2,33,16,270,2,MECH,1
8.82,3,5,3,0,56,97,115,4,ECE,1
7.46,0,9,1,0,15,28,91,7,IT,1
5.59,2,4,0,1,9,12,143,7,IT,1
6.84,6,10,5,3,12,14,16,1,CIVIL,1
7.3,3,6,8,3,45,10,86,6,MECH,1
9.72,3,8,0,3,48,30,334,3,IT,1
6.27,5,6,6,0,10,9,300,2,CSE,1
7.96,4,0,6,3,3,48,21,8,ECE,1
5.59,6,4,0,1,84,26,54,8,CSE,1
7.11,3,5,7,3,41,87,165,7,ECE,1
8.42,5,8,6,3,15,18,302,3,CSE,1
8.58,0,4,2,1,35,92,274,5,CSE,1
9.84,0,6,0,1,15,42,498,5,IT,1
6.86,2,10,7,3,44,59,253,5,IT,1
5.67,1,3,5,0,81,21,106,3,MECH,1
7.46,0,3,2,2,95,64,349,8,MECH,1
8.25,5,6,4,2,100,0,285,5,CSE,1
8.21,6,7,6,2,16,27,248,5,IT,1
7.42,1,1,5,3,97,40,114,4,ECE,1
9.73,5,3,0,2,4,16,257,2,CIVIL,1
7.65,6,2,0,3,25,48,294,4,IT,1
8.97,4,3,6,0,84,95,210,7,CIVIL,1
6.57,3,8,0,0,19,29,438,5,CIVIL,1
8.0,3,10,2,3,10,54,463,4,CSE,1
6.01,0,6,8,3,68,88,53,4,ECE,1
6.06,3,10,5,0,98,55,44,6,MECH,1
9.61,6,7,0,1,12,33,441,2,CSE,1
9.01,5,2,2,1,16,8,165,7,CSE,1
7.26,3,6,1,0,63,71,296,7,CIVIL,1
8.07,2,8,1,0,91,27,339,6,IT,1
5.91,0,5,4,3,48,60,144,7,ECE,1
7.67,5,1,1,3,42,5,90,1,ECE,1
6.45,2,0,1,2,33,3,287,6,CIVIL,1
8.98,1,3,1,2,16,43,280,1,IT,1
8.07,2,1,0,0,64,3,483,6,CIVIL,1
9.53,6,3,2,2,29,61,224,6,CIVIL,1
8.48,1,2,0,1,35,72,425,8,ECE,1
8.67,3,2,3,3,25,23,256,3,ECE,1
7.24,5,7,2,1,0,67,215,2,CSE,1
6.94,6,6,5,1,98,63,401,8,MECH,1
6.9,1,9,0,3,73,2,362,6,CIVIL,1
5.98,5,9,0,3,33,45,144,1,CSE,1
9.54,3,0,0,1,52,5,374,7,MECH,1
8.56,4,6,2,3,97,95,213,1,CSE,1
7.46,0,4,2,1,13,34,125,2,IT,1
9.51,4,9,4,3,58,73,106,5,CSE,1
7.97,2,7,2,3,48,76,270,4,CSE,1
6.29,6,0,0,0,16,80,218,8,IT,1
7.33,6,3,0,3,77,74,305,1,MECH,1
9.47,4,7,0,1,47,5,247,3,CSE,1
6.4,0,10,7,1,38,6,254,7,CSE,1
7.8,2,8,1,0,22,7,197,7,ECE,1
6.27,2,3,2,2,7,43,235,7,ECE,1
7.47,0,1,3,1,26,52,101,3,IT,1
9.7,0,9,4,1,18,92,78,4,MECH,1
8.13,4,4,4,0,63,56,66,3,ECE,1
5.71,1,2,2,1,56,60,139,4,ECE,1
8.94,3,10,6,0,84,4,345,3,CIVIL,1
9.02,1,7,7,1,32,81,168,4,MECH,1
9.07,0,10,1,1,53,13,9,4,CSE,1
7.32,1,1,1,2,62,45,61,7,IT,1
8.53,0,8,3,0,71,29,261,4,MECH,1
8.51,4,7,2,0,45,42,483,2,IT,1
9.35,3,2,7,2,1,46,429,5,ECE,1
9.44,4,2,3,2,29,10,439,7,CSE,1
6.15,2,0,2,2,26,60,263,2,IT,1
8.99,0,9,5,0,93,41,316,4,CIVIL,1
9.78,1,8,2,0,24,20,448,6,ECE,1
9.58,4,9,6,0,27,8,281,2,IT,1
9.47,0,4,4,1,92,29,105,5,ECE,1
5.61,3,10,0,1,87,18,79,7,MECH,1
6.85,4,1,3,2,63,96,231,1,MECH,1
8.24,3,0,4,3,17,86,77,8,CIVIL,1
7.2,2,3,5,3,7,39,235,4,CIVIL,1
7.33,3,7,1,3,23,96,339,5,ECE,1
9.66,3,5,5,0,96,28,118,7,IT,1
6.74,4,8,0,1,26,92,128,3,CIVIL,1
8.02,1,6,5,1,77,44,329,7,CSE,1
7.79,0,7,2,1,44,30,302,2,IT,1
6.53,6,1,5,1,29,0,452,7,IT,1
8.71,1,10,8,0,89,25,17,5,ECE,1
8.81,2,6,5,1,42,40,39,1,MECH,1
5.83,2,10,4,1,95,49,257,2,MECH,1
5.51,6,0,7,0,14,82,378,8,CIVIL,1
6.57,6,2,2,3,91,61,382,5,CIVIL,1
6.74,6,5,8,2,40,22,121,7,CIVIL,1
7.78,6,0,8,1,55,89,320,1,CSE,1
8.19,3,9,4,2,19,41,93,1,CIVIL,1
6.08,0,1,6,2,46,43,235,4,MECH,1
6.66,4,0,3,3,11,20,267,5,CIVIL,1
8.39,2,10,6,3,69,24,424,1,ECE,1
7.45,0,5,5,2,88,58,318,3,CSE,1
8.65,6,3,8,3,70,88,41,5,MECH,1
6.49,3,6,4,2,44,72,259,7,ECE,1
6.85,0,6,3,1,80,65,465,8,IT,1
6.58,5,5,3,1,84,55,283,4,CIVIL,1
6.76,6,7,5,2,60,58,166,8,ECE,1
9.94,0,7,5,1,65,23,227,1,IT,1
6.96,5,3,2,3,49,45,276,4,CSE,1
6.25,1,0,0,0,85,65,106,6,CSE,1
6.39,2,10,0,0,75,41,119,1,ECE,1
8.89,4,4,2,3,58,41,98,8,CIVIL,1
6.3,2,2,3,2,3,4,471,6,IT,1
7.6,4,3,8,2,91,26,262,1,MECH,1
8.94,5,4,6,3,68,41,57,5,IT,1
7.25,6,7,6,0,82,49,443,1,ECE,1
9.11,0,3,3,2,75,38,498,2,CSE,1
7.11,3,4,3,1,24,16,334,2,MECH,1
8.91,2,1,1,0,100,22,158,4,MECH,1
6.07,2,0,7,0,59,27,183,6,ECE,1
9.3,6,7,2,1,17,60,181,8,ECE,1
7.69,6,1,1,2,64,29,318,8,CSE,1
8.57,2,0,0,1,36,55,261,8,ECE,1
7.53,1,4,7,1,63,9,55,5,CIVIL,1
9.6,2,0,8,0,70,97,283,1,MECH,1
8.88,0,6,7,0,34,100,373,3,ECE,1
6.34,4,5,6,3,82,64,319,1,ECE,1
6.99,5,8,2,3,71,86,112,8,CIVIL,1
7.33,5,9,8,2,70,83,422,8,IT,1
7.93,5,4,0,3,66,66,404,3,IT,1
7.91,6,8,2,0,15,44,436,2,CSE,1
6.31,3,2,8,0,71,39,250,7,CIVIL,1
8.64,3,3,8,0,89,6,13,4,IT,1
5.53,1,10,2,1,62,53,318,8,IT,1
9.34,1,5,1,2,81,96,148,5,IT,1
5.74,6,8,5,2,12,20,427,1,ECE,1
9.05,3,5,4,3,78,33,202,6,ECE,1
8.48,0,6,6,0,56,73,248,7,IT,1
9.21,2,3,0,1,11,30,253,8,CSE,1
9.83,6,2,8,2,24,14,217,3,IT,1
8.67,3,8,3,2,62,32,82,2,CIVIL,1
7.16,3,0,8,2,14,0,215,2,CIVIL,1
5.96,6,6,0,3,46,45,93,3,MECH,1
6.6,1,7,3,0,68,5,176,5,MECH,1
6.69,4,9,1,3,52,19,66,5,IT,1
9.09,4,7,8,3,11,35,234,7,ECE,1
9.65,0,5,4,3,73,48,409,4,CSE,1
8.6,4,9,4,0,29,1,241,7,CSE,1
7.28,5,6,4,0,14,63,208,7,MECH,1
7.45,2,10,5,0,25,54,85,2,CIVIL,1
9.28,2,9,7,1,56,73,191,7,CIVIL,1
9.11,2,5,6,1,67,32,305,5,CSE,1
6.73,6,1,3,3,76,59,414,8,CSE,1
7.95,5,0,1,2,75,50,468,4,MECH,1
9.97,2,10,8,0,81,23,436,8,ECE,1
6.44,0,9,5,1,36,46,356,2,CIVIL,1
5.79,0,1,1,3,38,93,104,7,MECH,1
8.43,6,5,3,3,19,75,6,8,CIVIL,1
6.01,2,10,8,1,34,13,251,7,CSE,1
5.93,4,9,0,1,18,100,402,1,MECH,1
8.02,5,8,2,3,0,33,384,4,MECH,1
9.33,2,2,2,3,4,65,310,6,MECH,1
9.01,5,9,3,3,8,93,370,3,MECH,1
7.42,4,10,4,2,70,28,89,1,IT,1
8.08,1,0,2,1,66,90,463,4,MECH,1
6.45,1,10,6,1,84,47,215,6,IT,1
5.59,3,7,6,2,91,42,200,8,CIVIL,1
7.42,2,9,6,3,57,95,441,5,CSE,1
6.9,3,0,6,2,87,49,418,6,CIVIL,1
9.27,1,6,3,3,69,43,255,3,ECE,1
7.39,6,2,6,0,78,10,11,7,IT,1
7.38,4,0,2,2,27,10,129,5,ECE,1
8.88,2,5,0,1,25,82,332,4,ECE,1
7.62,2,6,7,0,14,84,293,3,ECE,1
7.97,2,2,5,1,32,91,241,1,MECH,1
9.57,5,4,7,1,89,15,470,1,CSE,1
5.7,0,7,1,0,3,22,183,5,IT,1
6.68,0,3,6,0,62,32,26,3,IT,1
9.58,0,4,3,0,89,23,141,1,IT,1
7.41,3,0,7,0,21,17,168,2,CIVIL,1
5.7,3,1,2,1,82,79,247,7,CIVIL,1
6.78,3,2,7,3,31,12,437,5,MECH,1
9.37,2,2,4,2,77,74,19,6,ECE,1
5.62,6,5,4,1,28,52,56,2,MECH,1
7.75,6,3,7,3,85,43,176,3,ECE,1
9.59,3,4,8,0,9,76,409,4,MECH,1
6.05,0,6,4,0,74,6,80,8,ECE,1
9.95,3,0,8,1,37,9,209,1,MECH,1
6.82,1,2,3,2,72,85,58,1,ECE,1
7.0,6,1,5,0,93,36,154,4,CIVIL,1
8.38,3,3,6,1,60,21,165,1,CSE,1
6.99,3,6,4,1,2,45,68,8,CSE,1
8.21,6,10,0,3,34,8,24,4,CSE,1
9.22,2,3,2,3,16,10,418,6,MECH,1
9.23,5,1,8,0,52,23,401,1,IT,1
9.94,4,9,5,0,45,66,176,3,ECE,1
5.9,4,9,1,1,8,34,178,5,ECE,1
6.0,6,1,1,2,41,17,425,6,MECH,1
8.89,4,5,2,3,83,56,48,6,CSE,1
7.54,5,2,0,3,43,85,393,7,ECE,1
8.69,1,10,1,2,60,46,252,1,ECE,1
9.37,2,2,5,2,2,30,77,4,IT,1
9.58,2,1,2,2,46,15,85,2,CSE,1
5.64,5,7,8,0,66,34,255,7,MECH,1
6.22,4,8,0,2,38,16,203,2,IT,1
7.85,5,1,2,1,37,88,336,8,CIVIL,1
7.92,0,9,6,2,19,77,396,6,IT,1
6.05,0,0,7,2,60,34,26,7,CSE,1
9.1,2,4,1,1,49,48,128,7,CIVIL,1
6.55,6,8,5,1,90,88,280,6,CIVIL,1
7.1,3,7,0,1,42,97,487,4,ECE,1
9.59,1,8,5,0,62,10,102,5,ECE,1
8.72,2,10,5,2,30,47,243,2,CIVIL,1
9.65,4,8,3,3,17,96,99,4,MECH,1
8.9,3,10,1,2,100,36,175,7,MECH,1
8.57,4,7,7,2,36,30,331,5,IT,1
8.81,5,3,2,1,19,10,106,4,MECH,1
6.75,3,8,7,1,26,53,37,7,CIVIL,1
7.06,1,3,3,0,18,82,433,4,IT,1
5.98,6,10,5,1,12,33,249,1,IT,1
7.15,1,3,0,0,32,65,342,4,CIVIL,1
6.3,1,5,2,2,62,74,462,3,IT,1
6.09,3,5,1,0,4,54,417,3,IT,1
5.65,3,7,3,0,43,44,298,8,IT,1
7.35,1,2,3,1,33,50,80,2,ECE,1
8.02,1,8,3,2,78,24,492,2,CSE,1
8.52,1,7,1,0,11,8,244,8,CSE,1
6.3,1,7,8,1,74,95,404,1,MECH,1
6.17,1,0,6,2,51,64,171,6,CSE,1
9.3,4,0,0,2,71,4,338,2,IT,0
6.94,4,10,2,1,69,78,249,4,ECE,1
8.98,4,9,8,2,89,88,304,2,MECH,1
7.06,6,0,5,0,76,50,106,3,ECE,1
6.9,0,10,5,2,35,26,123,7,MECH,1
5.64,5,5,0,1,41,66,474,4,CIVIL,1
6.61,2,3,8,2,58,40,58,3,CIVIL,1
7.83,3,7,2,3,70,33,462,8,IT,1
8.3,1,0,3,2,34,30,6,1,MECH,1
7.43,2,4,3,0,70,1,306,8,MECH,1
6.7,0,3,3,3,36,65,128,1,ECE,1
5.56,1,3,1,1,37,56,162,4,CIVIL,1
8.64,0,9,7,1,90,6,105,2,IT,1
9.06,5,5,0,0,71,37,323,8,IT,1
7.93,4,2,3,0,45,46,338,4,CIVIL,1
6.64,0,4,8,0,26,3,232,8,ECE,1
8.78,0,7,1,2,18,90,188,4,CSE,1
6.42,4,8,8,3,35,31,52,7,CSE,1
8.31,5,4,5,3,0,9,302,5,CSE,1
5.75,5,6,4,2,79,90,123,7,CSE,1
9.72,6,5,7,2,74,63,418,3,CIVIL,1
7.3,5,3,8,0,14,74,202,8,CIVIL,1
7.74,5,4,8,3,88,42,236,8,ECE,1
6.04,4,8,7,3,65,58,147,7,CIVIL,1
5.7,0,6,3,0,90,77,438,7,CSE,0
5.59,4,1,0,3,79,12,6,2,IT,1
7.31,6,9,7,0,98,100,122,5,MECH,1
5.97,2,7,2,1,13,49,459,4,CIVIL,1
7.61,4,10,0,3,97,87,466,8,ECE,1
8.83,0,6,2,2,9,18,492,2,ECE,1
8.07,5,7,8,0,96,54,401,2,ECE,1
9.12,2,1,6,0,41,75,380,8,CSE,1
8.76,6,2,6,1,71,51,155,3,CIVIL,1
9.42,4,8,8,2,1,89,94,7,CSE,1
9.66,4,7,5,2,26,58,143,8,IT,1
7.59,3,2,1,0,4,11,90,4,MECH,1
8.63,4,5,1,2,43,69,219,5,MECH,1
7.29,2,0,4,3,14,52,27,6,CSE,1
9.59,5,7,1,2,55,16,317,7,CIVIL,1
5.82,0,9,1,3,25,49,258,5,ECE,1
7.23,2,7,2,2,17,63,183,5,CSE,1
8.49,1,4,1,3,13,54,363,7,CIVIL,1
9.4,1,8,6,2,93,99,178,6,CSE,1
8.18,0,8,6,2,87,1,424,2,ECE,1
9.18,1,0,2,0,30,39,245,5,ECE,1
8.18,0,6,8,3,15,9,230,6,MECH,1
7.73,0,2,1,0,92,0,353,2,ECE,1
7.74,3,0,4,3,7,28,0,3,CIVIL,1
7.69,2,6,6,1,38,20,241,7,ECE,1
6.84,4,5,1,3,96,100,28,8,ECE,1
7.9,6,9,3,3,35,28,340,4,CIVIL,1
7.62,0,8,4,3,7,86,397,8,MECH,1
8.56,4,6,4,2,55,11,381,4,MECH,1
5.89,3,2,1,3,0,64,195,4,CSE,1
9.14,1,4,0,1,27,82,178,8,ECE,1
8.75,5,1,6,2,52,91,306,3,IT,1
8.96,4,10,7,1,79,7,82,4,ECE,1
7.58,4,1,2,2,59,23,308,5,CIVIL,1
9.15,3,10,1,2,26,0,276,8,CSE,1
9.05,5,5,2,2,40,39,236,5,CSE,1
8.22,3,7,6,1,59,24,323,3,IT,1
5.92,0,5,5,0,85,51,307,6,ECE,1
6.34,4,6,2,3,54,52,445,7,CSE,1
7.42,5,0,0,2,100,75,204,6,CSE,1
5.76,0,0,0,0,78,94,458,7,IT,0
6.93,4,9,3,0,99,18,457,2,IT,1
9.37,6,10,6,2,65,45,146,6,CSE,1
7.67,1,7,5,2,95,51,17,5,IT,1
5.52,5,1,1,0,66,94,254,1,ECE,1
8.76,4,4,4,0,1,6,49,3,ECE,1
6.2,5,3,6,2,66,82,129,2,MECH,1
9.36,5,7,3,0,85,47,2,8,ECE,1
5.99,2,3,8,1,29,10,331,4,CIVIL,1
6.2,0,9,2,2,68,75,20,6,IT,1
7.72,2,6,2,0,57,44,169,3,MECH,1
8.62,6,6,1,2,49,79,313,5,IT,1
7.09,0,9,6,3,98,89,169,6,IT,1
7.09,1,2,5,1,13,39,160,8,CSE,1
8.25,0,7,1,1,72,58,153,6,ECE,1
7.33,0,10,2,2,27,2,191,4,CSE,1
7.88,5,1,0,0,57,2,491,6,CIVIL,1
7.26,4,2,3,2,70,88,271,8,MECH,1
9.31,0,2,5,1,54,36,50,7,ECE,1
9.76,2,6,5,2,44,97,197,7,CSE,1
9.62,5,9,4,3,12,41,19,2,IT,1
9.35,2,0,7,2,55,17,215,5,MECH,1
9.92,3,6,6,2,23,94,187,8,CIVIL,1
7.14,5,1,2,0,27,60,215,4,ECE,1
7.87,5,4,2,1,86,33,135,1,CSE,1
6.41,0,10,0,1,77,98,84,7,IT,1
8.33,2,10,7,1,98,49,127,3,CSE,1
6.64,3,5,5,1,2,10,59,2,CIVIL,1
8.52,2,2,2,1,41,72,59,6,IT,1
8.95,6,1,0,2,88,39,112,2,CSE,1
6.6,0,8,3,0,48,59,396,2,CSE,1
7.43,1,3,7,0,8,42,66,2,CIVIL,1
8.44,1,7,0,2,25,98,350,2,MECH,1
7.42,2,3,0,3,3,94,294,1,IT,1
7.17,6,2,3,1,56,91,121,5,MECH,1
8.65,6,10,7,2,66,91,152,8,CSE,1
9.25,1,1,6,0,10,53,371,7,IT,1
7.4,3,3,8,1,12,55,315,5,MECH,1
7.06,4,5,0,2,37,61,402,2,CIVIL,1
6.84,3,10,7,1,80,100,95,6,IT,1
6.62,0,10,2,2,16,41,397,8,CSE,1
6.89,2,0,5,0,58,93,474,1,CIVIL,1
8.52,6,3,4,0,90,48,377,4,CIVIL,1
8.85,3,8,7,3,53,47,433,4,CIVIL,1
8.91,2,9,5,1,29,2,308,5,MECH,1
5.74,6,8,8,3,79,22,233,4,CIVIL,1
6.88,4,2,6,3,70,16,16,5,IT,1
7.78,4,4,6,0,5,20,455,7,IT,1
6.99,0,1,7,2,88,74,67,4,CIVIL,1
7.5,4,3,7,2,58,32,121,4,IT,1
8.17,1,10,1,0,30,34,248,8,CIVIL,1
8.21,4,10,3,3,51,67,212,3,ECE,1
8.64,3,3,2,0,42,27,37,3,CIVIL,1
9.38,3,7,4,1,27,84,113,4,CIVIL,1
7.68,6,3,7,3,71,37,141,1,CIVIL,1
9.27,5,2,7,2,81,89,300,7,CSE,1
7.49,5,10,0,3,78,0,61,4,MECH,1
7.66,4,7,6,2,23,82,125,4,ECE,1
6.17,1,9,5,1,39,93,415,1,MECH,1
6.82,4,1,1,1,21,71,193,7,MECH,1
6.48,1,8,7,0,87,47,278,8,MECH,1
7.91,5,2,3,2,1,19,460,1,CSE,1
7.97,3,9,2,1,0,98,243,1,MECH,1
9.26,6,10,6,3,85,26,396,3,ECE,1
7.07,3,8,0,3,44,3,312,1,IT,1
5.86,3,5,6,2,13,11,239,1,CSE,1
7.79,1,4,0,2,88,100,57,1,CIVIL,1
9.62,5,3,6,0,76,60,117,1,CIVIL,1
8.15,2,3,1,1,83,44,293,7,MECH,1
8.94,5,10,4,1,57,70,115,1,IT,1
7.9,1,10,5,2,15,14,429,5,ECE,1
7.97,4,6,5,2,84,36,98,5,IT,1
9.38,3,9,0,2,38,62,461,2,CIVIL,1
9.47,2,9,2,1,44,100,275,3,MECH,1
9.71,3,0,0,2,11,34,101,2,CSE,1
7.19,2,8,6,3,64,42,141,7,CIVIL,1
7.33,0,6,8,0,47,23,261,5,CSE,1
7.08,6,3,8,1,18,95,81,1,ECE,1
9.83,0,0,0,2,38,28,449,4,IT,1
7.77,4,6,3,3,6,5,195,6,IT,1
8.33,3,6,8,1,54,12,199,5,CIVIL,1
6.36,5,5,8,0,83,91,19,8,CSE,1
7.38,3,10,2,3,92,21,115,7,MECH,1
6.03,2,7,6,1,4,12,434,3,MECH,1
5.74,0,4,7,0,28,33,418,3,CSE,1
9.28,2,10,7,2,68,39,349,4,CIVIL,1
9.14,5,2,5,3,73,68,203,6,MECH,1
7.94,2,3,2,0,7,65,361,5,CSE,1
9.62,4,1,2,1,59,93,230,6,CSE,1
5.81,0,7,4,1,69,23,269,4,CIVIL,1
8.6,6,9,6,0,32,9,332,2,ECE,1
9.64,3,7,0,3,33,0,110,6,CSE,1
9.49,0,10,5,2,35,7,100,3,MECH,1
7.8,3,9,3,3,40,5,22,7,ECE,1
6.5,0,9,6,0,2,60,26,4,CSE,1
6.69,6,2,4,2,74,3,36,5,CIVIL,1
9.39,4,0,3,0,94,87,387,1,ECE,1
8.23,3,0,0,3,30,30,356,5,IT,1
9.97,4,5,1,2,36,100,17,7,IT,1
9.47,5,7,6,0,92,39,499,8,ECE,1
9.99,0,8,6,2,18,25,116,1,IT,1
7.82,2,1,2,2,38,26,63,3,IT,1
7.48,0,0,5,1,45,37,222,1,CIVIL,1
7.55,0,8,1,3,38,40,263,2,MECH,1
7.03,5,10,2,2,76,58,344,7,MECH,1
7.65,6,7,1,1,45,32,216,5,MECH,1
8.82,4,2,5,0,95,18,185,1,MECH,1
9.78,3,9,3,0,66,85,191,4,CIVIL,1
8.84,3,5,2,3,35,34,181,4,IT,1
8.42,3,2,6,1,93,12,368,5,ECE,1
6.2,0,7,5,2,24,39,160,6,IT,1
6.34,6,10,3,3,49,24,194,3,ECE,1
7.1,6,3,7,3,39,23,166,8,CSE,1
6.0,2,8,3,0,57,86,365,7,CSE,1
5.94,2,5,5,2,45,92,398,6,IT,1
9.81,3,10,7,3,26,25,30,8,IT,1
5.91,3,4,8,0,65,59,452,6,IT,1
9.97,0,4,6,1,27,29,341,5,ECE,1
6.59,5,0,2,0,61,37,498,5,IT,1
8.21,2,8,5,2,74,75,342,8,CIVIL,1
5.53,2,5,6,0,54,85,302,2,CIVIL,1
7.64,5,9,3,3,4,75,318,8,MECH,1
6.25,4,9,7,3,33,86,184,8,CSE,1
5.88,0,0,1,0,71,48,168,4,CIVIL,1
6.12,5,7,6,0,76,40,145,2,ECE,1
9.95,0,1,4,1,89,28,457,3,CIVIL,1
5.61,3,1,5,0,9,55,117,2,IT,1
7.18,4,10,6,0,71,45,348,4,MECH,1
8.42,0,6,6,3,97,25,292,1,CIVIL,1
8.44,0,1,4,2,51,78,333,6,IT,1
9.69,4,2,7,0,49,63,486,7,CSE,1
5.88,6,9,4,0,44,2,2,3,CSE,1
7.75,6,3,8,3,47,24,232,2,CIVIL,1
8.65,1,1,1,2,49,66,376,5,CSE,1
6.1,5,0,7,3,21,77,39,7,MECH,1
5.96,6,3,1,2,52,84,397,6,IT,1
6.39,1,4,7,1,56,11,364,4,CIVIL,1
7.92,3,3,2,1,43,55,44,2,ECE,1
6.98,6,9,5,0,26,23,121,4,CSE,1
7.04,1,5,2,0,61,62,139,7,CSE,1
5.96,5,3,4,3,60,54,497,7,CIVIL,1
6.65,6,8,4,1,44,13,248,5,MECH,1
7.9,3,8,5,3,30,32,322,8,ECE,1
8.32,2,7,6,2,3,75,40,4,ECE,1
7.82,6,4,6,2,67,90,240,8,ECE,1
8.94,3,9,4,1,34,47,451,5,IT,1
5.93,0,2,2,0,94,15,266,4,IT,1
8.32,6,2,8,3,76,13,230,6,ECE,1
8.59,0,5,4,3,45,83,382,5,ECE,1
7.56,1,2,8,2,17,10,399,6,CIVIL,1
8.04,6,7,1,0,30,33,27,8,MECH,1
6.5,1,1,0,1,33,96,39,7,CSE,1
9.68,3,4,5,3,97,64,281,1,CIVIL,1
6.37,1,10,0,2,41,61,227,7,CSE,1
5.62,6,3,5,0,63,81,273,3,ECE,1
5.55,1,0,7,0,27,27,276,7,CSE,1
7.66,4,10,6,2,3,12,349,5,CIVIL,1
7.71,3,4,1,1,12,99,325,7,IT,1
9.85,1,8,4,0,56,12,103,4,CIVIL,0
7.95,1,3,4,2,8,11,452,5,CSE,1
6.96,4,1,2,1,29,34,450,7,IT,1
8.16,6,0,3,1,70,11,370,6,ECE,1
9.53,5,2,2,3,85,70,268,1,ECE,1
8.28,6,6,2,3,22,29,303,6,IT,1
6.77,0,1,5,3,69,1,444,4,CSE,1
7.49,5,7,5,2,90,22,352,3,IT,1
9.74,6,4,7,1,1,61,429,4,ECE,1
8.85,0,1,6,1,81,45,317,6,MECH,1
9.51,1,0,1,3,94,31,482,1,MECH,1
8.2,0,6,6,1,15,33,469,3,MECH,1
9.79,1,6,7,2,34,49,438,6,IT,1
8.38,1,0,7,0,24,0,9,2,IT,1
6.52,0,7,5,1,23,34,421,6,MECH,1
8.1,3,1,4,1,11,58,469,2,ECE,1
7.06,2,7,3,3,15,51,288,1,MECH,1
5.99,4,10,8,0,14,90,286,6,IT,1
6.8,3,9,3,1,30,1,408,6,ECE,1
8.84,6,3,4,2,6,52,173,7,ECE,1
8.35,4,1,4,3,24,66,129,2,MECH,1
6.76,3,3,5,1,23,32,258,3,ECE,1
5.85,2,6,7,3,78,30,320,7,MECH,1
8.61,4,6,8,0,34,18,231,5,CSE,0
9.91,4,0,8,0,14,91,191,1,ECE,1
9.12,2,1,2,2,70,15,200,8,IT,1
9.88,2,6,8,3,92,26,273,2,ECE,1
9.71,1,0,8,2,56,39,1,6,CIVIL,1
8.81,6,8,2,0,0,86,51,8,ECE,1
8.78,2,8,8,1,84,26,158,8,CIVIL,1
7.0,0,1,0,2,7,52,81,1,CIVIL,1
7.98,6,5,2,2,85,18,486,8,MECH,1
9.25,6,3,7,1,32,13,177,7,MECH,1
9.29,3,0,4,1,29,25,231,1,CIVIL,1
7.22,5,1,0,0,27,81,58,3,CIVIL,1
8.01,0,2,3,0,96,68,304,8,ECE,1
8.11,1,7,4,0,48,98,411,6,CSE,1
8.8,6,2,8,2,14,18,267,4,ECE,1
9.14,0,6,8,0,79,81,453,2,CSE,1
7.32,0,3,7,3,45,8,458,2,MECH,1
5.91,5,6,0,3,77,99,464,3,ECE,1
9.16,5,8,0,3,93,44,456,4,CSE,1
6.63,5,9,3,0,73,28,318,2,CIVIL,1
9.71,6,5,5,2,18,19,97,7,ECE,1
5.82,2,3,2,0,6,71,94,4,ECE,1
8.28,6,9,8,2,45,29,245,4,ECE,1
6.83,3,0,4,0,21,89,41,4,IT,1
9.2,1,9,7,0,55,31,5,2,CSE,1
5.81,1,7,5,0,57,68,164,6,CSE,1
8.87,6,1,4,2,2,79,217,6,MECH,1
8.25,1,6,2,0,22,20,444,5,IT,1
8.35,0,1,5,3,28,77,396,4,CIVIL,1
9.05,2,5,3,3,60,88,355,8,CIVIL,1
5.5,6,5,2,2,78,72,223,7,ECE,1
7.9,4,8,3,1,18,34,449,5,CSE,1
7.44,4,5,2,3,1,26,215,8,CIVIL,1
7.39,0,2,8,0,81,44,277,2,CIVIL,1
6.65,3,7,2,3,98,92,369,4,IT,1
8.0,6,0,4,2,56,33,491,5,IT,1
5.71,5,9,6,1,94,41,338,6,CIVIL,1
7.95,0,3,1,0,93,16,297,4,IT,1
5.98,5,4,3,1,54,72,433,2,CIVIL,1
7.87,6,8,1,2,62,38,352,5,ECE,1
9.99,6,5,1,3,2,72,97,7,ECE,1
6.76,4,2,1,2,76,95,479,3,CIVIL,1
8.82,6,10,1,0,51,1,494,8,CIVIL,1
7.61,6,6,2,2,58,83,153,4,IT,1
9.26,2,9,7,0,41,44,284,8,IT,1
6.88,4,3,1,3,92,47,303,1,IT,1
8.18,1,0,4,2,70,96,473,1,MECH,1
6.94,6,0,5,1,87,10,182,5,CSE,1
7.15,5,8,6,2,89,12,499,4,ECE,1
6.3,3,1,4,2,5,52,405,3,CIVIL,1
8.57,0,3,8,3,78,84,114,3,IT,1
5.86,5,4,8,3,78,4,145,7,CIVIL,1
7.7,3,5,7,3,7,76,445,1,IT,1
9.32,6,5,1,2,84,49,395,8,CSE,1
7.64,2,10,1,0,88,91,393,1,MECH,1
8.34,6,1,7,1,19,94,100,8,IT,1
6.8,0,10,6,2,79,7,313,3,IT,1
5.64,0,5,5,3,64,71,452,3,MECH,1
8.15,2,7,5,2,83,86,382,2,CSE,1
9.54,0,9,7,0,99,61,132,7,ECE,1
8.51,3,2,7,2,84,14,453,3,ECE,1
7.74,1,1,5,2,93,45,421,8,CSE,1
8.34,2,9,0,0,67,68,79,6,CSE,1
6.55,4,3,2,3,94,16,393,7,IT,1
8.24,0,1,6,3,7,89,149,3,MECH,1
9.14,1,7,8,3,63,57,397,1,CSE,1
6.39,2,1,7,3,2,59,49,8,ECE,1
9.86,6,0,1,0,21,60,178,2,IT,1
9.67,5,9,8,0,17,84,462,5,CSE,1
8.72,1,5,7,2,24,8,224,2,IT,1
6.33,6,5,5,3,63,43,66,8,MECH,1
6.2,4,5,4,1,72,61,278,7,MECH,1
9.75,2,0,3,1,11,23,218,4,MECH,0
7.11,6,3,8,2,4,74,50,7,CSE,1
9.71,1,9,3,2,15,0,19,3,IT,1
9.09,2,6,0,1,48,53,20,8,IT,1
6.88,5,10,8,2,53,9,385,3,CSE,1
7.76,5,5,6,0,23,91,383,3,MECH,1
9.43,0,8,8,0,8,71,133,2,IT,1
6.79,3,4,3,2,32,43,43,3,CSE,1
9.29,4,5,3,0,36,29,96,1,IT,1
9.08,5,0,3,3,58,80,476,1,ECE,1
6.59,4,8,6,1,30,5,219,6,IT,1
9.08,3,4,3,3,31,48,117,2,CSE,1
5.85,2,2,1,2,59,4,197,8,MECH,1
9.43,0,6,8,2,57,35,489,2,IT,1
6.06,0,2,4,0,7,10,406,8,MECH,1
9.08,0,10,5,0,95,51,279,7,ECE,1
9.51,3,6,1,1,27,18,236,4,CIVIL,1
9.61,0,9,2,1,36,52,249,5,ECE,1
8.26,0,5,3,2,19,41,319,1,CSE,1
8.52,5,4,0,2,87,48,191,7,IT,1
8.97,1,3,3,2,27,53,394,7,CIVIL,1
9.34,4,4,4,3,67,93,412,6,ECE,1
6.07,2,1,4,2,95,3,115,1,CIVIL,1
7.55,4,3,5,0,48,27,385,6,CSE,1
8.9,3,6,8,0,81,97,310,2,MECH,1
7.13,1,6,7,1,65,7,142,3,IT,1
8.99,3,6,2,2,19,67,212,8,CIVIL,1
7.09,5,5,8,3,36,54,231,1,MECH,1
9.67,6,6,2,3,47,64,407,6,IT,1
8.93,0,7,0,3,31,65,264,6,ECE,1
7.9,3,1,5,1,95,32,387,4,CSE,1
7.6,0,6,3,1,93,57,332,5,MECH,1
6.43,1,8,0,1,75,75,418,2,CSE,1
7.21,2,4,4,1,71,95,169,6,CIVIL,1
9.09,5,1,3,3,29,81,126,4,CSE,1
6.85,3,5,3,1,16,61,483,6,MECH,1
9.93,5,1,7,0,8,90,131,7,ECE,1
7.41,0,2,1,1,24,18,242,7,IT,1
7.53,1,5,2,3,35,98,202,6,MECH,1
7.51,1,3,5,2,45,77,325,5,MECH,1
9.51,6,3,5,0,22,1,144,3,IT,1
9.78,5,2,1,0,78,100,175,8,IT,1
8.81,1,0,2,0,3,61,253,3,CSE,1
9.94,2,1,1,2,51,97,335,3,CIVIL,1
8.93,6,10,1,2,74,40,49,8,CIVIL,1
5.77,6,2,1,1,84,50,193,5,MECH,1
5.53,4,9,5,3,80,60,353,7,CIVIL,1
9.79,1,6,8,0,26,42,203,6,IT,1
8.68,5,8,5,0,0,74,171,4,IT,1
5.67,0,8,0,2,19,46,144,7,ECE,1
7.63,1,9,7,0,70,11,447,1,ECE,1
7.0,1,5,0,3,33,57,446,7,CIVIL,1
6.19,5,9,1,0,99,25,261,1,CIVIL,1
6.32,0,2,2,3,65,52,16,8,ECE,1
8.23,3,0,8,3,1,3,302,5,IT,1
8.85,1,4,6,1,34,35,464,6,IT,1
5.89,3,5,4,1,99,80,380,5,ECE,1
9.85,0,3,2,1,83,19,228,7,ECE,1
7.66,3,0,8,3,58,78,330,6,MECH,1
7.83,3,3,5,0,18,40,120,2,ECE,1
8.64,6,9,2,2,59,56,324,8,MECH,1
9.32,3,9,0,0,90,95,62,2,CSE,1
6.26,1,8,5,0,88,67,136,4,MECH,1
8.49,4,4,7,3,37,72,205,2,MECH,1
6.41,0,2,1,2,0,18,339,1,MECH,1
9.42,1,0,5,3,34,45,270,8,ECE,1
7.07,4,1,4,2,32,37,300,1,MECH,1
7.0,3,4,2,2,52,83,6,8,CSE,1
7.41,6,4,1,3,94,33,405,8,CSE,1
9.75,1,3,7,1,15,34,309,5,MECH,1
7.32,4,2,1,2,16,32,272,8,CIVIL,1
6.53,4,9,8,2,14,51,186,6,IT,1
8.93,2,4,7,1,68,31,293,2,CIVIL,1
9.26,5,10,8,0,97,2,326,8,ECE,1
5.72,2,0,6,2,27,10,299,2,CIVIL,1
7.48,2,8,3,0,72,28,255,7,MECH,1
5.52,3,9,1,1,85,35,194,4,CIVIL,1
5.81,1,9,4,0,67,8,70,2,ECE,1
5.65,1,6,6,3,4,38,103,8,MECH,1
7.33,3,6,5,3,80,91,236,7,MECH,1
5.9,5,4,8,2,47,69,32,5,ECE,1
6.71,2,9,0,1,24,34,371,6,ECE,1
6.41,6,1,5,2,61,26,344,5,ECE,1
7.61,3,9,1,0,1,86,5,6,CIVIL,1
7.05,6,10,4,3,46,41,125,6,CIVIL,1
5.59,3,2,6,1,4,60,98,5,CSE,1
8.69,3,1,4,3,8,69,17,4,CIVIL,1
9.35,6,9,2,3,92,85,279,3,IT,1
7.83,0,4,0,3,18,94,429,1,ECE,1
7.23,2,8,5,3,61,38,66,5,MECH,1
5.57,5,5,0,0,61,32,157,2,CSE,1
9.78,1,0,6,1,8,21,281,8,IT,1
7.34,2,0,1,1,61,32,291,6,CSE,1
9.34,1,0,1,1,81,25,194,6,MECH,1
6.83,5,1,5,3,79,25,330,6,MECH,1
6.1,6,3,1,2,67,34,264,8,ECE,1
7.41,0,1,5,1,49,21,7,8,CSE,1
6.32,2,10,1,1,94,58,319,1,ECE,1
7.96,5,8,2,2,20,55,175,5,CIVIL,1
7.87,5,1,8,2,52,38,156,1,IT,1
8.18,2,0,4,0,76,49,122,2,CSE,1
8.23,1,9,8,0,71,45,23,7,IT,1
8.85,6,1,3,3,34,91,498,4,CIVIL,1
5.89,5,0,3,2,5,69,175,3,CSE,1
7.65,2,10,0,1,71,51,102,6,ECE,1
6.09,0,1,2,0,89,70,442,8,IT,1
9.41,4,5,7,1,97,42,365,1,IT,1
9.23,2,2,0,2,69,97,93,1,CSE,1
7.67,2,3,0,1,26,6,492,7,CSE,1
7.22,4,1,6,0,3,34,498,4,CSE,1
9.45,0,10,4,0,47,97,212,2,IT,1
7.86,1,7,8,3,55,84,105,3,CSE,1
7.25,0,1,5,0,97,7,244,8,IT,1
7.88,4,10,6,2,27,15,115,6,CIVIL,1
7.22,4,2,6,1,15,94,15,4,CSE,1
6.16,4,9,7,0,67,17,237,1,IT,1
7.29,1,7,0,3,70,19,88,4,IT,1
6.31,4,3,4,3,93,33,454,2,ECE,1
8.22,3,3,4,1,71,1,445,2,MECH,1
9.86,4,9,0,2,6,69,192,2,IT,1
6.65,0,4,4,3,21,32,207,8,ECE,1
8.18,0,9,0,3,5,42,333,7,IT,1
6.76,1,4,4,1,82,74,260,8,ECE,1
6.42,6,6,0,3,56,16,205,5,CSE,1
7.57,6,2,1,2,68,47,166,5,IT,1
9.89,0,5,7,1,84,1,193,2,MECH,1
9.69,6,0,4,1,34,46,182,7,CIVIL,1
8.92,0,9,0,0,69,20,402,5,ECE,1
7.63,3,2,0,0,29,67,457,6,ECE,1
8.7,2,10,0,1,86,37,192,5,CSE,1
7.66,3,8,0,1,43,100,184,8,CIVIL,1
7.66,0,0,4,3,38,19,70,6,ECE,1
7.1,6,3,7,2,55,22,202,8,CSE,1
9.44,1,0,4,3,21,90,219,3,CSE,1
7.12,2,3,6,3,81,48,136,4,MECH,1
7.17,2,5,1,1,21,87,481,3,CIVIL,1
6.61,4,7,6,3,40,81,164,2,MECH,1
7.14,5,9,8,2,9,24,39,2,IT,1
8.98,3,9,6,0,33,43,223,6,MECH,1
8.74,6,10,4,3,98,62,261,7,CSE,1
8.07,6,10,4,1,30,89,302,1,MECH,1
6.16,3,8,3,1,73,37,121,7,CSE,1
6.28,6,10,2,3,82,89,396,8,CSE,1
5.95,2,6,8,3,67,66,402,8,IT,1
8.31,6,7,0,1,41,68,287,5,MECH,1
6.23,6,5,7,1,34,86,6,2,MECH,1
7.91,0,10,2,2,6,63,234,3,CSE,1
8.57,1,9,0,0,40,35,150,2,ECE,1
9.4,4,10,8,1,61,14,239,7,MECH,1
6.16,1,3,2,2,74,9,465,2,CIVIL,1
5.68,5,3,7,1,33,17,286,5,ECE,1
7.89,4,1,1,0,13,6,76,6,CIVIL,1
5.96,6,10,1,1,99,40,371,1,IT,1
7.2,0,10,7,3,90,79,326,5,CSE,1
8.02,0,1,4,0,15,8,37,3,ECE,1
8.12,4,8,1,1,25,29,482,6,CSE,1
7.6,3,9,7,1,92,99,293,8,CIVIL,1
6.86,4,7,6,1,63,11,105,6,CSE,1
5.61,1,4,0,3,25,38,88,3,MECH,1
6.48,1,9,0,0,99,57,82,3,MECH,1
8.7,3,5,6,1,3,54,74,6,IT,1
7.48,0,6,7,0,22,94,387,4,MECH,1
9.89,0,8,6,1,29,37,437,8,CIVIL,1
5.83,5,8,8,0,93,88,185,1,IT,1
9.66,0,6,6,0,76,65,254,7,CSE,1
5.57,4,10,0,0,60,97,384,2,ECE,1
6.49,3,2,3,3,3,100,290,8,ECE,1
8.96,1,6,6,3,64,64,159,3,CSE,1
7.45,4,0,4,2,17,44,261,6,MECH,1
8.78,2,7,1,1,15,90,244,3,ECE,1
9.61,4,1,0,0,99,50,459,3,IT,1
6.65,1,1,8,1,57,67,214,5,IT,1
8.4,6,3,8,2,30,40,208,5,IT,1
9.24,6,7,0,3,15,12,440,4,CSE,1
6.5,2,10,1,1,20,82,14,5,IT,1
8.61,6,6,6,0,82,87,323,4,CIVIL,1
9.23,3,2,6,3,45,42,477,8,IT,1
9.27,2,10,3,0,17,28,218,7,ECE,1
6.68,1,3,7,1,6,67,66,5,IT,1
9.85,1,6,5,2,70,30,361,1,IT,1
8.88,6,10,5,1,64,32,349,3,CSE,1
6.48,1,0,3,1,87,41,89,2,IT,1
8.67,5,8,1,3,31,19,200,5,MECH,1
7.89,0,3,2,0,38,9,84,7,IT,1
5.94,3,0,3,0,60,4,124,7,CIVIL,1
6.75,2,4,5,2,79,43,146,1,MECH,1
6.39,5,6,3,3,45,48,299,5,CIVIL,1
7.68,0,10,2,3,59,14,190,1,CIVIL,1
7.23,2,2,8,3,10,41,119,4,IT,1
7.69,2,6,0,1,93,13,8,6,MECH,1
8.62,4,7,6,2,23,62,299,3,MECH,1
8.85,1,1,4,1,9,45,34,7,MECH,1
9.24,6,4,2,1,41,35,338,3,IT,1
5.58,0,8,1,1,49,42,320,4,CSE,1
8.59,6,10,0,1,45,89,132,8,ECE,1
8.11,6,8,2,2,53,63,366,3,ECE,1
7.74,0,9,5,0,87,67,461,6,IT,1
8.63,3,4,4,2,54,1,322,4,IT,1
9.25,6,9,5,0,34,49,314,7,IT,1
9.0,6,4,6,0,1,97,134,4,CSE,1
7.49,0,1,0,0,85,92,137,2,CSE,0
7.56,2,7,6,0,17,48,39,8,ECE,1
7.52,1,7,8,3,84,34,284,4,IT,1
8.48,5,4,5,0,7,53,19,7,MECH,1
9.57,4,9,3,1,96,37,366,5,CSE,1
6.33,1,2,5,3,92,38,65,6,ECE,1
7.11,2,3,6,3,7,67,48,3,CSE,1
8.92,5,0,5,0,79,59,211,8,CIVIL,1
9.09,6,5,0,0,58,13,78,5,MECH,1
7.61,1,3,4,1,81,40,393,8,ECE,1
9.89,6,7,2,0,61,86,209,6,IT,1
6.96,0,7,4,3,79,33,469,3,IT,1
5.83,0,4,3,1,10,49,463,6,IT,1
5.69,6,7,3,0,31,14,434,1,ECE,1
5.56,2,7,8,2,23,74,314,4,CIVIL,1
6.93,3,3,0,0,12,46,412,3,CSE,1
9.29,5,6,0,1,73,89,59,5,ECE,1
9.5,6,0,2,1,89,58,265,4,CSE,1
5.96,1,1,4,2,71,61,473,3,CIVIL,1
7.61,1,7,0,2,43,72,109,8,ECE,1
6.5,6,3,1,3,95,75,304,8,CSE,1
7.21,3,2,4,0,68,35,175,1,CIVIL,1
5.95,1,4,2,3,92,99,273,1,CSE,1
9.44,2,6,2,3,53,73,148,5,MECH,1
7.61,1,3,6,0,98,64,243,6,IT,1
7.87,5,8,0,3,95,47,372,1,IT,1
7.48,5,7,4,3,98,10,337,1,IT,1
9.73,6,5,3,1,41,33,353,6,CIVIL,1
8.63,2,4,7,3,95,80,193,5,CIVIL,1
6.85,1,9,2,2,11,52,423,3,IT,1
6.66,4,2,1,1,47,93,250,1,ECE,1
7.3,5,0,5,2,15,48,252,5,CIVIL,1
6.12,2,3,0,3,97,10,286,2,CSE,1
8.2,1,1,6,0,80,77,498,8,CSE,1
9.99,4,3,0,3,34,71,326,4,CIVIL,1
8.78,5,9,8,0,90,66,397,7,CSE,1
7.18,6,4,5,2,36,88,319,5,ECE,1
8.06,5,5,7,1,96,23,165,1,IT,1
5.76,0,5,5,1,12,95,471,6,CIVIL,1
6.41,0,10,6,1,87,2,14,5,MECH,1
5.54,0,7,6,0,41,17,285,3,CIVIL,1
5.96,1,9,0,0,82,12,32,7,CSE,1
9.59,1,1,8,0,52,99,65,1,CSE,1
7.25,4,7,7,1,100,56,500,1,MECH,1
9.68,4,9,4,0,51,62,19,2,ECE,1
6.95,2,4,3,0,23,74,127,8,CSE,1
6.2,6,10,0,3,17,29,34,7,IT,1
9.9,4,10,1,0,17,35,496,4,MECH,1
6.47,4,0,7,0,29,27,235,2,CSE,1
5.73,2,1,0,0,4,67,310,2,MECH,1
5.7,1,5,2,2,62,67,203,6,CSE,1
8.6,0,10,8,3,90,21,143,7,CSE,1
8.44,1,6,0,1,96,54,492,6,IT,1
9.46,6,5,2,3,23,52,131,8,ECE,1
7.01,1,1,7,2,4,17,474,4,IT,1
9.91,1,7,2,0,63,62,176,5,ECE,1
8.92,6,5,5,1,39,99,89,2,CIVIL,1
6.49,6,8,2,1,83,41,438,6,MECH,1
6.68,3,1,6,0,69,49,89,3,ECE,1
9.4,1,3,7,3,85,0,139,7,MECH,1
8.71,2,3,5,0,71,66,301,6,CIVIL,1
7.78,6,2,4,2,55,66,235,5,ECE,1
8.38,4,10,6,1,63,18,305,6,IT,1
7.56,6,10,3,3,29,72,282,5,MECH,1
6.45,5,9,1,3,62,0,80,4,MECH,1
8.33,2,9,5,0,84,48,296,2,CSE,1
9.64,6,7,3,3,89,15,208,5,IT,1
8.28,1,10,1,1,79,98,351,1,ECE,1
9.49,2,7,0,1,46,10,320,4,IT,1
6.06,3,6,7,2,0,54,35,8,CSE,1
5.93,5,2,4,1,61,69,391,6,ECE,1
9.5,1,8,4,1,59,7,76,7,CSE,1
7.52,3,2,3,2,47,97,446,3,CSE,1
6.23,3,3,0,0,11,76,17,8,MECH,1
9.34,3,7,7,0,47,75,472,6,CIVIL,1
7.64,1,3,6,3,41,0,134,5,CIVIL,1
6.97,4,1,5,3,97,38,95,3,IT,1
7.73,4,9,0,0,71,45,44,7,IT,1
6.88,2,1,3,3,56,22,272,5,ECE,1
5.78,5,5,4,3,22,100,488,8,ECE,1
7.14,3,7,5,0,38,67,387,3,CSE,1
7.0,0,9,5,0,37,17,55,5,ECE,1
9.52,3,7,5,3,31,10,402,7,IT,1
9.2,3,10,6,3,80,52,102,5,CSE,1
8.39,3,3,1,2,10,50,101,3,ECE,1
5.92,5,0,8,0,41,91,498,8,MECH,1
9.21,2,3,5,3,76,65,27,3,MECH,1
7.63,5,3,7,0,61,99,394,5,IT,1
6.03,3,2,3,3,14,40,117,2,MECH,1
7.37,5,0,8,0,4,17,384,8,CIVIL,1
6.18,6,1,4,1,83,100,380,1,CIVIL,1
9.19,3,7,5,1,61,27,146,5,CIVIL,1
8.89,3,10,7,3,95,10,96,7,CIVIL,1
5.51,5,9,8,2,37,100,310,7,CSE,1
9.54,5,1,3,0,98,43,126,4,IT,1
6.77,0,4,8,2,31,48,129,3,CSE,1
5.56,5,4,3,1,95,82,374,1,CIVIL,1
9.73,3,10,4,0,49,44,256,8,CSE,1
9.78,3,2,1,3,13,98,379,7,CIVIL,1
6.32,5,3,0,2,20,54,135,4,MECH,1
6.85,4,6,1,2,9,83,357,7,CSE,1
9.23,0,1,0,1,69,9,249,3,MECH,1
5.55,4,3,6,0,50,85,315,6,CSE,1
6.81,2,7,2,0,78,26,400,5,ECE,1
8.42,2,3,2,0,99,35,125,5,CSE,1
9.07,6,3,5,3,63,38,364,3,CSE,1
6.13,4,9,5,3,79,3,129,5,CSE,1
5.94,5,7,7,3,65,85,42,6,IT,1
7.61,5,7,0,2,80,94,478,2,MECH,1
6.78,0,7,4,0,52,70,81,2,IT,1
6.98,0,0,3,3,93,3,365,5,ECE,1
8.71,1,10,8,3,28,6,29,7,CSE,1
6.47,4,5,0,1,66,30,198,1,IT,1
8.39,6,2,3,3,93,61,82,4,MECH,1
8.93,2,5,8,1,40,91,15,5,CSE,1
7.94,2,9,1,1,6,49,126,7,CIVIL,1
7.62,4,6,1,1,69,33,188,8,CSE,1
6.77,2,3,6,3,38,24,417,1,ECE,1
9.21,0,2,3,0,79,47,56,5,ECE,1
8.98,3,9,8,2,38,69,183,2,MECH,1
7.31,1,0,3,3,94,90,8,5,CIVIL,1
7.16,5,2,4,1,68,53,89,6,CIVIL,1
9.97,2,5,1,1,98,49,298,3,ECE,1
7.21,6,5,7,0,33,93,124,2,MECH,1
7.04,2,7,0,0,31,69,79,8,MECH,1
7.32,4,8,5,2,67,26,18,7,CSE,1
9.97,4,3,2,1,37,20,494,5,ECE,1
8.47,1,0,7,1,100,58,272,1,IT,1
8.31,3,10,5,2,93,22,360,8,ECE,1
9.24,2,6,4,1,93,95,48,6,CSE,1
9.39,3,0,8,2,46,0,252,1,ECE,1
9.01,6,6,6,3,62,35,152,2,ECE,1
6.45,2,10,3,1,6,22,375,1,IT,1
7.62,4,9,6,1,6,57,373,6,IT,1
6.05,6,10,2,3,93,58,483,4,IT,1
7.6,5,7,6,2,40,37,403,2,IT,1
7.42,4,7,1,1,28,65,352,6,MECH,1
6.6,0,9,0,2,13,75,441,6,CSE,1
7.59,3,6,5,3,58,19,326,6,CIVIL,1
7.08,2,7,5,3,68,7,128,8,CSE,1
7.17,6,6,5,0,78,1,322,4,IT,1
7.27,3,0,7,3,66,63,404,5,CIVIL,1
8.87,3,5,1,2,99,16,397,2,CSE,1
7.53,6,4,2,1,43,92,279,1,CIVIL,1
7.19,4,1,6,1,88,18,413,3,IT,1
9.73,5,9,3,3,53,28,78,1,CIVIL,1
9.95,4,6,4,1,1,4,151,3,MECH,1
7.78,3,5,5,2,19,73,476,1,CIVIL,1
6.59,6,9,3,3,6,23,446,8,IT,1
9.0,3,8,5,0,50,24,242,4,CSE,1
6.75,0,7,4,2,78,30,440,7,MECH,1
9.74,2,8,3,3,37,48,327,1,MECH,1
5.58,6,9,0,2,45,7,93,1,MECH,1
5.97,2,9,1,0,60,94,394,2,ECE,1
6.88,0,0,3,1,61,65,372,7,ECE,1
6.86,5,3,1,1,93,24,265,5,CSE,1
9.03,1,6,8,0,69,41,329,5,ECE,1
6.16,1,4,3,3,98,56,26,8,ECE,1
7.83,0,9,0,2,74,22,352,7,ECE,1
6.37,5,6,4,3,64,27,402,5,CSE,1
5.67,1,8,3,0,34,87,25,8,CIVIL,1
8.67,2,4,3,0,83,100,29,6,ECE,1
7.68,2,10,5,2,70,36,48,1,CIVIL,1
8.78,1,9,1,0,86,80,386,1,CIVIL,1
6.39,2,8,1,3,89,38,286,6,ECE,1
7.42,6,0,2,1,21,28,177,4,CSE,1
6.78,3,4,0,0,83,49,198,1,CIVIL,1
7.36,5,5,0,2,32,48,490,2,CIVIL,1
8.32,5,5,1,0,94,88,87,8,ECE,1
8.32,2,7,1,2,81,79,296,8,MECH,1
7.86,0,0,7,2,87,2,413,6,CIVIL,0
9.28,6,3,3,1,0,36,126,6,IT,1
8.26,4,0,8,3,17,25,311,4,IT,1
6.39,6,2,6,0,10,62,70,1,ECE,1
9.4,0,0,6,0,2,21,226,8,CSE,1
8.36,6,7,3,3,20,27,198,5,CSE,1
9.7,0,8,6,1,63,44,97,4,ECE,1
7.6,2,4,4,1,28,55,404,8,IT,1
9.44,3,5,7,2,59,64,438,1,CIVIL,1
7.44,1,3,7,0,52,49,489,7,MECH,1
8.76,1,8,8,0,76,24,78,3,MECH,1
6.08,4,5,7,2,65,72,15,4,MECH,1
9.52,0,2,8,1,35,32,65,4,CIVIL,1
7.18,0,10,4,1,47,91,172,1,CIVIL,1
6.52,4,10,0,2,84,73,13,4,MECH,1
7.98,2,0,1,3,59,84,201,7,IT,1
8.02,4,3,8,1,77,15,158,7,MECH,1
6.92,4,4,1,2,8,90,226,8,CSE,1
6.07,1,8,6,0,41,96,412,2,ECE,1
6.75,5,10,3,3,23,43,217,7,CIVIL,1
5.6,4,8,6,0,11,26,247,7,MECH,1
9.46,5,5,1,3,50,67,405,8,IT,1
6.02,6,5,5,1,90,62,174,3,CSE,1
7.77,1,6,7,2,26,97,194,6,MECH,1
7.27,6,0,5,1,49,86,241,2,CIVIL,1
6.39,1,4,1,3,20,79,362,2,ECE,1
6.01,0,6,6,3,65,90,320,6,IT,1
8.7,5,9,5,3,69,28,302,4,CSE,1
8.2,1,0,3,3,95,18,126,5,CIVIL,1
8.29,4,6,0,0,17,99,209,1,CSE,1
9.65,3,7,5,0,49,36,16,6,MECH,1
7.14,5,5,0,0,14,61,414,3,CSE,1
5.53,5,7,3,3,2,93,43,2,CSE,1
8.07,1,5,3,0,67,98,328,4,CSE,1
9.88,0,5,6,2,46,82,131,2,IT,1
8.34,1,8,5,3,85,51,405,3,IT,1
6.4,3,8,1,2,44,100,342,7,CSE,1
7.53,5,0,6,3,92,15,149,7,CSE,1
7.16,6,6,5,1,8,22,160,7,CIVIL,1
6.72,3,9,1,3,27,17,418,7,CIVIL,1
5.84,1,6,7,3,60,40,359,2,ECE,1
7.52,0,1,4,0,82,32,268,4,CIVIL,0
9.19,1,4,2,2,95,17,138,2,IT,1
5.85,2,0,3,1,40,68,86,4,CSE,0
7.3,0,5,8,1,87,42,261,8,CIVIL,1
5.82,3,1,0,3,49,9,320,7,CSE,1
8.95,5,9,5,0,10,69,275,7,CIVIL,1
6.89,6,9,1,2,78,37,127,4,ECE,1
8.76,5,10,0,0,30,64,323,7,IT,1
7.64,3,7,2,3,62,53,165,6,IT,1
6.36,3,3,6,1,52,81,20,6,ECE,1
5.82,0,7,7,0,65,79,472,4,ECE,1
9.0,6,0,5,3,85,6,484,2,ECE,1
9.22,0,4,2,2,76,94,232,8,CIVIL,1
9.73,5,10,6,0,79,15,100,6,IT,1
7.38,0,3,3,3,45,66,379,8,IT,1
8.68,1,3,5,0,37,63,412,4,CSE,1
6.59,6,8,8,1,8,71,467,7,CIVIL,1
7.09,3,7,7,3,0,84,294,8,MECH,1
9.13,4,6,8,0,26,36,210,6,ECE,1
9.31,3,9,6,0,50,12,66,5,CIVIL,1
6.25,1,2,7,2,59,18,496,3,MECH,1
6.4,4,7,7,0,16,34,296,4,CSE,1
7.18,2,6,4,3,2,24,479,8,ECE,1
9.83,4,3,7,0,22,44,71,7,ECE,1
5.88,4,1,2,2,73,85,89,7,MECH,1
6.01,4,2,0,3,15,95,76,5,CSE,1
7.3,6,2,4,1,40,60,401,7,ECE,1
8.74,0,5,8,3,4,95,146,7,CIVIL,1
7.37,4,9,0,0,73,31,106,7,IT,1
6.11,2,4,0,0,51,24,266,8,MECH,1
9.05,4,3,3,2,25,23,325,6,CIVIL,1
6.83,3,8,5,3,73,45,68,5,CSE,1
7.3,5,5,8,1,18,86,465,2,CSE,1
8.27,6,7,8,1,67,9,56,6,MECH,1
9.08,0,10,2,2,72,99,155,7,ECE,1
8.49,0,9,5,2,85,65,396,4,ECE,1
9.01,4,10,6,3,15,32,451,7,MECH,1
7.05,3,10,5,0,35,41,376,2,ECE,1
7.09,0,6,5,0,19,100,162,5,MECH,1
8.32,5,1,6,0,71,89,208,5,CSE,1
5.83,5,1,8,0,25,52,342,2,CIVIL,1
6.18,2,7,0,0,92,71,234,1,IT,1
8.76,3,10,4,2,63,33,233,7,CSE,1
7.27,0,3,6,1,7,31,202,8,ECE,1
7.28,4,6,3,1,21,20,412,5,CIVIL,1
7.01,6,5,5,3,93,100,120,6,CIVIL,1
7.75,0,8,3,0,12,85,295,8,ECE,1
7.47,3,5,7,0,85,84,365,3,ECE,1
6.71,5,8,2,2,66,54,417,3,CSE,1
8.73,2,2,8,3,36,75,400,7,CIVIL,1
7.87,1,6,0,3,100,67,406,3,CIVIL,1
7.52,3,4,3,0,74,39,452,8,ECE,1
9.91,6,10,3,1,10,50,91,2,IT,1
5.55,4,4,8,2,64,21,117,3,MECH,1
8.67,3,9,4,0,9,27,120,8,MECH,1
9.23,6,9,0,2,69,82,306,4,IT,1
7.31,6,1,3,2,18,80,125,7,CIVIL,1
9.26,3,8,2,3,64,80,377,7,MECH,1
9.07,1,7,8,3,35,5,31,6,CSE,1
9.01,3,1,1,2,39,99,395,6,MECH,1
7.15,4,2,7,1,52,24,129,3,CIVIL,1
5.74,6,7,6,0,75,84,321,5,CSE,1
9.54,0,7,4,1,73,82,453,8,MECH,1
8.97,4,6,4,2,25,96,498,6,CIVIL,1
5.5,1,4,6,1,26,93,429,7,CSE,1
7.18,0,2,5,0,31,15,8,7,IT,1
8.69,2,3,6,1,32,16,107,4,CSE,1
6.32,0,7,2,0,95,71,325,8,MECH,1
7.42,1,1,0,1,30,73,451,7,CIVIL,0
8.82,3,6,6,3,32,98,63,3,MECH,1
9.41,4,4,3,3,6,82,189,8,MECH,1
6.95,4,1,3,1,93,98,44,2,CIVIL,1
5.51,4,1,5,3,1,28,227,3,MECH,1
8.68,6,7,1,1,41,95,295,4,ECE,1
9.94,4,9,4,3,31,50,48,5,MECH,1
5.56,1,3,8,1,27,31,268,4,CSE,1
7.04,1,1,5,0,74,61,474,4,CSE,1
9.29,2,0,6,2,77,33,355,8,CSE,1
9.34,6,6,6,0,70,92,80,5,IT,1
8.86,0,10,0,0,82,91,490,5,ECE,1
8.28,5,0,7,3,43,41,410,5,IT,1
9.17,1,8,2,0,92,54,240,8,ECE,1
8.43,0,6,5,0,18,80,197,6,CSE,1
7.25,2,8,4,3,3,23,38,2,MECH,1
6.3,1,9,2,1,12,73,51,4,CIVIL,1
5.89,2,0,2,1,13,23,131,1,IT,1
8.47,0,4,7,2,72,85,132,8,CIVIL,1
7.08,0,7,5,3,79,95,360,7,CSE,0
5.97,4,6,7,0,15,84,0,4,IT,1
5.99,1,5,6,2,43,10,96,8,MECH,1
5.72,5,2,5,2,67,54,306,5,MECH,1
7.91,0,0,6,3,60,37,252,6,MECH,1
6.69,3,10,3,3,63,58,123,5,ECE,1
8.85,1,2,2,3,15,99,432,7,CIVIL,1
9.68,4,4,5,1,39,76,157,6,IT,1
5.75,0,8,3,0,40,25,240,1,ECE,1
9.11,2,9,1,0,31,82,439,3,ECE,1
9.9,0,7,6,3,28,88,120,6,IT,1
7.5,3,0,6,1,72,19,128,5,CSE,1
6.29,2,8,6,2,31,11,339,7,ECE,1
7.92,4,7,6,2,86,64,270,7,ECE,1
6.57,1,1,7,2,75,21,170,1,CSE,1
8.25,2,10,4,0,42,91,411,6,MECH,1
5.69,6,7,8,2,24,10,127,3,MECH,1
6.26,1,10,2,0,23,89,470,2,CSE,1
5.76,4,9,6,2,67,96,279,5,ECE,1
5.89,5,2,6,1,64,19,239,4,MECH,1
9.19,0,2,4,2,65,87,77,3,CIVIL,1
6.95,6,3,8,0,64,21,199,5,CSE,1
6.62,2,1,8,0,78,22,5,5,CIVIL,1
7.44,4,9,0,1,79,87,466,5,MECH,1
9.45,0,9,7,2,40,37,98,8,IT,1
8.6,2,10,6,0,6,66,134,2,CSE,1
7.35,5,4,2,3,97,7,341,3,ECE,1
8.42,5,4,4,3,19,90,8,3,IT,1
9.35,3,8,5,1,75,96,16,4,CSE,1
5.85,5,7,4,3,81,5,398,3,CSE,1
7.71,1,8,7,2,95,40,365,4,ECE,1
8.26,3,6,3,2,57,43,233,8,ECE,1
9.34,6,4,3,0,52,66,239,3,CIVIL,1
8.37,0,3,5,3,1,17,111,7,CIVIL,1
7.77,1,1,5,2,40,83,414,5,MECH,1
9.29,0,2,3,0,55,67,4,8,CIVIL,1
7.07,6,1,0,1,51,45,379,7,CIVIL,1
7.25,0,5,1,3,27,50,254,7,CIVIL,1
8.08,6,9,5,0,42,77,441,2,IT,1
6.38,5,7,4,1,36,16,258,1,CIVIL,1
9.15,5,2,0,2,92,82,447,1,CIVIL,1
8.74,4,9,3,1,61,58,236,1,MECH,1
8.12,6,8,5,2,79,70,47,3,ECE,1
6.49,2,2,6,2,93,81,287,6,CIVIL,1
7.06,2,9,2,2,66,51,260,8,IT,1
9.78,4,4,7,1,98,94,460,6,IT,1
8.35,5,2,8,0,6,63,156,7,CSE,1
9.15,6,0,7,1,3,13,115,1,MECH,1
6.49,0,9,3,2,84,46,304,4,CIVIL,1
6.61,3,3,6,2,99,77,463,8,CIVIL,1
7.94,6,0,1,0,85,71,357,5,CIVIL,1
7.34,5,7,1,2,55,7,298,6,MECH,1
7.94,5,9,4,3,21,78,137,6,CSE,1
8.09,3,7,1,2,5,16,486,1,ECE,1
8.69,3,7,1,2,97,55,5,1,IT,1
9.67,1,3,1,3,72,27,475,5,MECH,1
9.2,4,5,7,0,56,46,323,5,CSE,1
7.24,6,6,8,1,18,68,301,2,MECH,1
6.52,4,5,2,0,89,6,284,4,CSE,1
9.62,5,9,6,3,2,98,283,5,IT,1
8.6,4,7,8,0,86,48,420,7,CSE,1
7.43,5,2,2,0,87,95,94,8,CSE,1
7.24,2,1,1,0,50,65,6,7,ECE,1
6.54,1,3,2,2,5,19,248,2,CIVIL,1
7.15,0,5,4,2,62,90,180,6,ECE,1
6.66,6,0,7,1,15,52,70,3,MECH,1
7.94,3,4,1,3,54,90,207,8,CIVIL,1
7.53,0,0,3,2,27,35,414,7,CIVIL,1
7.17,2,4,1,3,94,4,254,5,ECE,1
6.72,0,6,8,1,82,100,317,6,IT,1
7.41,1,7,5,3,6,48,10,5,ECE,1
6.43,4,2,6,1,74,80,395,4,IT,1
9.53,4,3,2,0,38,11,237,6,CIVIL,1
6.24,4,6,6,2,2,59,115,8,ECE,1
6.24,5,2,6,3,11,28,452,8,ECE,1
9.92,1,4,8,3,65,73,154,7,ECE,1
7.51,1,1,3,0,20,30,378,8,CIVIL,1
7.06,0,3,4,3,51,62,424,5,CIVIL,1
8.67,0,2,7,0,72,3,204,1,ECE,1
9.8,1,6,5,3,26,7,84,7,CIVIL,1
6.11,5,9,1,3,42,92,454,3,CSE,1
9.76,3,3,4,2,48,15,393,5,MECH,1
9.52,2,5,7,0,78,68,214,3,IT,1
9.29,4,10,2,1,65,19,383,8,CSE,1
9.0,5,6,7,0,26,67,138,3,ECE,1
9.23,1,6,0,2,18,70,367,7,ECE,1
7.03,0,10,2,1,9,73,62,6,IT,1
6.84,6,8,0,3,30,24,467,6,CIVIL,1
7.63,5,2,3,2,52,20,485,6,MECH,1
8.54,0,2,1,3,34,78,12,6,IT,1
9.43,5,2,4,0,92,26,215,4,IT,1
5.55,3,8,3,3,44,7,324,5,CIVIL,1
8.38,6,9,7,1,29,65,82,4,ECE,1
7.89,4,7,1,2,23,97,207,5,MECH,1
9.4,3,6,1,0,98,86,28,7,CSE,1
7.37,0,10,6,2,20,88,50,2,CSE,1
6.65,4,10,6,2,55,56,291,1,CIVIL,1
7.63,6,0,7,2,40,54,433,1,ECE,1
8.36,3,10,7,2,86,24,145,3,CSE,1
7.32,3,4,8,2,75,37,410,6,IT,1
9.11,3,10,0,1,21,1,367,3,MECH,1
6.48,1,1,7,2,49,9,77,4,CSE,1
6.84,3,5,5,2,17,28,479,8,MECH,1
9.95,3,0,3,2,14,19,132,5,CSE,1
7.75,6,10,2,0,73,22,167,5,CIVIL,1
5.89,3,9,2,2,38,48,379,3,CIVIL,1
6.37,0,3,3,0,90,34,25,7,MECH,1
5.77,6,7,5,0,47,92,492,5,ECE,1
7.43,3,3,6,3,73,10,416,1,MECH,1
8.99,1,2,8,1,1,57,123,6,CIVIL,0
8.48,4,3,3,2,88,40,326,2,CSE,1
9.83,4,9,6,2,45,48,130,6,ECE,1
9.4,2,0,1,2,17,80,217,2,CSE,1
8.2,3,1,1,2,52,12,124,6,IT,1
7.03,5,4,5,1,36,63,369,6,CIVIL,1
5.62,1,1,2,2,25,14,398,2,MECH,0
8.76,5,10,7,2,46,75,56,5,CIVIL,1
6.16,3,1,1,0,36,49,113,6,CSE,1
6.8,5,8,2,2,12,47,340,7,ECE,1
6.44,0,1,5,0,64,97,189,2,IT,1
8.63,1,6,8,0,48,84,415,4,IT,1
8.93,6,6,3,0,94,76,411,4,IT,1
8.71,1,8,6,1,70,3,30,3,CSE,1
6.86,3,9,8,0,24,55,379,8,MECH,1
7.89,4,7,1,1,54,6,288,6,CSE,1
6.72,5,1,7,1,19,68,441,1,CSE,1
6.96,1,10,3,1,13,37,330,2,CIVIL,1
6.27,1,9,8,0,80,17,26,7,IT,1
7.03,2,0,6,1,88,65,64,5,ECE,1
5.99,5,9,6,2,15,6,18,1,IT,1
6.63,6,6,3,0,81,35,141,7,CSE,1
8.34,0,5,0,2,89,8,358,4,CIVIL,1
7.92,4,4,1,0,5,39,423,8,CSE,1
5.56,5,10,5,2,53,100,136,5,CSE,1
6.0,1,8,6,0,37,67,300,4,CSE,1
9.63,2,6,7,2,30,18,387,2,MECH,1
6.35,4,7,1,1,4,17,76,7,ECE,1
8.46,4,9,1,2,70,41,448,6,CIVIL,1
8.07,2,8,8,2,70,48,68,6,IT,1
9.96,5,0,1,2,52,94,34,6,ECE,1
7.4,1,2,2,2,47,22,259,2,ECE,1
5.83,1,10,0,1,61,54,250,4,CIVIL,1
5.76,6,9,7,3,1,62,194,5,CIVIL,1
8.14,4,7,3,0,67,2,433,2,ECE,1
7.58,0,1,1,3,12,29,144,3,IT,1
8.66,6,0,6,1,15,99,222,5,ECE,1
9.32,6,1,0,1,37,26,397,5,CIVIL,1
9.84,6,4,5,0,98,23,206,6,MECH,1
7.66,1,0,4,2,42,100,278,5,MECH,1
6.14,5,2,2,0,82,59,185,5,IT,1
9.08,3,6,4,1,80,50,456,6,ECE,1
7.4,3,8,4,3,3,32,461,5,CSE,1
5.93,5,7,4,1,15,39,363,8,IT,1
6.56,2,3,1,2,58,62,206,8,CSE,1
7.44,5,1,7,2,48,43,227,6,CSE,1
5.82,2,10,2,2,54,18,341,5,ECE,1
6.71,2,1,0,2,27,7,271,4,CIVIL,1
6.23,5,3,3,1,83,50,237,4,CSE,1
7.76,0,7,0,2,94,40,34,6,ECE,1
6.66,1,10,2,1,22,96,85,4,ECE,1
9.1,5,3,4,0,61,7,72,3,MECH,1
5.81,3,10,7,0,51,2,138,7,ECE,1
8.68,4,8,5,3,52,77,310,8,MECH,1
7.41,5,2,7,0,11,19,95,3,IT,1
5.87,3,3,4,0,79,66,12,5,IT,1
6.41,2,9,2,1,99,87,434,8,CIVIL,1
6.05,6,10,8,3,81,12,58,2,IT,1
6.11,2,9,8,3,34,33,208,6,CIVIL,1
7.5,3,4,1,0,68,65,166,1,IT,1
9.04,1,1,1,3,34,42,55,3,CSE,1
9.07,5,10,7,0,10,70,406,6,CSE,1
7.79,2,6,8,0,85,32,369,5,MECH,1
5.55,1,2,0,1,66,69,33,3,MECH,1
8.49,6,1,4,3,74,32,62,2,CIVIL,1
7.49,6,10,0,2,36,42,334,7,CSE,1
9.88,4,3,2,1,92,85,203,4,MECH,1
8.56,4,8,6,1,22,50,38,7,MECH,1
5.61,6,5,3,1,32,56,183,5,CSE,1
6.73,0,8,3,0,53,9,455,4,CSE,1
9.47,2,10,1,2,45,71,465,4,CIVIL,1
9.12,0,7,1,3,67,10,448,2,IT,1
8.03,0,2,7,2,93,31,12,1,ECE,1
6.79,5,4,2,2,51,68,196,3,IT,1
6.66,4,5,1,2,49,73,448,7,CSE,1
9.97,5,2,2,2,53,14,424,6,CIVIL,1
9.63,5,1,1,1,99,64,468,6,MECH,1
6.74,4,3,3,0,32,20,285,8,IT,1
8.98,3,0,6,0,83,88,328,3,ECE,1
6.66,2,7,3,1,28,1,249,5,ECE,1
8.6,2,1,4,3,20,36,380,7,CSE,1
7.77,6,5,8,1,55,85,295,2,IT,1
7.32,0,6,0,2,98,1,479,8,CSE,1
8.18,0,9,5,1,3,19,186,2,CIVIL,1
8.53,6,3,4,1,85,41,399,2,CIVIL,1
5.64,1,10,3,1,44,96,443,5,IT,1
6.49,5,5,7,3,22,22,410,2,IT,1
9.39,2,2,2,3,7,25,292,4,CIVIL,1
8.38,2,9,2,3,78,25,500,6,MECH,1
8.84,5,3,1,1,58,57,279,1,MECH,1
6.95,5,0,3,3,57,37,53,7,CSE,1
6.42,5,6,6,1,20,100,375,5,MECH,1
7.46,4,5,7,1,25,10,285,8,IT,1
5.69,1,1,3,3,11,63,355,5,ECE,1
7.16,4,3,0,1,30,97,356,1,MECH,1
6.73,6,0,4,2,90,38,240,7,MECH,1
9.8,5,6,7,1,28,64,392,2,CSE,1
9.54,3,0,7,1,34,30,471,3,CSE,1
9.85,0,9,0,0,92,27,250,3,MECH,1
9.32,0,3,1,0,93,1,282,7,IT,1
7.23,3,10,7,1,78,26,351,4,IT,1
9.3,2,1,6,3,13,89,422,4,MECH,1
6.44,6,1,3,2,87,73,328,1,IT,1
5.83,3,6,5,0,15,57,196,5,IT,1
9.5,2,1,1,0,61,46,481,5,ECE,1
9.23,3,7,0,0,47,69,198,7,IT,1
8.99,5,1,4,2,1,11,464,7,ECE,1
9.36,0,2,2,1,31,44,487,1,CSE,0
7.0,2,7,7,1,34,29,4,3,CIVIL,1
8.83,1,5,6,0,0,72,236,4,MECH,1
8.29,4,9,5,3,44,13,476,6,CSE,1
8.18,6,0,2,1,34,28,50,1,MECH,1
9.35,2,5,3,1,86,23,407,8,ECE,1
7.95,4,6,8,0,67,48,168,6,CIVIL,1
9.85,6,4,4,2,79,70,234,7,CIVIL,1
8.97,3,8,1,2,55,71,171,1,MECH,1
9.89,4,0,0,0,49,33,481,5,IT,1
9.42,3,9,6,3,79,11,267,4,IT,1
9.1,1,6,4,0,42,95,336,6,CSE,1
8.7,1,4,8,2,69,71,187,5,IT,1
8.82,5,1,5,0,99,14,276,1,ECE,1
9.08,6,1,3,0,43,59,72,5,CSE,1
7.24,5,1,8,2,70,23,463,8,CIVIL,1
8.58,4,9,8,1,27,26,174,6,MECH,1
7.75,0,6,8,3,46,34,314,3,ECE,1
7.8,0,3,3,1,90,23,46,8,CSE,1
9.7,0,2,1,3,79,59,350,5,CIVIL,1
8.46,0,2,5,2,1,0,345,3,CIVIL,1
8.33,5,10,6,3,43,45,397,7,CSE,1
5.69,0,0,0,0,100,64,48,7,ECE,1
6.54,4,7,7,2,87,58,43,4,CSE,1
9.71,0,1,8,3,1,61,454,4,ECE,1
5.88,3,2,4,3,66,95,321,4,CIVIL,1
7.74,3,5,3,1,25,71,289,5,MECH,1
7.71,6,0,3,0,13,64,48,1,CSE,1
9.13,6,5,2,3,23,52,313,3,IT,1
8.93,6,1,3,0,50,83,246,4,MECH,1
6.6,5,8,2,3,13,11,296,3,ECE,1
9.62,3,9,4,0,72,14,229,4,MECH,1
6.56,5,5,5,3,14,41,226,3,CSE,1
9.65,2,1,7,1,72,57,367,8,CIVIL,1
7.76,4,8,2,1,22,0,255,3,MECH,1
7.12,1,1,1,0,76,96,23,3,IT,1
7.8,0,5,0,2,74,50,421,7,IT,1
7.31,1,6,8,2,17,93,77,1,ECE,1
7.74,2,1,2,1,22,42,453,5,IT,1
5.81,5,8,2,1,30,9,263,8,ECE,1
9.66,3,7,6,1,70,72,216,6,ECE,1
7.15,3,9,4,2,21,52,50,3,IT,1
8.11,5,1,7,3,85,59,23,5,MECH,1
9.69,0,5,5,2,94,33,217,8,ECE,1
8.44,4,6,3,2,15,70,244,2,MECH,1
9.09,3,6,7,2,45,83,223,3,CIVIL,1
6.22,5,1,5,2,71,1,164,3,CIVIL,1
6.47,3,7,5,0,45,33,260,4,MECH,1
6.45,2,5,7,3,8,78,362,8,IT,1
7.08,1,5,8,0,19,27,469,6,CSE,1
8.46,5,9,4,0,25,19,222,2,CIVIL,1
6.57,4,4,8,3,70,91,405,7,CSE,1
9.95,5,6,5,2,34,38,85,3,IT,1
9.96,4,6,4,3,5,7,235,1,IT,1
6.13,3,8,1,0,6,97,254,1,CIVIL,1
8.93,0,0,1,1,75,65,192,7,CIVIL,1
6.75,5,5,2,3,0,64,15,4,CSE,1
9.66,4,4,6,2,100,0,468,3,ECE,1
9.39,6,3,3,3,63,8,444,2,IT,1
8.33,2,7,6,0,80,85,109,1,CIVIL,1
8.2,3,6,1,3,42,1,421,7,CSE,1
6.0,5,6,5,3,86,0,20,4,CIVIL,1
7.66,3,3,6,0,44,30,271,8,CIVIL,1
8.98,5,6,0,2,20,20,434,6,ECE,1
8.72,4,2,0,1,75,67,378,1,MECH,1
7.18,5,2,3,1,73,58,292,4,MECH,1
9.92,5,2,2,1,1,89,305,4,CSE,1
6.31,0,9,7,3,92,40,74,8,CIVIL,1
8.99,2,8,7,3,24,84,86,5,ECE,1
9.31,0,4,3,3,63,30,82,4,ECE,1
5.96,1,9,7,2,63,31,181,6,MECH,1
6.3,6,0,0,0,56,95,199,2,MECH,1
5.83,3,4,1,2,97,99,124,4,CSE,1
6.19,1,6,3,2,76,64,413,2,ECE,1
8.18,1,2,0,2,49,4,255,5,ECE,1
8.04,0,9,3,3,59,75,465,2,MECH,1
9.26,4,5,5,3,58,89,186,7,MECH,1
8.75,1,9,7,3,84,88,102,6,MECH,1
7.89,6,7,8,1,24,49,213,1,CSE,1
5.56,0,9,6,3,7,64,53,3,ECE,1
7.37,4,1,4,3,63,1,261,7,MECH,1
9.85,4,5,0,1,83,65,289,7,CSE,1
7.77,6,6,1,0,35,44,298,3,CIVIL,1
7.46,3,6,3,0,61,6,250,4,CIVIL,1
7.4,5,4,4,2,89,59,314,8,IT,1
6.15,5,2,8,0,56,33,233,4,MECH,1
5.85,1,4,3,2,31,0,57,8,CIVIL,1
5.51,0,0,5,3,75,71,270,5,CIVIL,1
8.36,0,8,6,0,93,49,299,4,CIVIL,1
8.33,5,2,0,3,40,32,367,3,CSE,1
8.61,1,7,1,2,8,23,188,1,CIVIL,1
8.98,1,8,2,3,13,53,246,6,MECH,1
7.07,6,10,4,2,34,10,158,4,MECH,1
7.74,3,8,3,0,77,100,36,1,CIVIL,1
9.12,2,2,3,0,16,4,478,5,CSE,1
7.85,5,2,1,0,88,44,443,4,CSE,1
6.95,0,3,4,0,63,6,386,5,IT,1
8.26,6,5,2,0,16,37,483,6,ECE,1
9.7,2,6,4,1,21,97,354,6,ECE,1
6.67,6,3,0,3,92,90,267,7,CSE,1
9.95,0,6,2,3,77,4,59,7,MECH,1
6.68,6,7,0,1,0,98,343,3,CSE,1
6.19,1,3,4,2,97,17,380,3,CSE,1
8.07,1,2,8,2,61,34,103,7,ECE,1
7.1,3,6,7,2,83,87,89,1,ECE,1
8.3,6,3,2,3,15,90,316,8,ECE,1
7.14,2,6,8,1,53,58,429,7,ECE,1
9.24,6,4,1,2,43,95,212,1,IT,1
8.97,2,8,7,3,86,96,370,4,IT,1
6.5,6,8,4,0,84,53,19,1,MECH,1
6.78,0,3,2,1,24,46,104,6,ECE,1
8.98,1,2,7,0,80,70,492,6,CSE,1
8.9,6,3,3,2,91,20,49,4,CSE,1
9.98,5,2,5,0,83,11,410,3,ECE,1
7.23,1,9,5,0,72,89,470,5,ECE,1
8.26,3,10,2,2,21,87,32,7,MECH,1
5.88,6,1,8,1,16,18,394,3,MECH,1
7.89,1,9,4,3,61,72,195,8,MECH,1
6.89,6,10,0,0,36,70,303,7,ECE,1
9.04,6,6,3,3,48,30,452,6,CSE,1
7.72,0,8,5,1,50,67,425,8,CIVIL,1
7.89,0,6,5,0,91,24,319,8,CIVIL,1
8.38,1,7,2,3,75,88,449,3,IT,1
9.42,5,8,2,2,50,88,484,6,CSE,1
9.51,1,4,1,0,80,62,120,6,ECE,1
9.99,6,2,8,1,1,19,42,7,ECE,1
9.49,6,4,4,3,6,55,16,8,MECH,1
6.31,5,5,5,1,7,50,453,8,CIVIL,1
9.17,1,8,7,0,71,86,113,2,IT,1
6.37,5,5,5,2,52,48,466,1,CIVIL,1
8.36,1,10,8,3,66,83,151,8,IT,1
8.31,2,0,8,2,31,48,227,6,IT,1
9.98,5,3,5,0,83,45,67,4,IT,1
8.27,5,9,1,2,99,83,152,8,MECH,1
6.24,6,7,1,1,97,99,327,4,CSE,1
6.37,5,0,4,1,71,34,264,6,IT,1
9.61,5,5,8,1,24,66,271,3,IT,1
7.49,1,4,2,0,74,55,7,8,CSE,1
5.92,1,0,5,1,49,60,362,8,MECH,1
6.91,1,3,0,0,41,87,146,1,ECE,1
9.32,0,9,2,3,0,74,420,2,CSE,1
6.04,5,1,1,2,47,25,92,4,CIVIL,1
7.53,5,0,4,3,0,93,41,7,IT,1
8.22,5,5,7,3,95,49,180,5,ECE,1
8.91,4,0,8,2,96,42,444,5,IT,1
5.69,1,2,4,2,5,37,353,8,MECH,1
6.47,4,0,4,0,98,19,327,4,CIVIL,1
6.72,2,4,2,1,83,75,336,3,CSE,1
6.14,5,6,0,0,80,97,499,4,ECE,1
9.07,0,5,5,0,66,74,489,8,MECH,1
8.15,1,8,7,1,52,31,186,7,ECE,1
5.9,1,8,1,2,23,91,446,8,ECE,1
7.68,5,1,8,1,89,24,456,3,ECE,1
8.05,6,7,1,2,22,48,339,6,MECH,1
8.97,2,2,6,0,51,38,330,2,CIVIL,1
5.94,3,1,1,1,57,50,271,5,CIVIL,1
6.65,4,2,3,0,41,59,226,5,MECH,1
5.93,1,8,3,1,84,53,482,4,CSE,1
9.43,0,4,2,1,87,85,98,7,ECE,1
5.63,0,9,2,2,1,29,172,6,MECH,1
6.23,1,4,1,0,81,27,187,3,CIVIL,1
6.66,5,2,0,1,5,43,64,6,IT,1
6.23,1,7,5,3,86,86,360,7,IT,1
8.91,0,8,6,1,50,64,311,6,CSE,1
9.25,2,6,8,2,90,12,269,5,CIVIL,1
8.39,5,8,1,0,92,32,28,8,MECH,1
5.76,1,0,2,0,27,65,164,3,ECE,1
6.88,3,9,4,1,31,73,356,6,CSE,1
9.31,4,9,1,2,43,26,402,8,IT,1
8.65,0,5,7,1,26,58,191,5,CSE,1
8.81,4,10,4,3,31,13,238,5,MECH,1
7.03,4,8,2,0,90,39,99,5,CSE,1
7.65,6,7,5,0,58,8,325,3,CIVIL,1
6.89,4,10,4,2,76,82,82,1,ECE,1
7.77,5,3,0,1,78,100,467,6,IT,1
9.89,4,3,5,0,46,64,205,3,CSE,1
9.45,0,0,0,0,4,94,304,6,CIVIL,0
5.84,2,10,6,3,45,92,121,4,CSE,1
6.37,2,8,8,0,94,39,483,4,CSE,1
6.4,2,8,8,0,37,47,158,5,IT,1
5.65,3,6,6,2,61,13,104,5,IT,1
6.73,1,10,7,1,61,86,231,2,CSE,1
7.52,1,3,0,2,71,63,460,5,MECH,1
8.34,3,9,4,0,30,95,278,3,ECE,1
8.06,2,0,5,0,77,38,210,7,CIVIL,1
9.08,6,5,3,0,51,77,392,4,ECE,1
8.11,4,0,6,3,72,13,117,5,MECH,1
8.94,1,7,4,2,67,18,388,5,MECH,1
5.83,0,6,8,0,32,69,136,6,IT,0
7.25,5,2,5,0,58,46,440,5,ECE,1
9.75,2,5,6,3,41,13,391,1,CSE,1
8.11,3,9,7,0,68,59,286,3,CIVIL,1
8.14,3,0,3,2,49,81,30,6,MECH,1
5.63,6,2,1,1,10,90,114,3,IT,1
7.13,2,9,1,0,82,75,379,5,CIVIL,1
9.43,0,7,3,3,16,78,324,2,CIVIL,1
8.62,1,2,5,1,24,35,204,3,CSE,1
7.01,4,9,6,1,6,55,155,5,CSE,1
6.11,6,6,1,1,81,5,489,4,CIVIL,1
6.8,2,8,3,0,29,99,388,6,MECH,1
8.88,2,0,6,1,30,63,80,5,IT,1
7.35,1,1,1,2,77,65,238,4,IT,1
8.98,3,4,0,0,79,34,169,6,MECH,1
8.91,0,3,1,1,15,3,327,7,ECE,1
6.5,3,5,4,2,49,23,125,5,ECE,1
7.95,3,5,3,1,1,57,254,3,IT,1
7.1,3,3,0,3,52,100,211,4,CSE,1
6.56,3,8,4,0,6,13,352,8,IT,1
7.62,5,1,0,1,58,34,40,5,CSE,1
9.67,2,2,0,3,21,82,437,8,MECH,1
7.84,1,10,0,0,87,50,159,4,CIVIL,1
9.61,6,10,5,2,49,46,88,3,MECH,1
9.57,0,3,6,2,77,29,404,2,MECH,1
6.05,4,10,0,0,74,24,422,3,IT,1
5.59,0,3,2,2,41,1,43,2,ECE,1
8.33,2,1,4,3,70,32,275,2,MECH,1
9.13,4,4,0,0,21,66,148,2,ECE,1
7.46,6,9,6,2,85,46,144,5,ECE,1
7.02,0,1,8,1,94,10,301,4,IT,1
9.77,3,2,7,1,70,98,239,2,CSE,1
6.47,4,2,2,1,43,86,437,8,ECE,1
8.43,2,2,2,3,90,49,36,6,CIVIL,1
9.88,3,9,7,1,56,24,434,6,CIVIL,1
7.21,3,0,0,3,87,34,237,7,IT,1
9.94,0,9,2,0,77,16,364,7,ECE,1
8.58,3,9,8,2,55,57,111,6,CIVIL,1
7.92,2,7,6,0,31,36,3,6,CSE,1
6.12,3,3,2,3,54,11,84,2,ECE,1
6.7,3,4,7,3,17,12,263,5,IT,1
9.89,2,1,7,1,34,48,324,8,CIVIL,1
6.09,2,5,8,3,43,45,489,1,IT,1
8.21,0,3,4,0,97,90,429,8,CIVIL,1
6.16,4,6,7,2,100,30,155,5,CSE,1
8.29,5,0,2,3,54,11,340,4,IT,1
6.12,6,3,0,2,8,40,350,7,CIVIL,1
5.75,4,9,5,2,62,85,192,6,ECE,1
6.73,3,4,6,3,19,97,149,2,CIVIL,1
7.68,0,0,2,2,9,57,34,8,CIVIL,1
9.67,0,0,2,2,66,64,177,4,ECE,1
6.07,3,1,2,1,56,29,152,2,IT,1
8.14,1,2,3,3,100,55,21,1,ECE,1
5.88,0,7,6,0,50,66,110,1,CSE,1
7.11,3,3,3,0,97,83,272,5,ECE,1
9.5,1,4,2,3,12,99,296,6,CIVIL,1
9.6,6,7,2,0,86,36,356,4,CSE,1
6.44,5,10,4,1,91,59,281,6,ECE,1
9.33,2,10,0,3,34,19,196,4,CIVIL,1
7.83,0,5,5,3,19,16,245,8,CIVIL,1
9.14,0,1,0,3,59,90,441,6,CIVIL,1
8.08,4,5,2,0,84,27,303,5,CIVIL,1
7.61,6,3,1,2,46,22,41,5,CIVIL,1
7.81,5,9,0,2,13,90,430,6,CSE,1
8.79,0,5,5,1,84,0,359,8,CSE,1
5.81,4,10,2,0,17,82,48,6,ECE,1
8.91,2,0,6,2,67,16,394,3,CSE,1
8.69,3,1,0,0,48,20,97,5,CIVIL,1
8.36,2,10,4,0,28,1,129,1,ECE,1
7.43,5,3,0,2,11,55,342,8,ECE,1
6.12,5,5,1,2,49,46,66,1,ECE,1
5.82,0,5,0,1,98,84,135,3,CIVIL,1
7.33,2,9,6,2,95,79,185,6,CIVIL,1
8.97,6,3,5,1,58,94,258,5,MECH,1
8.17,1,8,0,1,30,28,304,8,CIVIL,1
5.59,4,2,5,2,20,43,309,7,MECH,1
8.41,2,7,4,3,27,17,87,2,CSE,1
8.05,4,5,6,1,70,68,426,6,CSE,1
7.11,3,7,6,1,58,59,250,5,CSE,1
8.75,0,7,3,1,0,72,35,7,ECE,1
8.77,3,8,8,1,78,8,354,1,ECE,1
5.65,1,2,0,3,29,10,42,4,ECE,1
9.92,3,8,8,0,99,70,276,2,CIVIL,1
5.83,2,4,3,1,77,22,482,2,CIVIL,1
7.84,2,10,7,0,42,25,480,5,CSE,1
6.08,1,0,5,0,17,23,469,6,ECE,1
9.02,4,2,5,0,0,77,458,3,CIVIL,1
6.02,4,5,3,3,58,90,311,6,CSE,1
8.79,6,3,6,1,50,91,148,5,ECE,1
8.11,0,3,2,0,55,81,171,5,CSE,1
8.87,3,7,5,0,81,14,209,2,CIVIL,1
8.85,3,3,4,2,35,86,74,8,CSE,1
6.62,1,10,4,2,5,64,334,7,ECE,1
6.8,6,0,1,3,7,58,219,4,IT,1
6.02,0,5,4,0,54,7,339,2,ECE,1
6.94,5,10,6,1,44,92,71,8,CIVIL,1
8.98,5,2,3,1,98,88,328,4,MECH,1
9.73,2,2,0,2,44,76,286,1,MECH,1
9.37,2,0,4,3,45,2,355,8,IT,1
6.08,6,1,8,2,3,25,222,8,MECH,1
9.82,5,8,0,1,0,56,56,2,CIVIL,1
6.45,0,5,6,3,83,39,295,8,ECE,1
7.61,3,9,6,3,69,21,448,3,CIVIL,1
6.14,3,5,4,1,26,73,341,5,CSE,1
5.79,0,3,2,0,46,90,109,5,IT,1
5.63,0,3,5,1,62,30,226,4,CSE,1
6.64,0,8,3,1,51,98,334,2,MECH,1
5.89,5,7,8,2,63,89,404,3,CSE,1
6.53,2,0,5,2,38,88,46,4,CIVIL,1
9.03,4,5,8,1,70,31,332,2,IT,1
7.14,5,5,4,2,72,86,184,6,MECH,1
6.93,0,9,8,0,74,10,183,2,CIVIL,1
5.55,1,2,1,3,23,83,176,1,CIVIL,1
6.01,2,10,0,2,89,94,225,5,CSE,1
8.1,0,2,2,3,14,78,381,6,CSE,1
9.67,3,6,0,3,96,94,305,8,CSE,1
9.22,0,5,1,1,21,47,426,6,CSE,1
7.5,5,9,2,2,10,65,57,2,IT,1
7.3,6,6,5,1,74,37,406,3,IT,1
5.86,0,7,2,2,87,79,231,6,IT,1
7.47,6,6,2,0,43,5,467,2,MECH,1
9.7,2,10,3,1,33,24,144,5,IT,1
9.06,2,9,8,3,8,32,183,6,CIVIL,1
6.22,4,7,4,3,2,42,64,7,CSE,1
9.0,1,6,0,3,7,20,178,3,IT,1
9.11,6,1,6,3,42,20,364,5,CIVIL,1
8.11,0,1,5,0,19,77,380,7,CSE,1
9.97,1,2,4,3,62,39,125,5,CSE,1
9.84,5,1,7,2,37,32,489,6,IT,1
7.49,5,8,5,0,70,10,37,2,IT,1
7.9,2,10,4,1,36,31,266,6,MECH,1
6.42,0,8,2,1,81,47,106,5,CIVIL,1
8.12,2,0,0,3,8,70,283,5,MECH,1
5.77,6,8,2,0,10,85,32,6,CSE,1
8.08,3,9,0,3,7,3,487,1,MECH,1
7.33,6,9,4,0,48,21,434,4,ECE,1
6.13,3,3,2,0,100,3,175,6,CSE,1
7.88,5,1,4,0,68,70,479,5,CSE,1
6.88,1,8,5,0,82,0,252,5,ECE,1
7.43,2,10,0,2,32,37,315,8,MECH,1
9.03,2,5,3,1,12,40,242,5,IT,1
9.06,2,3,7,0,70,100,65,3,ECE,1
8.46,2,3,5,1,51,83,331,4,MECH,1
9.89,1,10,5,3,39,29,221,1,IT,1
8.77,0,2,2,1,13,45,67,1,CIVIL,1
6.08,0,6,1,1,97,59,359,8,ECE,1
9.26,1,1,8,1,49,54,53,5,CSE,1
8.36,4,1,1,2,65,54,130,7,CIVIL,1
6.83,1,4,8,3,48,76,200,4,IT,1
7.34,0,3,1,3,79,31,347,2,IT,1
5.58,2,8,7,0,59,75,331,1,MECH,1
7.62,0,10,5,0,37,17,305,7,MECH,1
5.71,6,0,0,3,54,35,460,2,IT,1
8.05,1,1,3,1,67,0,1,4,IT,1
9.32,1,5,3,2,38,97,159,6,MECH,1
8.08,1,5,2,2,72,36,365,8,CIVIL,1
7.24,1,7,6,0,45,33,262,7,CIVIL,1
8.72,3,5,6,1,23,70,441,4,CIVIL,1
9.38,6,0,8,3,82,95,112,3,CIVIL,1
7.76,2,0,7,1,76,34,29,6,MECH,1
7.63,5,10,3,1,97,84,208,5,IT,1
7.91,3,3,6,1,19,72,229,8,CIVIL,1
7.71,1,8,3,0,61,42,157,8,CIVIL,1
9.51,6,4,7,2,47,95,77,3,MECH,1
7.0,4,10,6,2,43,84,166,1,MECH,1
7.78,0,6,1,1,38,28,309,7,IT,1
7.49,4,9,3,1,89,19,466,8,ECE,1
8.6,4,9,6,1,86,2,495,1,CIVIL,1
9.39,5,9,8,3,91,24,439,5,CSE,1
9.38,3,3,2,2,81,87,223,4,CIVIL,1
9.82,4,9,2,2,54,20,7,3,ECE,1
7.24,5,10,1,1,51,42,279,2,MECH,1
6.17,3,5,5,3,55,25,387,6,CIVIL,1
7.18,6,5,5,0,67,26,258,8,MECH,1
7.64,1,8,5,0,63,93,495,6,CIVIL,1
6.69,4,7,2,2,70,86,74,7,CSE,1
7.95,3,5,6,0,93,69,475,5,CSE,1
7.09,4,8,1,3,69,53,72,1,IT,1
5.9,1,1,0,1,72,69,306,5,IT,1
9.94,4,10,2,3,79,2,429,5,ECE,1
6.03,3,3,8,3,8,6,487,5,CIVIL,1
9.36,0,3,6,0,96,94,125,1,ECE,1
8.71,2,2,1,3,82,34,495,4,ECE,1
8.82,2,10,8,1,21,59,381,8,ECE,1
8.06,5,7,0,1,98,20,30,3,MECH,1
9.62,1,1,5,0,59,89,494,5,IT,1
6.04,2,4,3,1,96,18,441,1,ECE,1
8.94,4,8,0,1,59,48,421,4,IT,1
7.73,3,2,8,3,7,75,254,5,ECE,1
5.89,6,4,4,0,96,56,280,8,ECE,1
7.85,3,6,5,3,25,59,201,8,CSE,1
6.81,1,3,6,0,90,49,160,3,CSE,1
9.66,3,4,3,0,51,15,410,8,CSE,1
9.7,5,10,5,0,97,10,38,3,IT,1
9.61,0,3,8,3,25,93,192,1,ECE,1
5.8,6,10,8,3,53,15,213,1,IT,1
5.69,3,6,1,3,87,61,433,4,ECE,1
7.0,5,4,6,2,81,51,420,6,IT,1
8.33,4,5,8,2,32,35,269,2,ECE,1
7.78,3,6,6,2,6,15,382,7,MECH,1
8.0,4,6,8,0,44,94,211,1,MECH,1
9.52,5,8,5,2,99,52,272,7,CIVIL,1
8.43,4,5,6,0,26,14,498,5,MECH,1
8.14,5,8,3,0,54,52,463,3,CIVIL,1
7.74,1,7,1,3,89,69,387,1,CIVIL,1
9.54,4,8,4,1,14,80,339,5,ECE,1
8.27,3,0,4,1,7,92,229,8,MECH,1
7.26,0,4,6,0,65,41,476,3,ECE,1
8.42,5,1,7,2,76,42,404,6,MECH,1
6.2,0,3,2,0,64,13,144,7,ECE,1
7.71,0,2,8,0,96,17,306,8,CIVIL,1
7.89,1,8,1,3,5,28,183,2,MECH,1
8.49,6,3,3,0,72,54,314,8,IT,1
9.07,6,10,7,2,41,27,459,2,CIVIL,1
6.99,3,6,3,2,95,84,54,3,ECE,1
9.63,5,6,1,3,70,35,320,3,MECH,1
9.62,3,5,7,2,11,79,307,7,CIVIL,1
6.91,6,5,3,3,55,86,197,6,ECE,1
8.15,2,2,7,0,23,28,354,8,ECE,1
7.63,2,10,6,3,81,74,264,7,CIVIL,1
7.05,5,8,1,1,1,72,11,2,CSE,1
7.53,2,10,3,0,85,100,464,2,MECH,1
6.98,4,6,2,0,0,68,138,8,CIVIL,1
6.1,1,0,0,1,84,62,71,1,ECE,1
6.13,2,7,7,0,56,96,101,2,CIVIL,1
7.98,1,1,3,2,2,49,129,1,CIVIL,1
7.19,6,7,2,0,36,12,319,6,MECH,1
6.68,4,4,3,0,73,21,475,4,IT,1
7.4,6,4,3,0,57,100,163,5,IT,1
9.73,0,6,3,0,9,37,278,6,MECH,1
8.74,4,8,3,2,81,90,346,5,ECE,1
9.6,3,0,6,3,60,76,198,1,IT,1
8.18,2,1,3,0,63,11,237,2,CSE,1
8.95,0,4,3,2,65,47,39,3,CSE,1
7.81,1,9,1,3,61,93,473,7,MECH,1
9.09,6,2,6,0,68,15,254,1,IT,1
6.41,0,2,3,1,39,9,225,7,CSE,1
8.37,1,1,4,1,55,29,337,1,MECH,1
6.13,0,6,4,0,44,28,478,5,IT,1
9.34,6,7,3,0,22,82,355,2,CIVIL,1
5.59,3,3,6,2,28,90,166,6,CIVIL,1
5.78,1,7,6,3,81,35,320,6,CSE,1
8.37,0,7,7,2,58,95,441,1,CSE,1
7.33,2,6,8,3,21,37,134,3,MECH,1
7.6,5,2,4,2,63,42,321,8,IT,1
8.34,4,2,0,2,57,67,440,4,IT,1
9.43,0,10,7,2,51,93,175,6,CIVIL,1
7.13,1,3,0,2,0,25,457,7,CSE,1
8.94,3,10,8,1,15,37,33,4,ECE,1
7.83,4,7,4,1,24,62,209,3,IT,1
7.88,0,9,1,0,46,19,215,6,MECH,1
6.52,0,7,7,2,70,100,91,7,CSE,1
8.19,5,5,2,0,33,90,320,6,CIVIL,1
7.62,4,5,5,3,29,89,252,1,CIVIL,1
7.67,3,4,7,2,10,61,401,6,CIVIL,1
8.86,4,9,0,0,85,11,257,8,CSE,1
5.91,1,2,6,2,99,76,41,2,CIVIL,1
7.34,5,2,5,3,91,87,294,5,CIVIL,1
6.86,3,0,2,3,78,89,451,7,MECH,1
9.73,4,8,1,0,20,59,298,3,IT,1
9.57,6,4,7,1,29,29,298,3,IT,1
5.55,0,3,0,0,7,96,119,4,MECH,1
7.23,5,7,7,1,53,20,184,8,ECE,1
8.15,2,2,2,1,63,20,258,7,CIVIL,1
6.3,0,7,0,0,60,46,14,3,MECH,1
5.74,6,6,7,1,99,9,284,4,CSE,1
5.82,5,3,1,0,66,68,220,6,MECH,1
7.0,3,9,6,2,80,38,492,3,IT,1
7.96,1,6,4,3,73,24,191,7,CSE,1
6.31,0,4,1,2,18,79,438,4,ECE,1
6.58,2,7,2,2,43,15,216,7,IT,1
9.27,0,4,1,0,98,72,136,5,MECH,1
8.22,0,6,0,3,55,48,247,5,CSE,1
6.08,1,9,5,2,26,54,212,4,ECE,1
6.06,2,3,6,0,7,96,262,4,CIVIL,1
6.44,5,10,7,0,89,26,426,3,MECH,1
8.85,2,6,7,2,89,44,370,8,IT,1
7.84,2,8,4,3,1,37,312,1,ECE,1
5.66,4,9,5,2,40,98,490,1,CIVIL,1
8.51,6,7,8,3,88,14,488,5,MECH,1
7.56,3,3,3,3,38,98,378,7,MECH,1
9.84,6,4,8,0,19,97,426,7,MECH,1
5.95,4,4,7,3,37,97,247,5,CIVIL,1
9.54,6,5,2,3,87,36,453,2,CSE,1
8.1,0,4,5,3,24,86,468,5,CSE,1
7.88,1,9,6,3,3,12,453,5,CSE,1
8.68,3,8,8,0,25,31,394,5,ECE,1
8.92,1,3,3,3,33,43,1,2,CSE,1
8.49,4,3,3,0,10,5,328,5,ECE,1
6.4,4,2,5,2,77,79,397,3,IT,1
6.69,6,1,3,2,7,94,142,7,MECH,1
6.63,3,1,7,2,8,60,256,6,CIVIL,1
6.55,0,9,4,0,5,83,111,2,IT,1
8.3,6,3,1,3,92,24,172,4,CIVIL,1
6.73,3,9,6,1,67,38,103,3,ECE,1
8.35,6,4,0,0,10,26,254,8,CIVIL,1
9.78,6,2,8,0,23,12,156,7,MECH,1
7.51,3,7,0,3,4,20,166,2,ECE,1
6.92,4,10,7,3,95,50,483,5,CSE,1
7.3,1,2,7,1,61,95,174,4,CSE,1
7.18,3,6,1,0,9,54,60,3,MECH,1
6.2,1,10,1,1,100,39,499,1,CIVIL,1
5.94,5,7,8,0,100,77,244,1,ECE,1
9.68,4,1,1,0,52,78,471,1,CIVIL,1
7.48,3,10,2,3,14,53,325,5,MECH,1
6.21,3,4,1,0,62,91,197,6,CSE,1
6.74,4,2,5,0,73,36,239,2,CSE,1
9.98,4,9,7,0,8,9,386,4,ECE,1
6.54,0,6,6,0,96,42,183,6,CSE,1
7.39,2,5,3,2,71,3,77,1,IT,1
7.84,2,6,8,3,73,17,431,4,CSE,1
7.52,3,5,3,1,24,28,276,4,CIVIL,1
9.29,3,9,3,3,86,22,24,4,CSE,1
7.56,0,5,4,1,39,91,436,7,MECH,1
7.7,5,6,3,0,16,56,269,7,CIVIL,1
8.74,0,8,5,3,0,80,83,3,IT,1
8.76,1,6,2,1,7,5,480,1,CSE,1
7.57,5,5,2,3,46,89,488,3,CIVIL,1
7.52,3,4,3,3,62,7,197,2,IT,1
9.48,0,2,8,3,4,17,476,6,IT,1
7.14,3,7,4,3,19,64,120,5,MECH,1
8.04,3,2,7,0,51,2,313,8,MECH,1
7.8,0,6,0,1,14,5,481,1,ECE,1
9.64,5,3,5,1,13,64,181,7,CIVIL,1
5.72,3,0,7,3,1,61,144,8,ECE,1
8.99,5,8,1,0,34,75,265,5,MECH,1
6.79,1,3,2,0,73,87,267,8,MECH,1
7.26,4,4,5,3,1,78,135,8,MECH,1
7.33,5,10,8,2,52,30,390,3,CIVIL,1
9.54,4,2,5,3,31,59,197,5,IT,1
6.64,0,3,8,2,19,2,249,8,CSE,1
9.96,6,3,3,3,69,15,150,7,CIVIL,1
5.57,0,8,4,3,92,45,130,8,CSE,1
6.17,1,1,3,2,68,54,18,6,MECH,1
7.98,1,2,1,2,65,61,101,1,CSE,1
6.93,3,10,5,0,1,8,353,1,MECH,1
5.99,5,0,8,3,57,25,349,6,ECE,1
6.68,6,10,3,1,67,68,408,1,IT,1
7.45,2,9,7,2,37,95,6,2,MECH,1
8.99,1,7,2,1,87,71,368,6,IT,1
6.94,0,3,5,3,47,20,38,8,CSE,1
9.68,3,10,2,1,4,88,333,2,ECE,1
7.79,2,5,0,3,40,49,203,8,IT,1
8.65,1,0,3,2,14,35,20,5,IT,1
5.68,3,1,6,1,82,99,166,5,IT,1
7.93,6,7,3,1,15,17,457,3,CSE,1
8.52,2,3,1,3,76,37,340,7,CIVIL,1
6.56,1,6,5,2,54,58,466,3,CIVIL,1
8.58,0,10,1,1,58,24,295,2,CSE,1
7.82,6,4,0,3,100,84,114,4,ECE,1
9.21,4,0,4,0,71,8,410,2,CIVIL,1
6.16,4,2,6,3,27,3,355,3,IT,1
8.74,0,8,6,0,57,44,449,3,MECH,1
6.01,1,8,6,0,7,25,18,2,CSE,1
6.48,0,0,6,3,41,62,437,8,ECE,1
8.56,2,2,5,3,26,14,121,3,ECE,1
6.3,3,6,8,0,24,55,282,8,IT,1
6.92,3,6,6,3,39,16,259,3,CIVIL,1
6.08,0,9,1,0,69,96,334,2,MECH,1
9.26,6,9,2,0,78,37,282,1,CSE,1
6.03,5,3,5,2,98,3,330,2,ECE,1
8.14,1,4,0,1,14,78,354,8,ECE,1
7.2,2,2,4,1,72,83,445,4,CIVIL,1
6.16,5,10,3,1,98,20,372,2,IT,1
8.67,2,2,0,3,35,53,397,8,ECE,1
9.41,1,6,5,0,96,28,365,4,MECH,1
9.72,2,3,4,2,86,40,414,6,ECE,1
7.88,2,7,0,2,4,82,177,5,CSE,1
8.81,0,5,1,2,34,31,67,5,IT,1
6.93,3,2,2,1,76,78,215,6,IT,1
8.82,1,1,5,0,70,7,432,5,CIVIL,1
5.55,5,4,4,1,76,7,434,7,CSE,1
7.05,5,3,2,0,70,0,394,4,ECE,1
5.86,0,5,6,1,69,49,367,7,CIVIL,1
7.44,6,4,8,2,70,17,39,6,MECH,1
9.89,6,10,3,1,98,16,442,1,CIVIL,1
5.6,4,5,8,0,98,76,456,6,CSE,1
9.91,0,9,8,3,3,32,266,7,ECE,1
9.82,0,0,0,3,89,66,459,3,CSE,1
8.33,0,7,1,3,93,39,396,8,CIVIL,1
7.29,6,3,8,2,36,80,209,5,MECH,1
8.19,3,0,0,2,11,100,93,4,MECH,1
7.18,3,1,6,2,16,81,317,3,MECH,1
8.49,1,8,5,0,69,3,222,1,ECE,1
5.67,5,1,0,3,2,67,47,7,IT,1
8.8,0,0,8,1,83,70,417,2,ECE,1
5.8,1,4,4,1,93,38,115,3,CIVIL,1
6.48,1,10,4,1,99,0,39,1,ECE,1
5.65,0,1,2,1,27,3,2,1,MECH,1
6.23,6,9,8,2,47,91,456,8,CSE,1
8.08,3,6,5,3,27,91,118,3,MECH,1
9.47,3,10,7,3,92,12,367,3,ECE,1
9.1,4,7,0,1,56,48,125,6,CIVIL,1
9.47,1,7,6,0,67,53,82,8,MECH,1
8.59,6,5,5,1,35,71,334,3,IT,1
8.98,4,6,5,1,64,61,342,8,ECE,1
9.32,6,1,1,2,41,97,69,7,CSE,1
6.21,2,4,2,2,52,64,354,3,CSE,1
6.96,6,5,4,0,37,7,365,2,ECE,1
9.49,4,3,4,1,13,85,16,4,IT,1
8.84,5,9,4,2,12,61,139,5,CSE,1
8.66,2,10,8,2,29,56,53,8,MECH,1
6.22,1,2,3,2,89,52,276,4,IT,1
7.39,0,8,8,2,55,59,59,8,IT,1
7.37,5,10,8,2,72,69,442,5,ECE,1
7.8,6,1,1,0,13,87,496,6,CIVIL,1
5.7,3,10,0,1,6,23,79,6,CSE,1
8.24,6,7,2,0,76,26,270,7,MECH,1
8.38,6,3,4,0,85,30,276,8,CSE,1
6.92,6,5,0,0,52,37,439,8,CSE,1
6.29,5,8,3,1,27,67,36,8,IT,1
5.7,4,1,2,0,6,69,234,8,ECE,1
8.85,6,4,3,0,74,22,336,5,IT,1
6.75,1,4,6,1,96,87,219,7,ECE,1
8.5,0,6,3,3,68,54,336,6,ECE,1
8.87,4,7,2,1,72,53,418,2,MECH,1
9.5,2,5,8,0,84,3,189,7,CSE,1
5.94,6,3,4,2,10,56,428,7,CIVIL,1
7.79,0,7,4,3,82,93,227,5,ECE,1
8.62,1,2,1,1,66,38,200,8,IT,1
8.68,2,0,5,1,97,98,95,2,IT,1
8.52,5,4,5,2,1,55,0,6,MECH,1
7.5,5,3,3,3,67,54,304,4,MECH,1
6.25,1,2,5,3,23,85,308,5,IT,1
9.78,6,8,0,0,29,25,59,7,CSE,1
5.79,4,3,3,3,56,35,151,4,IT,1
5.98,2,8,6,0,5,25,223,4,MECH,1
6.71,3,7,7,3,10,7,5,5,CIVIL,1
5.92,2,7,8,0,42,36,252,4,CIVIL,1
8.47,2,0,8,3,71,94,446,2,ECE,1
8.73,1,5,7,0,97,100,480,8,ECE,1
7.59,1,7,4,1,8,22,197,8,IT,1
6.0,6,1,2,0,13,2,482,8,ECE,1
7.25,2,6,4,0,32,38,147,5,MECH,1
9.99,2,0,7,2,51,57,85,3,CSE,1
6.21,1,6,7,0,73,59,421,6,ECE,0
7.75,5,2,8,0,27,93,334,4,ECE,1
6.21,0,3,0,0,59,19,58,1,CIVIL,1
7.76,2,5,1,2,36,27,130,1,CSE,1
8.23,2,8,6,3,89,62,101,4,MECH,1
5.95,3,7,7,2,64,20,40,6,ECE,1
6.9,6,9,8,0,76,62,366,6,IT,1
9.7,1,9,6,3,13,34,301,8,MECH,1
9.98,0,8,4,0,41,55,237,8,MECH,1
6.93,5,7,8,0,63,80,73,5,MECH,1
7.45,4,0,1,2,32,57,306,4,CSE,1
5.53,4,6,8,2,61,98,351,8,ECE,1
5.57,2,5,2,1,98,68,32,7,MECH,1
7.99,1,0,8,3,42,64,28,1,IT,1
7.11,1,9,1,1,42,85,286,5,CSE,1
5.95,2,3,2,1,35,30,484,2,IT,1
9.03,1,5,1,2,18,17,340,4,MECH,1
7.18,4,3,7,2,41,89,277,5,MECH,1
8.89,1,9,6,2,46,26,254,7,ECE,1
6.95,0,0,2,1,15,72,134,3,CSE,1
8.8,4,2,8,2,66,15,412,5,CSE,1
8.1,4,5,3,2,85,54,39,6,CSE,1
7.94,1,1,7,2,22,63,248,7,CSE,1
5.7,2,6,0,3,54,73,263,7,IT,1
5.61,4,9,2,0,8,48,231,7,IT,1
6.08,1,6,3,3,32,10,42,3,IT,1
7.3,1,8,3,1,67,31,388,4,IT,1
6.21,3,3,8,0,16,40,217,6,MECH,1
8.59,1,0,4,1,63,31,313,5,ECE,1
8.92,3,10,6,1,76,66,443,6,ECE,1
7.69,4,10,3,3,12,12,223,1,IT,1
6.64,1,0,0,1,49,18,437,7,CSE,1
5.87,1,0,4,2,39,40,462,5,CSE,1
7.48,5,8,3,0,52,57,239,3,ECE,1
8.49,4,5,3,0,95,66,448,6,CIVIL,1
9.19,5,9,0,0,11,73,309,4,IT,1
7.26,5,10,7,1,93,62,382,2,CSE,1
9.91,5,0,8,1,100,51,308,5,ECE,1
9.85,1,9,8,1,59,89,178,8,IT,1
8.68,6,9,1,2,25,43,26,1,ECE,1
7.3,0,4,1,3,23,67,246,3,MECH,1
9.64,3,7,8,1,64,58,270,4,CSE,1
6.99,1,8,3,0,64,28,232,4,CIVIL,1
6.4,6,2,2,1,31,33,277,5,MECH,1
9.48,4,1,1,3,100,11,146,8,CSE,1
9.18,2,2,5,2,58,63,274,5,CSE,1
6.44,4,7,5,2,58,96,299,7,CSE,1
7.89,5,2,4,2,34,74,193,6,CIVIL,1
6.53,1,9,7,2,90,2,330,2,CIVIL,1
8.36,4,5,4,2,76,49,108,2,CSE,1
7.45,4,2,6,3,40,62,307,8,MECH,1
9.15,1,5,7,2,91,43,146,5,CSE,1
9.19,6,0,2,3,96,93,118,4,ECE,1
5.76,1,2,5,2,19,51,96,1,CIVIL,1
6.97,6,7,5,1,10,92,312,1,ECE,1
5.67,0,7,6,3,22,55,424,2,MECH,1
9.25,5,7,6,2,83,92,482,3,CSE,1
7.09,3,5,4,3,93,95,297,2,ECE,1
6.44,3,1,6,3,19,41,76,1,CSE,1
6.25,1,8,1,2,81,1,159,1,CSE,1
6.9,2,0,3,2,34,40,17,8,CSE,1
9.41,2,9,7,3,0,34,185,7,ECE,1
6.69,5,10,7,2,47,9,186,3,CIVIL,1
9.64,0,1,4,0,5,56,36,4,IT,1
7.6,0,2,3,0,27,72,114,7,ECE,1
8.24,4,7,0,2,50,96,464,2,IT,1
6.07,1,5,3,0,16,90,467,5,CIVIL,1
5.91,1,3,3,3,12,96,357,3,CIVIL,1
9.5,4,6,7,1,2,2,439,3,CIVIL,1
8.47,2,1,1,2,7,36,150,1,ECE,1
7.28,3,6,5,3,6,60,362,4,CIVIL,1
9.53,2,0,2,0,13,91,279,3,ECE,1
8.92,2,8,7,3,75,55,100,1,IT,1
7.68,6,4,8,2,46,80,431,3,IT,1
9.0,3,1,1,0,73,91,280,2,IT,1
7.38,0,6,7,0,60,50,453,5,CIVIL,1
5.54,5,9,7,2,66,34,212,1,IT,1
5.55,4,10,0,0,28,7,168,5,ECE,1
7.95,5,0,6,3,21,42,246,2,IT,1
8.95,2,6,7,0,51,45,61,5,CSE,1
9.7,0,4,3,1,74,56,86,1,ECE,1
7.18,2,8,8,3,11,7,166,4,MECH,1
8.55,1,9,7,2,97,29,159,4,CIVIL,1
7.38,0,9,7,0,31,14,361,3,CSE,1
6.65,6,8,3,2,75,11,60,3,ECE,1
6.62,1,4,0,1,53,14,458,6,CSE,1
7.14,2,3,6,0,18,52,180,1,ECE,1
6.55,3,6,3,0,37,61,420,2,CIVIL,1
7.84,6,3,3,3,76,18,41,7,MECH,1
6.09,0,5,6,0,74,19,416,3,CIVIL,1
7.58,3,8,2,3,56,67,303,3,CIVIL,1
6.74,5,8,3,2,28,80,332,7,ECE,1
9.33,1,0,5,1,59,89,50,5,CIVIL,1
9.88,1,5,5,1,92,46,290,2,MECH,1
6.24,1,5,2,2,45,9,474,6,MECH,1
9.6,5,1,4,1,84,72,135,8,IT,1
9.77,4,6,0,2,20,0,498,7,IT,1
8.07,0,8,5,1,37,54,197,1,CSE,1
7.6,3,9,1,0,95,52,14,7,CSE,1
6.65,1,2,7,1,18,31,456,7,CSE,1
6.44,3,7,4,0,90,40,490,2,IT,1
9.71,2,10,5,1,15,66,79,8,CIVIL,1
6.61,6,3,2,3,13,54,84,4,ECE,1
9.32,1,8,0,1,1,59,181,1,IT,1
8.65,0,1,7,3,77,71,67,2,MECH,1
9.94,3,8,2,1,29,40,423,7,IT,1
5.63,2,6,2,1,63,77,7,6,CSE,1
9.62,4,3,7,3,25,66,485,6,CIVIL,1
8.78,0,3,0,1,14,41,373,7,MECH,1
7.53,4,0,6,1,13,88,383,7,CSE,1
7.21,3,9,0,2,26,65,8,6,ECE,1
9.09,3,5,7,2,50,79,213,7,CSE,1
6.41,3,2,5,3,41,19,126,6,MECH,1
6.02,3,4,3,2,27,10,120,3,MECH,1
7.86,0,8,8,1,63,37,271,7,MECH,1
8.57,4,5,0,0,88,15,251,2,CSE,1
8.31,5,7,6,0,88,38,101,8,ECE,1
6.02,0,2,6,3,18,24,30,4,IT,1
7.48,5,9,1,1,50,8,155,6,CSE,1
6.55,2,1,5,1,32,70,264,3,MECH,1
7.91,0,10,2,3,91,28,357,6,MECH,1
7.43,1,7,6,2,20,25,176,6,CIVIL,1
8.02,5,4,5,3,96,78,347,4,IT,1
9.99,0,8,2,2,38,18,147,5,CSE,1
8.39,2,2,8,0,46,23,414,1,MECH,1
9.26,2,5,5,0,21,31,143,1,CIVIL,1
9.96,3,8,5,0,68,92,207,4,ECE,1
6.66,1,8,1,3,58,37,54,6,MECH,1
9.16,2,7,8,0,1,20,168,3,MECH,1
5.86,5,2,4,1,57,95,403,3,CIVIL,1
5.55,4,4,0,1,7,99,499,3,CSE,1
6.99,3,2,4,3,7,75,82,3,CIVIL,0
8.19,0,7,0,3,58,34,346,1,CIVIL,1
9.24,0,1,0,2,8,96,192,7,CIVIL,1
8.05,6,1,3,1,71,3,171,6,MECH,1
9.26,2,10,8,3,7,6,443,1,ECE,1
9.79,3,5,6,0,18,29,454,8,CSE,1
7.83,1,4,7,1,79,80,214,7,IT,1
6.13,0,5,2,0,65,20,26,7,ECE,1
8.56,6,10,3,1,85,43,163,7,IT,1
9.67,5,4,1,2,98,72,91,6,CIVIL,1
6.4,6,0,2,2,73,80,317,6,IT,1
8.49,2,8,6,2,38,49,76,4,ECE,1
9.59,0,7,3,1,90,57,375,8,CIVIL,1
6.28,1,10,1,3,73,87,136,7,CSE,1
7.5,1,0,2,2,13,92,460,7,ECE,1
6.61,0,2,2,2,13,41,229,8,CIVIL,1
5.92,6,10,4,2,65,39,298,8,CIVIL,1
5.99,4,4,0,0,74,7,9,4,CIVIL,1
9.3,6,9,1,2,51,15,347,1,CSE,1
6.88,3,3,6,0,33,34,411,4,IT,1
8.5,6,4,6,3,55,16,208,2,CIVIL,1
8.54,0,8,0,2,54,12,162,8,CSE,1
8.18,2,0,5,0,11,66,28,8,MECH,1
6.73,6,6,7,2,72,10,326,5,MECH,1
6.65,6,9,3,3,24,98,500,4,CSE,1
7.59,1,8,2,1,24,26,384,6,IT,1
5.94,3,9,0,1,65,81,433,8,CIVIL,1
8.49,6,4,7,0,32,66,6,2,CIVIL,1
8.44,3,1,0,3,3,57,443,8,CIVIL,1
9.83,2,2,6,2,60,71,187,6,IT,1
5.78,1,7,7,2,17,89,496,3,CSE,1
7.14,3,10,6,0,4,92,407,7,CSE,1
6.58,4,5,8,0,72,49,283,8,IT,1
5.84,4,4,7,0,85,42,96,7,MECH,1
8.05,6,2,6,0,98,74,241,5,CSE,1
8.15,3,5,4,3,22,58,233,4,IT,1
7.53,4,0,5,3,28,93,252,6,IT,1
8.93,6,2,6,3,86,81,456,6,MECH,1
6.95,5,1,3,1,79,96,164,2,CSE,1
7.35,1,5,4,1,97,90,69,6,MECH,1
7.57,4,1,7,1,89,47,384,8,MECH,1
9.49,0,5,3,1,32,49,122,4,IT,1
6.03,2,8,8,2,74,5,98,8,MECH,1
7.92,4,8,1,0,94,7,99,2,ECE,1
6.65,6,2,2,3,20,56,232,2,IT,1
9.44,5,4,3,1,90,3,154,5,MECH,1
7.04,3,8,8,0,20,29,173,2,CIVIL,1
6.85,0,2,0,2,77,14,259,3,MECH,0
6.36,6,7,5,2,7,22,55,6,CIVIL,1
5.6,3,2,2,2,6,19,427,2,IT,1
5.68,2,5,7,3,50,45,139,7,ECE,1
6.9,1,9,6,2,30,24,11,5,CSE,1
9.73,2,7,5,2,77,42,471,2,ECE,1
9.71,5,5,3,3,7,38,125,3,MECH,1
5.59,2,10,5,2,47,0,433,1,MECH,1
6.73,3,2,0,0,54,89,120,6,CSE,1
9.06,0,6,4,1,97,21,269,1,MECH,1
7.39,0,6,6,2,32,4,190,1,ECE,1
7.16,5,3,1,1,47,91,261,5,MECH,1
8.21,4,3,3,2,1,22,284,8,CIVIL,1
9.65,0,5,7,2,55,87,419,8,ECE,1
6.08,2,0,4,1,45,88,457,7,MECH,1
9.41,1,4,3,2,82,27,352,5,CSE,1
7.9,4,9,7,0,25,86,264,5,CSE,1
8.89,0,2,7,1,75,59,436,1,ECE,1
6.39,5,6,2,0,54,64,130,8,ECE,1
8.77,2,9,6,3,73,85,361,8,CIVIL,1
9.05,5,7,5,1,18,75,297,6,ECE,1
9.17,4,5,5,3,4,55,277,2,ECE,1
9.01,3,2,7,3,73,12,329,6,IT,1
6.2,6,1,7,2,98,71,198,2,CSE,1
5.8,5,5,3,1,75,65,164,4,MECH,1
8.5,0,7,3,2,80,28,233,8,ECE,1
8.35,1,5,6,3,53,43,52,6,IT,1
6.7,4,6,1,3,2,41,160,8,MECH,1
6.03,0,10,8,0,1,57,289,7,ECE,1
6.88,5,10,6,0,17,9,58,3,IT,1
6.05,0,2,7,1,35,47,495,2,IT,1
9.52,2,5,1,2,23,50,92,7,ECE,1
6.22,5,0,8,2,3,38,433,7,IT,1
6.99,5,4,4,1,57,8,470,2,IT,1
7.12,2,3,1,0,21,58,68,2,CSE,1
7.04,0,1,0,3,22,96,15,6,CSE,1
9.35,5,7,7,0,25,58,286,7,ECE,1
7.34,2,0,6,2,35,65,160,5,MECH,1
6.12,3,10,6,2,98,86,444,2,MECH,1
8.83,2,2,2,2,47,82,348,5,CSE,1
8.65,1,1,3,0,62,3,100,1,IT,1
7.06,2,6,8,3,22,80,198,6,IT,1
7.73,6,1,5,1,93,48,193,3,MECH,1
8.96,4,5,5,2,21,37,222,5,IT,1
7.92,3,7,7,3,17,46,12,6,ECE,1
8.31,0,5,1,1,67,74,103,3,ECE,1
9.35,6,8,3,0,18,29,144,6,CSE,1
